id,price,qty,quoteQty,time,isBuyerMaker,isBestMatch
4000000001,64999.79,0.04507288,2929.72773470,1704153600031,false,true
4000000002,64999.61,0.02036079,1323.44340929,1704153600042,true,true
4000000003,64999.30,0.05360026,3483.97937982,1704153600129,false,true
4000000004,65000.24,0.05342759,3472.80617262,1704153600227,true,true
4000000005,65000.59,0.10980120,7137.14278271,1704153600227,true,true
4000000006,65001.35,0.02090307,1358.72776914,1704153600248,false,true
4000000007,65002.60,0.04327803,2813.18447288,1704153600260,false,true
4000000008,65003.72,0.02563836,1666.58877470,1704153600423,true,true
4000000009,64999.97,0.03473989,2258.09180780,1704153600523,false,true
4000000010,65000.92,0.02406066,1563.96503581,1704153600630,true,true
4000000011,65000.80,0.04191665,2724.61578332,1704153600672,false,true
4000000012,65001.71,0.06167965,4009.28272220,1704153600712,false,true
4000000013,65000.81,0.03251171,2113.28748449,1704153600741,false,true
4000000014,65000.45,0.20305473,13198.64882463,1704153600858,true,true
4000000015,65001.55,0.11734672,7627.71868742,1704153600917,false,true
4000000016,65003.59,0.04725727,3071.89220360,1704153601061,true,true
4000000017,65004.95,0.02102718,1366.87078454,1704153601065,false,true
4000000018,65004.50,0.07718477,5017.35738146,1704153601422,false,true
4000000019,65005.39,0.03468755,2254.87771589,1704153601484,true,true
4000000020,65006.75,0.03558497,2313.26324855,1704153601519,false,true
4000000021,65005.71,0.04192273,2725.21682879,1704153601804,true,true
4000000022,65004.90,0.06416639,4171.12976531,1704153601893,true,true
4000000023,65005.27,0.05530175,3594.90519022,1704153602016,false,true
4000000024,65005.66,0.02726098,1772.11799715,1704153602076,false,true
4000000025,65007.42,0.04911080,3192.56640214,1704153602322,true,true
4000000026,65009.70,0.05357563,3482.93563361,1704153602418,true,true
4000000027,65009.48,0.11745034,7635.38552922,1704153602489,false,true
4000000028,65006.08,0.07660034,4979.48783007,1704153602527,true,true
4000000029,65005.18,0.04993073,3245.75609118,1704153602782,true,true
4000000030,65004.57,0.11319295,7358.05904178,1704153602802,true,true
4000000031,65004.71,0.02374209,1543.34767524,1704153602896,true,true
4000000032,65005.98,0.05009552,3256.50837121,1704153603226,false,true
4000000033,65007.94,0.02287546,1487.08653115,1704153603233,false,true
4000000034,65010.44,0.01823738,1185.62009825,1704153603316,false,true
4000000035,65012.64,0.07666569,4984.23890432,1704153603333,true,true
4000000036,65010.85,0.05622023,3654.92493950,1704153603590,false,true
4000000037,65009.97,0.06059777,3939.45920977,1704153603753,true,true
4000000038,65010.34,0.08197374,5329.14070847,1704153603884,true,true
4000000039,65008.74,0.06580746,4278.06005720,1704153603915,false,true
4000000040,65007.74,0.09869691,6416.06306408,1704153603946,false,true
4000000041,65009.57,0.07206629,4684.99852440,1704153604240,false,true
4000000042,65009.92,0.04186476,2721.62469842,1704153604378,false,true
4000000043,65010.09,0.06828223,4439.03391770,1704153604483,true,true
4000000044,65007.62,0.05984015,3890.06573194,1704153604509,true,true
4000000045,65008.87,0.07199261,4680.15822445,1704153604587,false,true
4000000046,65008.59,0.02053658,1335.05410922,1704153604599,true,true
4000000047,65007.52,0.06842857,4448.37163285,1704153604634,true,true
4000000048,65008.09,0.09193318,5976.40043943,1704153604674,false,true
4000000049,65008.09,0.19473296,12659.21778965,1704153604920,false,true
4000000050,65007.65,0.04708265,3060.73243227,1704153605146,true,true
4000000051,65010.86,0.03834922,2493.11577253,1704153605168,true,true
4000000052,65009.87,0.05191007,3374.66690239,1704153605175,false,true
4000000053,65006.85,0.16625182,10807.50712497,1704153605366,false,true
4000000054,65005.41,0.05959338,3873.89210019,1704153606039,true,true
4000000055,65003.27,0.03602155,2341.51854047,1704153606082,false,true
4000000056,65005.12,0.04285471,2785.77556612,1704153606254,true,true
4000000057,65006.90,0.06611665,4298.03845488,1704153606493,true,true
4000000058,65008.90,0.17910136,11643.18240210,1704153606518,false,true
4000000059,65007.12,0.03014675,1959.75339486,1704153606533,false,true
4000000060,65007.95,0.03752840,2439.64435078,1704153606653,true,true
4000000061,65006.29,0.07355758,4781.70537718,1704153606994,true,true
4000000062,65006.93,0.12461521,8100.85223341,1704153607056,false,true
4000000063,65006.36,0.03198863,2079.46439769,1704153607230,false,true
4000000064,65007.78,0.06698453,4354.51558964,1704153607923,true,true
4000000065,65008.67,0.06013415,3909.24111308,1704153608261,false,true
4000000066,65010.83,0.02159227,1403.73139428,1704153608282,false,true
4000000067,65011.95,0.02226364,1447.40265050,1704153608827,true,true
4000000068,65011.85,0.04699781,3055.41457405,1704153608871,true,true
4000000069,65010.10,0.01485291,965.58916439,1704153608886,false,true
4000000070,65011.52,0.08035870,5224.24123222,1704153609002,false,true
4000000071,65011.32,0.03363345,2186.55498065,1704153609040,true,true
4000000072,65008.22,0.05491676,3570.04081577,1704153609052,true,true
4000000073,65007.20,0.06249617,4062.70102242,1704153609236,false,true
4000000074,65006.47,0.03506329,2279.34070949,1704153609336,true,true
4000000075,65006.29,0.05186957,3371.84830960,1704153609604,false,true
4000000076,65007.77,0.03259810,2119.12978724,1704153609713,true,true
4000000077,65008.22,0.06428108,4178.79859048,1704153609999,false,true
4000000078,65009.03,0.01596480,1037.85616214,1704153610028,true,true
4000000079,65009.03,0.06612070,4298.44256992,1704153610297,true,true
4000000080,65007.37,0.07948732,5167.26162155,1704153610629,false,true
4000000081,65009.95,0.01456616,946.94533329,1704153610895,true,true
4000000082,65012.26,0.05820857,3784.27068707,1704153611228,false,true
4000000083,65013.18,0.01607610,1045.15838300,1704153611266,true,true
4000000084,65013.34,0.03782258,2458.97225322,1704153611510,true,true
4000000085,65013.79,0.14849273,9654.07516475,1704153611555,false,true
4000000086,65014.08,0.03305595,2149.10217778,1704153611581,false,true
4000000087,65012.73,0.14391641,9356.39870590,1704153611621,true,true
4000000088,65011.82,0.03123082,2030.37244829,1704153611717,true,true
4000000089,65012.48,0.04476153,2910.05807389,1704153611741,true,true
4000000090,65013.57,0.04479500,2912.28286815,1704153611812,false,true
4000000091,65013.40,0.02984916,1940.59537874,1704153611901,true,true
4000000092,65011.99,0.08405748,5464.74404919,1704153612055,false,true
4000000093,65015.26,0.05073198,3298.35287001,1704153612213,true,true
4000000094,65015.15,0.02046994,1330.85621959,1704153612222,false,true
4000000095,65014.49,0.03153088,2049.96408245,1704153612457,false,true
4000000096,65014.26,0.03038852,1975.68714030,1704153612522,false,true
4000000097,65013.28,0.06676182,4340.40489697,1704153612590,false,true
4000000098,65015.29,0.03593579,2336.37580823,1704153612709,true,true
4000000099,65014.72,0.10248078,6662.75921708,1704153612751,false,true
4000000100,65013.01,0.07003667,4553.29472708,1704153612829,true,true
4000000101,65012.08,0.05796964,3768.72687325,1704153613118,false,true
4000000102,65012.33,0.03520919,2289.03147931,1704153613208,false,true
4000000103,65011.46,0.03344870,2174.54882210,1704153613381,true,true
4000000104,65010.98,0.03424002,2225.97725542,1704153613384,false,true
4000000105,65011.03,0.09878362,6422.02488333,1704153613393,true,true
4000000106,65009.30,0.07710228,5012.36525120,1704153613541,false,true
4000000107,65008.23,0.05079886,3302.34397462,1704153613541,true,true
4000000108,65008.24,0.01787315,1161.90202476,1704153613610,false,true
4000000109,65009.86,0.19282203,12535.33317522,1704153613616,true,true
4000000110,65009.87,0.16034605,10424.07586551,1704153613818,false,true
4000000111,65007.76,0.01062363,690.61838937,1704153614192,true,true
4000000112,65009.29,0.02969583,1930.50482426,1704153614279,true,true
4000000113,65010.17,0.02581217,1678.05355977,1704153614449,true,true
4000000114,65009.07,0.05382121,3498.86680837,1704153614575,false,true
4000000115,65009.24,0.02422348,1574.75002496,1704153614615,true,true
4000000116,65010.28,0.06294736,4092.22549886,1704153614663,false,true
4000000117,65009.52,0.04607556,2995.35003933,1704153614811,false,true
4000000118,65009.38,0.04050979,2633.51633183,1704153614908,false,true
4000000119,65008.54,0.06145063,3994.81573838,1704153615202,false,true
4000000120,65006.63,0.03136265,2038.78018437,1704153615383,true,true
4000000121,65006.52,0.05227805,3398.41410289,1704153615558,false,true
4000000122,65008.67,0.01531837,995.82686027,1704153615730,false,true
4000000123,65006.80,0.03960045,2574.29853306,1704153615760,false,true
4000000124,65006.48,0.05293981,3441.43069997,1704153615902,false,true
4000000125,65005.77,0.06130508,3985.18393031,1704153615919,false,true
4000000126,65005.53,0.04535609,2948.39666918,1704153616022,false,true
4000000127,65007.56,0.05785338,3760.90707155,1704153616099,false,true
4000000128,65008.89,0.05998155,3899.33398598,1704153616148,false,true
4000000129,65008.99,0.02787338,1812.02028169,1704153616370,true,true
4000000130,65008.98,0.06407450,4165.41788901,1704153616466,false,true
4000000131,65010.31,0.04998388,3249.46753380,1704153616655,true,true
4000000132,65008.92,0.02202844,1432.04509368,1704153616682,true,true
4000000133,65009.74,0.05225219,3396.90128633,1704153616820,false,true
4000000134,65008.82,0.04241209,2757.15992463,1704153617002,true,true
4000000135,65009.79,0.10203337,6633.16795669,1704153617017,true,true
4000000136,65011.35,0.01224412,796.00677076,1704153617020,false,true
4000000137,65010.53,0.11523433,7491.44486749,1704153617083,true,true
4000000138,65010.41,0.03961503,2575.38934246,1704153617206,true,true
4000000139,65012.39,0.09264946,6023.36282681,1704153617320,true,true
4000000140,65015.37,0.16404195,10665.24807477,1704153617373,true,true
4000000141,65014.13,0.06427381,4178.70583894,1704153617425,true,true
4000000142,65015.69,0.02024542,1316.26995064,1704153617829,false,true
4000000143,65013.92,0.02140957,1391.92007121,1704153617900,true,true
4000000144,65013.54,0.01062608,690.83907712,1704153618106,false,true
4000000145,65011.94,0.04244384,2759.35637945,1704153618270,false,true
4000000146,65011.62,0.16020638,10415.27629814,1704153618281,true,true
4000000147,65012.41,0.03690276,2399.13736325,1704153618398,false,true
4000000148,65012.16,0.05524689,3591.71965218,1704153618423,true,true
4000000149,65012.76,0.14183167,9220.86832211,1704153618688,false,true
4000000150,65012.41,0.03156494,2052.11282091,1704153619057,false,true
4000000151,65014.37,0.08166125,5309.15472216,1704153619234,false,true
4000000152,65013.62,0.02235271,1453.23059391,1704153619430,false,true
4000000153,65014.47,0.06320756,4109.40601339,1704153619475,true,true
4000000154,65013.06,0.03583506,2329.74690588,1704153619544,true,true
4000000155,65013.03,0.02920763,1898.87652542,1704153619583,true,true
4000000156,65013.02,0.06778057,4406.61955302,1704153619598,false,true
4000000157,65010.65,0.03983736,2589.85266788,1704153619628,false,true
4000000158,65008.36,0.05501082,3576.16319046,1704153619720,true,true
4000000159,65008.22,0.06551618,4259.09024300,1704153619752,false,true
4000000160,65008.32,0.05479071,3561.85200871,1704153619792,true,true
4000000161,65010.12,0.04423521,2875.73631033,1704153619808,true,true
4000000162,65011.25,0.02994060,1946.47583175,1704153619914,true,true
4000000163,65009.73,0.05657610,3677.99698545,1704153619920,false,true
4000000164,65011.25,0.03903761,2537.88382311,1704153619984,true,true
4000000165,65013.05,0.07307587,4750.88519010,1704153620004,false,true
4000000166,65011.92,0.04108323,2670.89966210,1704153620019,true,true
4000000167,65012.10,0.02211224,1437.56315810,1704153620050,true,true
4000000168,65010.55,0.04556828,2962.41894535,1704153620295,false,true
4000000169,65011.77,0.04842234,3148.02203094,1704153620412,true,true
4000000170,65011.55,0.01167889,759.26274118,1704153620441,false,true
4000000171,65011.10,0.03716552,2416.17133727,1704153620450,false,true
4000000172,65012.67,0.05055496,3286.71293134,1704153620493,true,true
4000000173,65012.93,0.12719778,8269.50036730,1704153620568,true,true
4000000174,65011.68,0.01421393,924.07146870,1704153620690,true,true
4000000175,65009.91,0.01527801,993.22205508,1704153620788,false,true
4000000176,65008.03,0.01750064,1137.68213014,1704153620797,true,true
4000000177,65008.65,0.07797271,5068.90061394,1704153620902,true,true
4000000178,65008.47,0.06750345,4388.29600422,1704153621052,true,true
4000000179,65010.05,0.03897321,2533.65033076,1704153621062,false,true
4000000180,65011.53,0.05856837,3807.61934331,1704153621098,false,true
4000000181,65014.61,0.11497271,7474.90590129,1704153621205,true,true
4000000182,65019.99,0.02435723,1583.70685103,1704153621244,true,true
4000000183,65022.32,0.06433907,4183.47559804,1704153621375,false,true
4000000184,65023.10,0.04130292,2685.64389745,1704153621500,true,true
4000000185,65022.47,0.05068662,3295.76922835,1704153621550,false,true
4000000186,65021.11,0.01769339,1150.44385746,1704153621697,false,true
4000000187,65020.29,0.20367149,13242.77934453,1704153621796,true,true
4000000188,65019.09,0.05786117,3762.08061974,1704153622235,false,true
4000000189,65017.67,0.07523293,4891.46981587,1704153622368,true,true
4000000190,65016.24,0.04244390,2759.54278894,1704153622424,false,true
4000000191,65016.32,0.02158265,1403.22447885,1704153622452,true,true
4000000192,65013.19,0.03290047,2138.96450720,1704153622601,false,true
4000000193,65015.98,0.15251687,9916.03376958,1704153622635,true,true
4000000194,65016.97,0.09451839,6145.29932708,1704153622647,true,true
4000000195,65020.13,0.04687817,3048.02470756,1704153622662,false,true
4000000196,65020.96,0.02708657,1761.19478451,1704153622750,true,true
4000000197,65020.56,0.15418878,10025.44082132,1704153622784,true,true
4000000198,65019.22,0.04147862,2696.90751908,1704153622872,true,true
4000000199,65021.30,0.02192968,1425.89630218,1704153623067,false,true
4000000200,65018.42,0.10201001,6632.52967438,1704153623281,true,true
4000000201,65018.17,0.08199015,5330.84951103,1704153624132,true,true
4000000202,65017.36,0.05111919,3323.63477914,1704153624184,true,true
4000000203,65015.66,0.03930136,2555.20385930,1704153624232,false,true
4000000204,65016.49,0.11812945,7680.36220463,1704153624265,true,true
4000000205,65016.56,0.04189102,2723.61001529,1704153624417,true,true
4000000206,65017.09,0.02887303,1877.24039008,1704153624631,true,true
4000000207,65018.75,0.04595477,2987.92170194,1704153624718,false,true
4000000208,65016.31,0.02609660,1696.70463555,1704153624790,true,true
4000000209,65014.75,0.04489810,2919.03874698,1704153624855,true,true
4000000210,65014.28,0.03752200,2439.46581416,1704153625290,false,true
4000000211,65013.12,0.10936454,7110.12996276,1704153625528,true,true
4000000212,65014.82,0.01931708,1255.89647913,1704153625575,false,true
4000000213,65014.35,0.01851794,1203.93183244,1704153625579,true,true
4000000214,65016.19,0.07117999,4627.85175404,1704153626324,true,true
4000000215,65016.16,0.02636481,1714.13870533,1704153626449,false,true
4000000216,65017.24,0.03136284,2039.12529536,1704153626741,true,true
4000000217,65019.69,0.06782661,4410.06515595,1704153626799,false,true
4000000218,65020.77,0.08976378,5836.51009371,1704153626995,true,true
4000000219,65021.05,0.06188487,4023.81922651,1704153627115,true,true
4000000220,65021.23,0.18777328,12209.24962673,1704153627192,false,true
4000000221,65021.20,0.07924935,5152.88783622,1704153627396,false,true
4000000222,65022.95,0.02957529,1923.07260291,1704153627468,false,true
4000000223,65021.87,0.09663080,6283.11531560,1704153627537,true,true
4000000224,65021.87,0.15936814,10362.41448122,1704153627597,false,true
4000000225,65020.82,0.05237982,3405.77884785,1704153627703,true,true
4000000226,65022.02,0.04886125,3177.05717473,1704153627837,true,true
4000000227,65021.74,0.10755818,6993.62001483,1704153628007,true,true
4000000228,65023.60,0.06410586,4168.39379830,1704153628300,false,true
4000000229,65023.02,0.14244085,9261.93423837,1704153628354,true,true
4000000230,65021.72,0.02656486,1727.29288876,1704153628513,true,true
4000000231,65020.24,0.01906915,1239.88070960,1704153628805,true,true
4000000232,65019.49,0.03317544,2157.05018933,1704153628913,false,true
4000000233,65019.42,0.03858399,2508.70865109,1704153629085,false,true
4000000234,65019.76,0.06650320,4324.02210323,1704153629529,true,true
4000000235,65016.65,0.03871784,2517.30425204,1704153629566,true,true
4000000236,65017.39,0.02706856,1759.92712226,1704153629737,true,true
4000000237,65017.02,0.06432236,4182.04816657,1704153629755,true,true
4000000238,65019.80,0.03899257,2535.28910289,1704153630243,true,true
4000000239,65022.33,0.04006984,2605.43435953,1704153630438,false,true
4000000240,65024.10,0.05335770,3469.53642057,1704153630577,false,true
4000000241,65023.21,0.02476818,1610.50656946,1704153630929,true,true
4000000242,65024.02,0.06586690,4282.93062294,1704153631198,false,true
4000000243,65021.07,0.03027585,1968.56816216,1704153631206,false,true
4000000244,65022.48,0.01542852,1003.20063313,1704153631271,false,true
4000000245,65024.69,0.15272475,9930.87952408,1704153631355,false,true
4000000246,65027.14,0.10260275,6671.96338864,1704153631430,false,true
4000000247,65026.01,0.02098217,1364.38679624,1704153631497,true,true
4000000248,65025.97,0.03533207,2297.50212386,1704153631510,false,true
4000000249,65024.51,0.05209782,3387.63521757,1704153631514,true,true
4000000250,65023.44,0.08015762,5212.12419461,1704153631755,true,true
4000000251,65025.21,0.08524943,5543.36208813,1704153632231,true,true
4000000252,65024.30,0.07992478,5197.05287215,1704153632247,false,true
4000000253,65025.21,0.02915636,1895.89843184,1704153632375,true,true
4000000254,65024.97,0.04655159,3027.01574320,1704153632409,true,true
4000000255,65026.27,0.08668575,5636.85098465,1704153632590,false,true
4000000256,65026.54,0.07484935,4867.19425175,1704153632639,true,true
4000000257,65028.39,0.14020896,9117.56293237,1704153632883,false,true
4000000258,65028.85,0.06418942,4174.16416477,1704153632906,false,true
4000000259,65028.68,0.04451174,2894.53969670,1704153633101,false,true
4000000260,65028.78,0.08487967,5519.62138690,1704153633107,false,true
4000000261,65028.69,0.02404130,1563.37424490,1704153633187,true,true
4000000262,65028.99,0.02461018,1600.37514912,1704153633274,false,true
4000000263,65029.39,0.04708444,3061.87241169,1704153633526,true,true
4000000264,65027.82,0.04573130,2973.80674477,1704153633533,true,true
4000000265,65026.38,0.05416802,3522.35025237,1704153633617,true,true
4000000266,65026.85,0.04408132,2866.46938344,1704153633734,false,true
4000000267,65027.90,0.06064414,3943.56107151,1704153633833,true,true
4000000268,65025.79,0.28130247,18291.91534070,1704153633908,true,true
4000000269,65025.27,0.04223986,2746.65830126,1704153634147,true,true
4000000270,65023.84,0.02170671,1411.45363797,1704153634177,true,true
4000000271,65022.86,0.05691452,3700.74486593,1704153634252,false,true
4000000272,65022.31,0.05723222,3721.37115083,1704153634388,false,true
4000000273,65021.73,0.06389735,4154.71623942,1704153634396,true,true
4000000274,65022.04,0.03967992,2580.06934544,1704153634563,false,true
4000000275,65022.73,0.02462935,1601.46757513,1704153634666,true,true
4000000276,65022.38,0.06542029,4253.78295609,1704153634802,false,true
4000000277,65022.39,0.01494466,971.73751094,1704153635233,true,true
4000000278,65021.31,0.03596500,2338.49141415,1704153635262,true,true
4000000279,65020.75,0.03501520,2276.71456540,1704153635495,false,true
4000000280,65019.11,0.10609797,6898.39558221,1704153635700,true,true
4000000281,65021.30,0.01304351,848.10597676,1704153635818,true,true
4000000282,65021.09,0.04487591,2917.88058294,1704153636039,true,true
4000000283,65020.99,0.07283779,4735.98521521,1704153636085,true,true
4000000284,65020.91,0.05288554,3438.66593664,1704153636189,true,true
4000000285,65020.27,0.06069059,3946.11854826,1704153636192,true,true
4000000286,65020.25,0.03293445,2141.40617261,1704153636244,false,true
4000000287,65018.68,0.10061017,6541.54044798,1704153636348,true,true
4000000288,65019.09,0.05527884,3594.17987306,1704153636468,false,true
4000000289,65018.57,0.03269968,2126.08643306,1704153636551,true,true
4000000290,65017.50,0.05930683,3855.98181952,1704153636566,true,true
4000000291,65016.44,0.06160572,4005.38459804,1704153636649,true,true
4000000292,65016.22,0.04266278,2773.77269029,1704153636763,false,true
4000000293,65017.43,0.05124199,3331.62249789,1704153636781,false,true
4000000294,65017.39,0.08535324,5549.44489284,1704153636952,false,true
4000000295,65018.02,0.08444446,5490.41158917,1704153637038,true,true
4000000296,65019.32,0.01950682,1268.32017176,1704153637285,false,true
4000000297,65019.59,0.05155662,3352.19029419,1704153637532,true,true
4000000298,65017.93,0.03492285,2270.61141670,1704153637599,true,true
4000000299,65018.15,0.05424929,3527.18847461,1704153637801,false,true
4000000300,65016.16,0.02324266,1511.14850139,1704153637812,true,true
4000000301,65016.76,0.03448901,2242.36368581,1704153637904,true,true
4000000302,65015.78,0.06851280,4454.41313198,1704153637954,false,true
4000000303,65016.62,0.09335233,6069.45296572,1704153638043,false,true
4000000304,65017.72,0.03667178,2384.31552394,1704153638256,true,true
4000000305,65018.14,0.03337354,2169.88549602,1704153638283,false,true
4000000306,65016.20,0.02721367,1769.32941145,1704153638307,true,true
4000000307,65016.44,0.02499732,1625.23675594,1704153638485,true,true
4000000308,65013.35,0.07686274,4997.10421758,1704153638611,true,true
4000000309,65011.32,0.02147094,1395.85415104,1704153638631,true,true
4000000310,65012.73,0.06547905,4256.97179831,1704153638671,false,true
4000000311,65014.33,0.06399480,4160.57904548,1704153638746,false,true
4000000312,65016.86,0.07431729,4831.87683951,1704153638995,false,true
4000000313,65018.08,0.02599518,1690.15669285,1704153639072,true,true
4000000314,65015.69,0.03503161,2277.60429596,1704153639146,true,true
4000000315,65016.45,0.02222622,1445.06992132,1704153639226,false,true
4000000316,65016.75,0.05951287,3869.33339057,1704153639512,false,true
4000000317,65015.49,0.11025129,7168.04164248,1704153639535,true,true
4000000318,65015.51,0.09518736,6188.65475595,1704153639627,false,true
4000000319,65016.26,0.08136384,5289.97257604,1704153639692,false,true
4000000320,65015.24,0.09951001,6469.66718255,1704153639822,true,true
4000000321,65015.82,0.05567915,3620.02559415,1704153639863,true,true
4000000322,65015.48,0.02104638,1368.34049796,1704153640121,true,true
4000000323,65014.53,0.09938115,6461.21875811,1704153640174,false,true
4000000324,65016.70,0.04146034,2695.61448768,1704153640286,false,true
4000000325,65017.84,0.04109512,2671.91593694,1704153640482,false,true
4000000326,65018.67,0.02193182,1425.97776708,1704153640649,true,true
4000000327,65017.98,0.02548366,1656.89609621,1704153640717,true,true
4000000328,65017.10,0.07721405,5020.23361026,1704153640747,false,true
4000000329,65018.66,0.03998089,2599.50389341,1704153640765,false,true
4000000330,65021.11,0.08575290,5575.74874372,1704153640949,false,true
4000000331,65022.62,0.01713668,1114.27183170,1704153641000,false,true
4000000332,65022.70,0.03644010,2369.43369027,1704153641022,false,true
4000000333,65023.90,0.02035551,1323.59464669,1704153641044,true,true
4000000334,65022.54,0.06328171,4114.73751974,1704153641077,true,true
4000000335,65021.44,0.05919294,3848.81019663,1704153641151,true,true
4000000336,65020.24,0.04481393,2913.81248394,1704153641230,true,true
4000000337,65020.94,0.03049679,1982.92995278,1704153641750,true,true
4000000338,65019.81,0.05617237,3652.31682465,1704153641843,false,true
4000000339,65022.39,0.03962464,2576.48879569,1704153641861,true,true
4000000340,65022.39,0.11804473,7675.55047150,1704153641962,true,true
4000000341,65024.60,0.10040980,6529.10708108,1704153642003,true,true
4000000342,65024.69,0.03102345,2017.29021898,1704153642022,true,true
4000000343,65021.49,0.08715994,5667.26916711,1704153642096,false,true
4000000344,65021.29,0.05598607,3640.28649343,1704153642183,false,true
4000000345,65021.70,0.34400548,22367.82111892,1704153642186,false,true
4000000346,65024.18,0.03084635,2005.75861474,1704153642381,true,true
4000000347,65024.94,0.07277711,4732.32721112,1704153642529,true,true
4000000348,65026.38,0.10255329,6668.66920579,1704153642529,false,true
4000000349,65027.35,0.06232166,4052.61239740,1704153642628,true,true
4000000350,65027.10,0.02415615,1570.80438166,1704153642670,false,true
4000000351,65026.96,0.05974602,3885.10205270,1704153642867,false,true
4000000352,65026.29,0.05402536,3513.06872671,1704153642980,true,true
4000000353,65028.01,0.05386431,3502.68888932,1704153642999,false,true
4000000354,65026.22,0.07141348,4643.74866145,1704153643066,false,true
4000000355,65025.91,0.04020666,2614.47465456,1704153643074,true,true
4000000356,65024.23,0.04450708,2894.03860655,1704153643174,true,true
4000000357,65022.98,0.07682923,4995.66548571,1704153643669,true,true
4000000358,65022.97,0.05573332,3623.94599436,1704153643721,true,true
4000000359,65022.75,0.02160194,1404.61754413,1704153643887,true,true
4000000360,65022.54,0.05849671,3803.60466584,1704153644096,true,true
4000000361,65023.67,0.12664701,8235.05338473,1704153644244,false,true
4000000362,65021.90,0.02230628,1450.39670753,1704153644431,false,true
4000000363,65020.75,0.05702214,3707.62230941,1704153644458,false,true
4000000364,65023.97,0.07191540,4676.22481214,1704153645023,true,true
4000000365,65022.91,0.04423582,2876.34174264,1704153645049,true,true
4000000366,65021.36,0.11330307,7367.11970358,1704153645099,true,true
4000000367,65022.33,0.07497325,4874.93540267,1704153645268,true,true
4000000368,65023.45,0.03472118,2257.69091167,1704153645353,true,true
4000000369,65020.20,0.05107195,3320.70840339,1704153645554,true,true
4000000370,65020.12,0.03930061,2555.33037827,1704153645769,true,true
4000000371,65018.91,0.04308426,2801.29162336,1704153645904,false,true
4000000372,65018.23,0.10737739,6981.48783982,1704153646050,false,true
4000000373,65017.98,0.05761701,3746.14160384,1704153646104,true,true
4000000374,65019.13,0.04972148,3232.84737191,1704153646473,true,true
4000000375,65020.95,0.07372023,4793.35938882,1704153646674,false,true
4000000376,65019.43,0.01310280,851.93658740,1704153646790,false,true
4000000377,65019.50,0.04275181,2779.70131029,1704153646978,false,true
4000000378,65018.56,0.07755154,5042.28945658,1704153647094,true,true
4000000379,65017.05,0.01335663,868.40868054,1704153647274,false,true
4000000380,65015.48,0.03594550,2337.01393634,1704153647405,false,true
4000000381,65015.48,0.06711920,4363.78700522,1704153647491,true,true
4000000382,65014.08,0.08263081,5372.16609180,1704153647528,false,true
4000000383,65009.55,0.09732815,6327.25923383,1704153647838,false,true
4000000384,65008.82,0.05085530,3306.04304375,1704153647913,true,true
4000000385,65010.07,0.03395016,2207.10227811,1704153648056,false,true
4000000386,65010.78,0.03237888,2104.97624433,1704153648064,false,true
4000000387,65007.87,0.03590848,2334.33379974,1704153648219,true,true
4000000388,65009.70,0.03429618,2229.58437295,1704153648307,true,true
4000000389,65010.39,0.06600034,4290.70784353,1704153648502,false,true
4000000390,65012.19,0.05667734,3684.71799677,1704153648705,false,true
4000000391,65010.32,0.03842841,2498.24323119,1704153648751,false,true
4000000392,65012.60,0.04987854,3242.73356960,1704153648934,true,true
4000000393,65012.85,0.04051440,2633.95661004,1704153649062,true,true
4000000394,65010.79,0.06616137,4301.20293118,1704153649324,false,true
4000000395,65011.18,0.02154303,1400.53780108,1704153649747,false,true
4000000396,65008.31,0.08595871,5588.03046688,1704153649763,false,true
4000000397,65008.80,0.06716514,4366.32515323,1704153649917,false,true
4000000398,65006.87,0.16192950,10526.52995567,1704153650150,true,true
4000000399,65006.86,0.11720662,7619.23433741,1704153650166,true,true
4000000400,65006.28,0.10073635,6548.49537428,1704153650189,true,true
4000000401,65007.05,0.04414422,2869.68551675,1704153650348,true,true
4000000402,65004.88,0.02463432,1601.35101548,1704153650566,true,true
4000000403,65005.31,0.05164949,3357.49110879,1704153650673,true,true
4000000404,65003.89,0.02174283,1413.36852961,1704153650800,false,true
4000000405,65001.88,0.05052218,3284.03668170,1704153651192,false,true
4000000406,64999.31,0.05614870,3649.62675740,1704153651236,true,true
4000000407,64999.76,0.05489234,3567.98892584,1704153651318,false,true
4000000408,65000.32,0.10969512,7130.21790244,1704153651476,false,true
4000000409,65000.04,0.01527803,993.07256112,1704153651493,true,true
4000000410,64998.78,0.08752874,5689.26131494,1704153651571,false,true
4000000411,64998.66,0.07843075,5097.89365279,1704153651613,false,true
4000000412,64997.18,0.08682120,5643.13316422,1704153651863,false,true
4000000413,64997.87,0.07846862,5100.29316184,1704153651909,true,true
4000000414,64998.01,0.02477258,1610.16840257,1704153651995,true,true
4000000415,64997.90,0.05644507,3668.81101535,1704153652083,true,true
4000000416,64998.88,0.04584388,2979.80085485,1704153652089,false,true
4000000417,64995.92,0.05203087,3381.79426405,1704153652168,true,true
4000000418,64993.22,0.03833213,2491.32855816,1704153652435,false,true
4000000419,64992.88,0.01822474,1184.47833985,1704153652498,false,true
4000000420,64992.03,0.04223682,2745.05667254,1704153652507,true,true
4000000421,64989.60,0.04865464,3162.04559174,1704153653071,false,true
4000000422,64989.29,0.03804038,2472.21728753,1704153653133,true,true
4000000423,64989.65,0.02959346,1923.26860769,1704153653308,true,true
4000000424,64990.19,0.09863612,6410.38017966,1704153653313,true,true
4000000425,64991.03,0.07531145,4894.56870629,1704153653389,false,true
4000000426,64989.68,0.03197009,2077.72591867,1704153653507,false,true
4000000427,64991.97,0.23872077,15514.93312222,1704153653551,true,true
4000000428,64990.58,0.13117227,8524.96190722,1704153653705,true,true
4000000429,64989.77,0.14288215,9285.87806561,1704153653845,false,true
4000000430,64991.65,0.04523907,2940.16180377,1704153654006,true,true
4000000431,64991.52,0.04394798,2856.24602113,1704153654432,false,true
4000000432,64992.03,0.01810155,1176.45648065,1704153654591,true,true
4000000433,64991.27,0.04160430,2703.91629446,1704153654711,true,true
4000000434,64991.71,0.03759512,2443.37113646,1704153654715,true,true
4000000435,64992.36,0.04557950,2962.31927262,1704153654762,false,true
4000000436,64993.63,0.10566486,6867.54281484,1704153654948,false,true
4000000437,64996.18,0.02789662,1813.17373491,1704153654956,true,true
4000000438,64996.81,0.06830740,4439.76309939,1704153655091,false,true
4000000439,64995.58,0.04601795,2990.96335066,1704153655394,false,true
4000000440,64994.85,0.07994987,5196.32980817,1704153655553,true,true
4000000441,64993.48,0.02426805,1577.26502231,1704153655579,true,true
4000000442,64993.52,0.10762354,6994.83269946,1704153656030,false,true
4000000443,64993.17,0.08028435,5217.93440789,1704153656182,false,true
4000000444,64992.63,0.08302798,5396.20678379,1704153656380,true,true
4000000445,64992.52,0.06766755,4397.88459673,1704153656439,true,true
4000000446,64995.14,0.04356408,2831.45347857,1704153656643,true,true
4000000447,64994.84,0.08066514,5242.81786788,1704153656696,true,true
4000000448,64993.81,0.05888736,3827.31388724,1704153656724,false,true
4000000449,64990.58,0.03577143,2324.80598313,1704153656742,true,true
4000000450,64989.16,0.02942722,1912.45030894,1704153656880,false,true
4000000451,64987.16,0.04236264,2753.02766370,1704153656946,false,true
4000000452,64987.03,0.03815266,2479.42806000,1704153656946,true,true
4000000453,64983.90,0.03254270,2114.75156253,1704153657287,false,true
4000000454,64985.08,0.03115836,2024.82851727,1704153657702,false,true
4000000455,64984.19,0.10902618,7084.97799609,1704153657713,true,true
4000000456,64982.61,0.03581862,2327.58741420,1704153658057,true,true
4000000457,64983.37,0.04122250,2678.77696983,1704153658081,true,true
4000000458,64987.66,0.01849781,1202.12938702,1704153658166,false,true
4000000459,64991.04,0.02756569,1791.52286142,1704153658427,true,true
4000000460,64992.89,0.05231378,3400.02374902,1704153658936,false,true
4000000461,64991.96,0.29103510,18914.94157780,1704153659021,true,true
4000000462,64994.55,0.03217382,2091.12295268,1704153659047,false,true
4000000463,64995.20,0.06307550,4099.60473760,1704153659084,false,true
4000000464,64996.11,0.12327497,8012.39351037,1704153659188,true,true
4000000465,64996.15,0.03445544,2239.47094656,1704153659472,true,true
4000000466,64996.95,0.02638472,1714.92632660,1704153659610,false,true
4000000467,64997.26,0.06769323,4399.87447055,1704153659645,false,true
4000000468,64997.19,0.07753624,5039.63772317,1704153660029,true,true
4000000469,64996.45,0.12427769,8077.60866420,1704153660161,false,true
4000000470,64996.27,0.04088953,2657.66693205,1704153660206,false,true
4000000471,64994.87,0.07436706,4833.47739698,1704153660357,true,true
4000000472,64994.60,0.06603348,4291.81961921,1704153660400,true,true
4000000473,64993.84,0.03785230,2460.16632983,1704153660420,false,true
4000000474,64993.81,0.02205388,1433.36568648,1704153660519,false,true
4000000475,64992.06,0.05727345,3722.31949881,1704153660549,true,true
4000000476,64992.10,0.13670622,8884.82432086,1704153660559,true,true
4000000477,64989.99,0.06799037,4418.69346640,1704153660662,false,true
4000000478,64991.66,0.06655189,4325.31780724,1704153660768,true,true
4000000479,64992.41,0.07706351,5008.54323796,1704153660783,true,true
4000000480,64992.93,0.10721100,6967.95701823,1704153660872,false,true
4000000481,64993.50,0.02702748,1756.61052138,1704153660948,true,true
4000000482,64994.99,0.06338550,4119.73993864,1704153661108,true,true
4000000483,64992.90,0.09790066,6362.84780531,1704153661215,true,true
4000000484,64994.16,0.05837249,3793.87095466,1704153661857,false,true
4000000485,64994.66,0.04566615,2968.05589276,1704153661861,true,true
4000000486,64992.60,0.08722895,5669.23625577,1704153662339,true,true
4000000487,64991.69,0.03041019,1976.40964132,1704153662399,true,true
4000000488,64993.82,0.01924231,1250.63123252,1704153662542,false,true
4000000489,64992.88,0.02649202,1721.79267682,1704153662595,true,true
4000000490,64993.65,0.09779990,6356.37247063,1704153662757,true,true
4000000491,64993.67,0.05252762,3413.96280017,1704153662801,false,true
4000000492,64992.84,0.02565881,1667.63893292,1704153663017,true,true
4000000493,64992.86,0.08692607,5649.57389786,1704153663363,false,true
4000000494,64992.75,0.03741294,2431.56985618,1704153663430,true,true
4000000495,64993.05,0.01449154,941.84938380,1704153663458,false,true
4000000496,64993.35,0.05486679,3565.97648585,1704153663609,true,true
4000000497,64995.59,0.06727452,4372.54711937,1704153663642,false,true
4000000498,64996.17,0.16153368,10499.07052601,1704153663729,false,true
4000000499,64995.53,0.14580017,9476.35932324,1704153663777,true,true
4000000500,64993.78,0.02980229,1936.96347976,1704153663821,false,true
4000000501,64995.09,0.09974978,6483.24592858,1704153663865,false,true
4000000502,64998.33,0.08633168,5611.41502609,1704153664168,true,true
4000000503,64997.27,0.03186009,2070.81887195,1704153664616,false,true
4000000504,64999.26,0.03626427,2357.15071444,1704153664663,true,true
4000000505,64998.56,0.05933557,3856.72660678,1704153664838,false,true
4000000506,64995.81,0.06066479,3942.95716453,1704153664991,false,true
4000000507,64996.90,0.01431814,930.63471377,1704153665420,true,true
4000000508,64996.18,0.04463949,2901.39632715,1704153665448,false,true
4000000509,64994.22,0.01697421,1103.22553907,1704153665460,true,true
4000000510,64994.07,0.03401920,2211.04626614,1704153665599,false,true
4000000511,64991.75,0.02396764,1557.69886697,1704153665778,false,true
4000000512,64991.46,0.02343882,1523.32313248,1704153666032,false,true
4000000513,64989.67,0.18444851,11987.24779689,1704153666377,false,true
4000000514,64990.37,0.04658485,3027.56663789,1704153666458,true,true
4000000515,64990.46,0.11309916,7350.36643401,1704153666766,false,true
4000000516,64988.12,0.03582599,2328.26373724,1704153666861,false,true
4000000517,64987.41,0.07176682,4663.93975574,1704153666946,true,true
4000000518,64990.70,0.13362588,8684.43947932,1704153667174,false,true
4000000519,64991.88,0.03718772,2416.89983571,1704153667277,false,true
4000000520,64992.02,0.06965452,4526.98795693,1704153667618,false,true
4000000521,64990.71,0.03712994,2413.10116286,1704153667668,false,true
4000000522,64988.74,0.10889789,7077.13665976,1704153667800,false,true
4000000523,64988.30,0.03270239,2125.27273204,1704153668224,true,true
4000000524,64987.25,0.02908913,1890.42256359,1704153668422,false,true
4000000525,64988.36,0.11549116,7505.58108290,1704153668732,false,true
4000000526,64986.38,0.03992664,2594.68779916,1704153668736,false,true
4000000527,64988.35,0.01525400,991.33229090,1704153668916,true,true
4000000528,64986.00,0.09142241,5941.17673626,1704153669069,false,true
4000000529,64987.70,0.05208688,3385.00653138,1704153669189,false,true
4000000530,64986.71,0.02434603,1582.16839126,1704153669272,false,true
4000000531,64988.52,0.05160344,3353.63119251,1704153669366,false,true
4000000532,64987.91,0.25588478,16629.41705301,1704153669575,false,true
4000000533,64986.72,0.01904121,1237.42578273,1704153669589,true,true
4000000534,64987.39,0.06069418,3944.35634639,1704153669682,false,true
4000000535,64987.84,0.03239346,2105.18099553,1704153669740,false,true
4000000536,64986.31,0.07694019,5000.05903880,1704153669771,true,true
4000000537,64985.19,0.01722255,1119.21068403,1704153670015,true,true
4000000538,64985.23,0.03834601,2491.92427943,1704153670115,false,true
4000000539,64985.42,0.05144818,3343.38158554,1704153670201,false,true
4000000540,64983.12,0.07640368,4964.94950588,1704153670444,true,true
4000000541,64984.57,0.07569836,4919.22537431,1704153670473,false,true
4000000542,64986.59,0.01983687,1289.13053757,1704153670478,false,true
4000000543,64989.50,0.09256887,6016.00457686,1704153670581,true,true
4000000544,64992.72,0.06636090,4312.97539265,1704153670988,false,true
4000000545,64990.68,0.02968979,1929.55964116,1704153671051,true,true
4000000546,64991.44,0.05903206,3836.57858557,1704153671275,false,true
4000000547,64989.10,0.11350586,7376.64368613,1704153671451,false,true
4000000548,64991.83,0.19893036,12928.84813896,1704153671537,true,true
4000000549,64992.30,0.04842431,3147.20728281,1704153671765,false,true
4000000550,64990.98,0.11877469,7719.28350230,1704153671828,true,true
4000000551,64991.03,0.04322775,2809.41599708,1704153672441,false,true
4000000552,64989.69,0.05168800,3359.18709672,1704153672511,true,true
4000000553,64988.79,0.02252357,1463.77956078,1704153672631,false,true
4000000554,64989.46,0.02022148,1314.18306560,1704153672651,false,true
4000000555,64988.98,0.02188888,1422.53598454,1704153672698,true,true
4000000556,64989.09,0.05193677,3375.32341984,1704153672753,false,true
4000000557,64989.00,0.06868118,4463.52120702,1704153672827,false,true
4000000558,64987.62,0.04064355,2641.32758285,1704153672881,false,true
4000000559,64989.23,0.07819210,5081.64437108,1704153672941,false,true
4000000560,64988.86,0.08876440,5768.69716458,1704153673230,false,true
4000000561,64992.14,0.01970897,1280.92813750,1704153673253,true,true
4000000562,64991.57,0.06252033,4063.29440362,1704153673337,false,true
4000000563,64992.98,0.06407838,4164.64486977,1704153673419,false,true
4000000564,64993.95,0.06182787,4018.43749139,1704153673541,false,true
4000000565,64993.16,0.04012520,2607.86354363,1704153673586,false,true
4000000566,64994.38,0.04216610,2740.55952652,1704153673789,true,true
4000000567,64993.76,0.08043731,5227.92322119,1704153674034,true,true
4000000568,64994.52,0.04745050,3084.02247126,1704153674401,false,true
4000000569,64994.90,0.08214386,5338.93196631,1704153674834,true,true
4000000570,64994.33,0.12217231,7940.50743300,1704153674941,false,true
4000000571,64994.40,0.08949042,5816.37615365,1704153675003,true,true
4000000572,64995.79,0.08302258,5396.11817494,1704153675101,true,true
4000000573,64995.04,0.02508874,1630.64365985,1704153675178,true,true
4000000574,64994.64,0.02682595,1743.54296291,1704153675325,false,true
4000000575,64995.71,0.01894585,1231.39897230,1704153675411,false,true
4000000576,64995.00,0.03587638,2331.78531810,1704153675568,true,true
4000000577,64995.14,0.03979972,2586.78837336,1704153675649,true,true
4000000578,64993.76,0.07581577,4927.55195960,1704153675796,true,true
4000000579,64991.32,0.03751134,2437.91150157,1704153676078,false,true
4000000580,64989.33,0.04107526,2669.45362698,1704153676261,false,true
4000000581,64988.59,0.03125516,2031.22877862,1704153676266,true,true
4000000582,64990.73,0.04556882,2961.55087704,1704153676440,false,true
4000000583,64992.21,0.04363874,2836.17815422,1704153676477,false,true
4000000584,64990.48,0.04762597,3095.23465077,1704153676584,true,true
4000000585,64989.14,0.06105224,3967.73257267,1704153676695,true,true
4000000586,64987.82,0.04991930,3244.14648293,1704153676708,false,true
4000000587,64984.66,0.10821998,7032.63860551,1704153677061,false,true
4000000588,64985.44,0.07482968,4862.83967986,1704153677089,false,true
4000000589,64983.82,0.05378955,3495.45043508,1704153677238,false,true
4000000590,64983.31,0.07922281,5148.16042130,1704153677253,true,true
4000000591,64984.52,0.02472909,1607.00804369,1704153677275,true,true
4000000592,64985.59,0.04778510,3105.34291671,1704153677296,false,true
4000000593,64982.23,0.02868092,1863.75014005,1704153677360,false,true
4000000594,64983.05,0.10978048,7133.87042086,1704153677363,false,true
4000000595,64982.33,0.03849851,2501.72288133,1704153677424,true,true
4000000596,64982.06,0.03382129,2197.77709606,1704153677630,true,true
4000000597,64982.67,0.05561746,3614.17104942,1704153677655,true,true
4000000598,64981.94,0.09014681,5857.91459861,1704153677903,false,true
4000000599,64979.93,0.04310350,2800.86241276,1704153678021,true,true
4000000600,64978.80,0.03747161,2434.86025187,1704153678141,true,true
4000000601,64979.67,0.02106242,1368.62910100,1704153678260,false,true
4000000602,64980.33,0.05887351,3825.62010806,1704153678305,false,true
4000000603,64981.23,0.11607318,7542.57800641,1704153678372,true,true
4000000604,64982.14,0.07839878,5094.52049779,1704153678498,false,true
4000000605,64981.42,0.02224664,1445.61825743,1704153678599,true,true
4000000606,64980.63,0.05108438,3319.49519556,1704153678673,false,true
4000000607,64981.90,0.06028376,3917.35326394,1704153678691,false,true
4000000608,64983.37,0.01211000,786.94861070,1704153678776,true,true
4000000609,64982.78,0.02826753,1836.90268313,1704153678859,true,true
4000000610,64983.09,0.05387124,3500.71963733,1704153678902,true,true
4000000611,64982.81,0.10439535,6783.90319393,1704153678978,false,true
4000000612,64982.70,0.01800507,1170.01806229,1704153678993,true,true
4000000613,64984.56,0.09884919,6423.67111851,1704153679050,true,true
4000000614,64984.74,0.04273354,2777.02798618,1704153679148,true,true
4000000615,64985.40,0.04911268,3191.60715487,1704153679321,true,true
4000000616,64983.79,0.44576255,28967.33993906,1704153679374,false,true
4000000617,64984.42,0.02773546,1802.37278153,1704153679560,true,true
4000000618,64984.63,0.14886723,9674.08186067,1704153679613,true,true
4000000619,64984.14,0.02194271,1425.92813862,1704153679631,false,true
4000000620,64984.40,0.07410783,4815.85286785,1704153679685,false,true
4000000621,64984.05,0.10398774,6757.54449555,1704153679837,false,true
4000000622,64983.77,0.07911517,5141.20201079,1704153680366,true,true
4000000623,64983.49,0.03923833,2549.84362517,1704153680558,true,true
4000000624,64987.40,0.01999098,1299.16181365,1704153680574,true,true
4000000625,64988.12,0.03562105,2314.94507193,1704153680794,true,true
4000000626,64988.27,0.02035384,1322.76084946,1704153680901,false,true
4000000627,64988.10,0.09259887,6017.82462345,1704153681026,false,true
4000000628,64988.56,0.04170414,2710.29200464,1704153681066,true,true
4000000629,64989.83,0.03995563,2596.70960124,1704153681115,true,true
4000000630,64992.30,0.05081061,3302.29840830,1704153681279,true,true
4000000631,64990.26,0.06285291,4084.82696266,1704153681287,false,true
4000000632,64989.28,0.04568455,2969.00601162,1704153681316,false,true
4000000633,64988.97,0.15305755,9947.05252522,1704153681423,false,true
4000000634,64987.46,0.03781946,2457.79064397,1704153681566,false,true
4000000635,64988.09,0.05428929,3528.15726456,1704153681642,true,true
4000000636,64990.10,0.11509298,7479.90427950,1704153681642,false,true
4000000637,64991.03,0.04500936,2925.20466604,1704153681659,true,true
4000000638,64990.53,0.03757680,2442.13614770,1704153681699,true,true
4000000639,64989.92,0.03432691,2230.90313475,1704153681991,false,true
4000000640,64990.65,0.08409301,5465.25938036,1704153682141,false,true
4000000641,64990.86,0.11953448,7768.64865485,1704153682141,true,true
4000000642,64990.10,0.05237949,3404.14829305,1704153682283,false,true
4000000643,64992.31,0.05277255,3429.80992909,1704153682837,true,true
4000000644,64991.64,0.05808165,3774.82168741,1704153682897,false,true
4000000645,64991.56,0.03790657,2463.60711855,1704153683163,false,true
4000000646,64993.17,0.10958377,7122.19659285,1704153683180,true,true
4000000647,64993.96,0.04926679,3202.04377859,1704153683181,true,true
4000000648,64993.05,0.02964145,1926.48824192,1704153683304,true,true
4000000649,64993.91,0.08269453,5374.64084031,1704153683549,true,true
4000000650,64994.47,0.05768992,3749.52577474,1704153683660,true,true
4000000651,64991.72,0.13962477,9074.45395690,1704153683678,false,true
4000000652,64991.62,0.06408095,4164.72475164,1704153683792,true,true
4000000653,64989.68,0.02604254,1692.49634099,1704153684027,true,true
4000000654,64989.02,0.03263841,2121.13828026,1704153684116,true,true
4000000655,64989.00,0.03026037,1966.59118593,1704153684401,false,true
4000000656,64990.61,0.04105830,2668.40396256,1704153684487,false,true
4000000657,64989.15,0.03320489,2157.95757694,1704153685028,true,true
4000000658,64989.85,0.04395920,2856.90181412,1704153685133,true,true
4000000659,64988.41,0.09875355,6417.83619636,1704153685519,true,true
4000000660,64988.44,0.04482842,2913.32908346,1704153685557,false,true
4000000661,64988.93,0.05269401,3424.52732731,1704153685645,true,true
4000000662,64987.76,0.02998319,1948.54035575,1704153685796,false,true
4000000663,64989.30,0.07227081,4696.82935233,1704153685836,true,true
4000000664,64988.67,0.09749118,6335.82212493,1704153686042,false,true
4000000665,64987.28,0.04366913,2837.93797867,1704153686266,true,true
4000000666,64987.06,0.04087830,2656.56053480,1704153686429,true,true
4000000667,64987.34,0.04216967,2740.49468198,1704153686500,false,true
4000000668,64985.46,0.06339837,4119.97223770,1704153686669,false,true
4000000669,64985.42,0.03696291,2402.05023077,1704153686820,true,true
4000000670,64987.25,0.17833003,11589.17824212,1704153687010,true,true
4000000671,64987.09,0.03500381,2274.79575081,1704153687199,false,true
4000000672,64986.74,0.17325982,11259.59087479,1704153687202,true,true
4000000673,64987.14,0.03195738,2076.81872809,1704153687357,false,true
4000000674,64986.63,0.04473301,2907.04756966,1704153687412,false,true
4000000675,64984.78,0.05009519,3255.42490121,1704153687448,false,true
4000000676,64986.27,0.08017292,5210.13902581,1704153687480,true,true
4000000677,64985.84,0.04950350,3217.02653044,1704153687515,true,true
4000000678,64984.45,0.05548313,3605.54068733,1704153687849,false,true
4000000679,64985.59,0.02760135,1793.69001455,1704153688017,true,true
4000000680,64984.49,0.06462423,4199.57262819,1704153688176,false,true
4000000681,64984.41,0.06352901,4128.39523273,1704153688263,false,true
4000000682,64985.14,0.04020639,2612.81788304,1704153688761,true,true
4000000683,64985.66,0.04687575,3046.25155175,1704153688802,false,true
4000000684,64986.38,0.03213178,2088.12806516,1704153688803,true,true
4000000685,64986.94,0.10438519,6783.67407942,1704153688924,false,true
4000000686,64985.07,0.05988879,3891.87721037,1704153689109,false,true
4000000687,64986.10,0.16830950,10937.77799795,1704153689144,true,true
4000000688,64987.57,0.05125009,3330.61881138,1704153689197,false,true
4000000689,64989.13,0.01768551,1149.36590851,1704153689197,true,true
4000000690,64987.60,0.01887207,1226.45053633,1704153689210,true,true
4000000691,64986.56,0.04604421,2992.25481582,1704153689217,false,true
4000000692,64988.82,0.04910425,3191.22726448,1704153689534,false,true
4000000693,64990.21,0.03229526,2098.87572940,1704153689592,true,true
4000000694,64990.81,0.04802810,3121.38512176,1704153689609,false,true
4000000695,64991.05,0.04036155,2623.13951413,1704153689680,true,true
4000000696,64992.08,0.04531751,2945.27923532,1704153689727,false,true
4000000697,64992.78,0.02063809,1341.32684299,1704153689774,true,true
4000000698,64992.70,0.06319250,4107.05119475,1704153689963,false,true
4000000699,64991.98,0.04189041,2722.54068891,1704153690041,false,true
4000000700,64990.50,0.07549401,4906.39345690,1704153690070,true,true
4000000701,64990.10,0.07760344,5043.45532594,1704153690091,false,true
4000000702,64989.05,0.01779008,1156.16039862,1704153690096,true,true
4000000703,64989.71,0.03160500,2053.99978455,1704153690131,false,true
4000000704,64988.65,0.08815004,5728.75209705,1704153690168,true,true
4000000705,64989.01,0.04956056,3220.89172945,1704153690243,false,true
4000000706,64989.00,0.03172468,2061.75522852,1704153690446,false,true
4000000707,64989.14,0.05371287,3490.75322823,1704153690952,true,true
4000000708,64990.96,0.11332983,7365.41444834,1704153691076,false,true
4000000709,64989.80,0.02674960,1738.45115408,1704153691285,false,true
4000000710,64990.32,0.05151813,3348.17975450,1704153691358,true,true
4000000711,64992.46,0.12830309,8338.73344470,1704153691408,true,true
4000000712,64994.00,0.05967053,3878.22642682,1704153691514,false,true
4000000713,64994.63,0.02909308,1890.89397016,1704153691657,false,true
4000000714,64995.09,0.07231850,4700.34741617,1704153691698,false,true
4000000715,64995.37,0.04494634,2921.30399845,1704153691733,true,true
4000000716,64994.96,0.09053046,5884.02362648,1704153691740,true,true
4000000717,64994.82,0.06887847,4476.74375953,1704153692009,false,true
4000000718,64992.82,0.04360855,2834.24264061,1704153692206,true,true
4000000719,64995.31,0.04663531,3031.07643040,1704153692304,false,true
4000000720,64992.16,0.05679038,3690.92946342,1704153692365,true,true
4000000721,64992.70,0.08044247,5228.17331997,1704153692647,false,true
4000000722,64992.79,0.04072599,2646.89571561,1704153692741,true,true
4000000723,64993.39,0.00470986,306.10976783,1704153692754,true,true
4000000724,64992.77,0.03372419,2191.82852411,1704153693065,true,true
4000000725,64997.28,0.09993255,6495.34393346,1704153693299,false,true
4000000726,64997.67,0.02922551,1899.59005456,1704153693532,true,true
4000000727,64998.53,0.10260468,6669.15337112,1704153693681,true,true
4000000728,64998.82,0.04644043,3018.57315029,1704153694049,true,true
4000000729,64997.12,0.03702461,2406.49301912,1704153694601,false,true
4000000730,64998.35,0.03115789,2025.21143948,1704153694685,false,true
4000000731,64999.23,0.06321700,4109.05632291,1704153694778,false,true
4000000732,65002.43,0.05028890,3268.90070203,1704153694795,false,true
4000000733,65001.77,0.01341598,872.06244628,1704153694843,true,true
4000000734,65003.66,0.05578359,3626.13751794,1704153695029,true,true
4000000735,65005.28,0.01878473,1221.10663337,1704153695087,true,true
4000000736,65006.62,0.04033239,2621.87235042,1704153695131,false,true
4000000737,65007.17,0.06521115,4239.19231395,1704153695327,true,true
4000000738,65009.18,0.04042919,2628.26848996,1704153695760,false,true
4000000739,65008.04,0.01371381,891.50790903,1704153695791,true,true
4000000740,65007.29,0.04103662,2667.67945696,1704153695936,false,true
4000000741,65008.90,0.10023170,6515.95256213,1704153696307,true,true
4000000742,65005.32,0.16836805,10944.81896803,1704153696311,true,true
4000000743,65002.74,0.02222029,1444.37973359,1704153696342,true,true
4000000744,64999.66,0.02843824,1848.47593100,1704153696512,false,true
4000000745,64999.97,0.27380637,17797.40583581,1704153696782,false,true
4000000746,65001.88,0.08233251,5351.76793512,1704153697054,true,true
4000000747,65000.82,0.05838373,3794.99032466,1704153697062,false,true
4000000748,65000.79,0.06659835,4328.94536270,1704153697122,false,true
4000000749,65000.38,0.01037342,674.27624190,1704153697206,true,true
4000000750,64999.08,0.08415290,5469.86107933,1704153697287,false,true
4000000751,65000.44,0.02593482,1685.77471132,1704153697309,true,true
4000000752,65002.92,0.08395703,5457.45210453,1704153697356,false,true
4000000753,65003.46,0.04659815,3029.04097960,1704153697414,false,true
4000000754,65003.26,0.02361140,1534.81797316,1704153697426,true,true
4000000755,65001.62,0.03153472,2049.80788625,1704153697429,false,true
4000000756,65002.42,0.04401527,2861.09906695,1704153697450,true,true
4000000757,65003.20,0.06367972,4139.38557510,1704153697599,false,true
4000000758,65002.79,0.01922222,1249.49792999,1704153697640,false,true
4000000759,65002.83,0.06051505,3933.64950759,1704153697868,true,true
4000000760,65003.60,0.07973385,5182.98729186,1704153697911,false,true
4000000761,65002.58,0.02504204,1627.79720846,1704153697914,false,true
4000000762,65003.15,0.07748234,5036.59616937,1704153698146,false,true
4000000763,65002.63,0.08786805,5711.65434297,1704153698281,false,true
4000000764,65004.14,0.07515256,4885.22753160,1704153698551,false,true
4000000765,65003.08,0.08055090,5236.05659677,1704153698629,false,true
4000000766,65003.25,0.07993964,5196.33640383,1704153698803,false,true
4000000767,65002.95,0.04010162,2606.72359978,1704153698900,false,true
4000000768,65004.83,0.04318248,2807.06977138,1704153699129,true,true
4000000769,65005.45,0.02833091,1841.66355346,1704153699381,true,true
4000000770,65002.53,0.06078167,3950.96232763,1704153699391,false,true
4000000771,65004.39,0.02899901,1885.06295565,1704153699679,true,true
4000000772,65005.06,0.02120627,1378.51485373,1704153699695,true,true
4000000773,65005.10,0.03456100,2246.64126110,1704153700142,true,true
4000000774,65005.37,0.03738135,2429.98848785,1704153700697,false,true
4000000775,65000.85,0.11285616,7335.74632774,1704153700921,true,true
4000000776,65000.69,0.18671153,12136.37828096,1704153700929,true,true
4000000777,64999.59,0.07388109,4802.24055875,1704153700969,false,true
4000000778,64996.78,0.06865460,4462.32793219,1704153701090,true,true
4000000779,64995.30,0.04576856,2974.74128777,1704153701110,false,true
4000000780,64993.25,0.02940852,1911.35529249,1704153701433,true,true
4000000781,64992.64,0.04496019,2922.08144300,1704153701528,false,true
4000000782,64991.82,0.08351119,5427.54422847,1704153701611,false,true
4000000783,64991.51,0.04502266,2926.09065762,1704153701630,false,true
4000000784,64989.80,0.02793143,1815.25804941,1704153701905,false,true
4000000785,64989.28,0.07349933,4776.66853718,1704153702222,true,true
4000000786,64989.51,0.04647425,3020.33873512,1704153702267,true,true
4000000787,64989.19,0.09921589,6447.96032623,1704153702279,true,true
4000000788,64989.71,0.03946930,2565.09836090,1704153702352,true,true
4000000789,64990.23,0.03277110,2129.80132635,1704153702481,false,true
4000000790,64990.61,0.07329453,4763.45621436,1704153702649,true,true
4000000791,64990.78,0.01500723,975.33158334,1704153702739,true,true
4000000792,64991.45,0.07729241,5023.34579989,1704153702757,true,true
4000000793,64993.20,0.01853544,1204.67755901,1704153702783,false,true
4000000794,64994.56,0.01855777,1206.15409573,1704153702859,false,true
4000000795,64996.51,0.03151522,2048.37931188,1704153703075,false,true
4000000796,64994.48,0.04864623,3161.73642281,1704153703078,false,true
4000000797,64993.14,0.08918432,5796.36899556,1704153703333,false,true
4000000798,64992.00,0.03745000,2433.95040000,1704153703614,false,true
4000000799,64991.99,0.01998950,1299.15738410,1704153703675,false,true
4000000800,64992.96,0.09749398,6336.42234238,1704153703918,true,true
4000000801,64991.66,0.02429810,1579.17385385,1704153703983,false,true
4000000802,64994.13,0.05701336,3705.53373158,1704153703984,true,true
4000000803,64995.89,0.03165256,2057.28630798,1704153703985,true,true
4000000804,64995.85,0.14796173,9616.89840882,1704153704411,false,true
4000000805,64994.91,0.03056116,1986.31984370,1704153704464,false,true
4000000806,64994.89,0.09797924,6368.14992608,1704153704681,true,true
4000000807,64994.36,0.05913880,3843.68845717,1704153704816,true,true
4000000808,64995.13,0.03081583,2002.87887691,1704153704933,true,true
4000000809,64994.92,0.06574732,4273.24180361,1704153705489,false,true
4000000810,64993.11,0.01988458,1292.36069524,1704153705644,false,true
4000000811,64994.05,0.03643863,2368.29414015,1704153705825,false,true
4000000812,64996.14,0.02636861,1713.85786717,1704153705939,true,true
4000000813,64994.99,0.02321644,1508.95228564,1704153706072,true,true
4000000814,64996.10,0.04963164,3225.86303660,1704153706133,false,true
4000000815,64998.29,0.06151335,3998.26256217,1704153706159,true,true
4000000816,64998.14,0.03282211,2133.37610088,1704153706351,true,true
4000000817,64999.92,0.03043761,1978.44221499,1704153706584,true,true
4000000818,65001.50,0.01778874,1156.29478311,1704153706596,false,true
4000000819,65002.27,0.06984511,4540.09069840,1704153706775,true,true
4000000820,65003.15,0.11426623,7427.66488862,1704153706786,false,true
4000000821,65001.70,0.10926880,7102.65775696,1704153706979,false,true
4000000822,65001.16,0.07508961,4880.91175395,1704153707217,false,true
4000000823,64998.34,0.06240305,4056.09466094,1704153707577,true,true
4000000824,65001.05,0.08621427,5604.01807498,1704153707829,true,true
4000000825,65000.16,0.07037942,4574.67356071,1704153708069,false,true
4000000826,65000.78,0.06781936,4408.31129910,1704153708174,false,true
4000000827,65002.10,0.03462615,2250.77246492,1704153708331,false,true
4000000828,65002.40,0.02527036,1642.63404886,1704153708355,true,true
4000000829,65002.31,0.04786549,3111.36741928,1704153708534,false,true
4000000830,65003.50,0.12173140,7912.96705990,1704153708714,false,true
4000000831,65005.18,0.07726725,5022.77149435,1704153708778,true,true
4000000832,65006.56,0.04401429,2861.21758374,1704153708805,false,true
4000000833,65006.39,0.05374823,3493.97840119,1704153709028,false,true
4000000834,65007.18,0.11577233,7526.03269533,1704153709063,true,true
4000000835,65006.72,0.02981669,1938.28521816,1704153709123,false,true
4000000836,65005.98,0.04127366,2683.03471649,1704153709167,true,true
4000000837,65005.39,0.12752539,8289.83771185,1704153709218,true,true
4000000838,65008.98,0.01396005,907.52861125,1704153709507,false,true
4000000839,65008.39,0.06748605,4387.15945796,1704153709819,true,true
4000000840,65007.54,0.06397516,4158.86777271,1704153709836,true,true
4000000841,65007.35,0.02253673,1465.05309497,1704153709893,false,true
4000000842,65007.12,0.04371693,2841.91171454,1704153709929,true,true
4000000843,65006.68,0.04799145,3119.76483289,1704153710064,true,true
4000000844,65006.52,0.04531030,2945.46492316,1704153710131,true,true
4000000845,65005.20,0.08378330,5446.35017316,1704153710151,false,true
4000000846,65004.52,0.02253962,1465.17717908,1704153710286,false,true
4000000847,65003.93,0.03332137,2166.02000298,1704153710304,true,true
4000000848,65004.26,0.03905745,2538.90063474,1704153710319,true,true
4000000849,65004.77,0.06026662,3917.61777178,1704153710346,false,true
4000000850,65004.63,0.10352272,6729.45611019,1704153710497,false,true
4000000851,65004.52,0.05886804,3826.68868354,1704153710526,false,true
4000000852,65005.69,0.04015410,2610.24497683,1704153710665,false,true
4000000853,65007.96,0.02664872,1732.37892381,1704153710685,true,true
4000000854,65009.41,0.07349995,4778.18838453,1704153710698,true,true
4000000855,65009.37,0.07722898,5020.60733554,1704153710741,true,true
4000000856,65008.73,0.05315772,3455.71586690,1704153710746,false,true
4000000857,65008.08,0.14206807,9235.57246001,1704153710913,false,true
4000000858,65010.08,0.08826035,5737.81241433,1704153711151,false,true
4000000859,65009.63,0.03653169,2374.91165017,1704153711222,false,true
4000000860,65007.51,0.02129792,1384.52474738,1704153711432,false,true
4000000861,65008.10,0.08701085,5656.41003788,1704153711471,true,true
4000000862,65006.00,0.10797254,7018.86293524,1704153711601,true,true
4000000863,65006.20,0.03774262,2453.50430424,1704153711608,true,true
4000000864,65006.99,0.04412268,2868.28261753,1704153711719,false,true
4000000865,65007.69,0.02125421,1381.68709487,1704153711778,false,true
4000000866,65007.47,0.05595962,3637.79331836,1704153712005,true,true
4000000867,65008.22,0.04743173,3083.45233882,1704153712019,true,true
4000000868,65007.85,0.05511380,3582.82964333,1704153712066,false,true
4000000869,65007.24,0.02101811,1366.32932112,1704153712173,true,true
4000000870,65003.61,0.02589255,1683.10922211,1704153712224,true,true
4000000871,65001.41,0.04369509,2840.24246008,1704153712359,false,true
4000000872,65001.42,0.08689452,5648.26719022,1704153712419,true,true
4000000873,65002.39,0.02609846,1696.46227532,1704153712426,true,true
4000000874,65001.87,0.03798484,2469.08563165,1704153712664,true,true
4000000875,65002.26,0.04205093,2733.40548510,1704153712698,false,true
4000000876,65002.71,0.04823362,3135.31601311,1704153712826,false,true
4000000877,65001.85,0.06425071,4176.41501381,1704153713027,false,true
4000000878,64999.18,0.07302780,4746.74711720,1704153713042,false,true
4000000879,64997.10,0.05072591,3297.03704486,1704153713108,false,true
4000000880,64997.08,0.04980620,3237.25756590,1704153713223,false,true
4000000881,64996.19,0.03530855,2294.92122442,1704153713251,true,true
4000000882,64994.53,0.01369458,890.07279065,1704153713257,false,true
4000000883,64994.80,0.09587231,6231.20161399,1704153713377,true,true
4000000884,64992.73,0.05794654,3766.10382865,1704153713392,true,true
4000000885,64992.79,0.03271686,2126.36001144,1704153713613,false,true
4000000886,64993.95,0.04476940,2909.74014513,1704153713764,true,true
4000000887,64994.77,0.05536533,3598.45688932,1704153713921,false,true
4000000888,64994.65,0.03775706,2454.00689973,1704153713946,true,true
4000000889,64995.95,0.03876563,2519.60894920,1704153714136,false,true
4000000890,64995.81,0.03777735,2455.36946290,1704153714462,false,true
4000000891,64996.81,0.02527697,1642.92241647,1704153714536,true,true
4000000892,64994.86,0.01419373,922.51949423,1704153714622,false,true
4000000893,64994.42,0.04823663,3135.11178960,1704153714850,true,true
4000000894,64992.72,0.05397654,3508.08215079,1704153714874,true,true
4000000895,64990.68,0.03155385,2050.70616812,1704153714935,false,true
4000000896,64988.29,0.02400973,1560.35129606,1704153714995,true,true
4000000897,64991.45,0.04212031,2737.46002135,1704153715034,true,true
4000000898,64995.15,0.03484360,2264.66500854,1704153715051,false,true
4000000899,64993.25,0.08122976,5279.38609912,1704153715095,true,true
4000000900,64992.40,0.01604828,1043.01623307,1704153715437,true,true
4000000901,64991.75,0.03713941,2413.75524987,1704153715479,true,true
4000000902,64990.54,0.10484071,6813.65435688,1704153715610,true,true
4000000903,64992.18,0.04160097,2703.73773041,1704153715658,true,true
4000000904,64993.18,0.07244743,4708.58885853,1704153715763,false,true
4000000905,64992.44,0.02910384,1891.52957497,1704153715993,true,true
4000000906,64991.82,0.15535807,10097.00372099,1704153716085,true,true
4000000907,64992.61,0.05273041,3427.08697227,1704153716112,true,true
4000000908,64992.61,0.03504330,2277.55553001,1704153716148,false,true
4000000909,64993.78,0.02296899,1492.84148288,1704153716323,false,true
4000000910,64996.35,0.06241987,4057.06371747,1704153716576,false,true
4000000911,64996.16,0.01509323,981.00199200,1704153716678,true,true
4000000912,64996.36,0.14255685,9265.67634307,1704153716720,true,true
4000000913,64994.69,0.01539821,1000.80188550,1704153717112,false,true
4000000914,64995.92,0.04621942,3004.07372477,1704153717113,true,true
4000000915,64995.90,0.11527182,7492.19568554,1704153717368,true,true
4000000916,64997.42,0.01570743,1020.94242483,1704153717498,true,true
4000000917,64997.48,0.02351737,1528.56978623,1704153717685,true,true
4000000918,64998.65,0.04472747,2907.22516792,1704153717828,false,true
4000000919,64998.99,0.07039236,4575.43230372,1704153717887,true,true
4000000920,64997.34,0.06970800,4530.83457672,1704153717996,false,true
4000000921,64997.30,0.08556666,5561.60187002,1704153718017,true,true
4000000922,64998.02,0.07729260,5023.86596065,1704153718353,false,true
4000000923,64996.44,0.02780329,1807.11487029,1704153718459,false,true
4000000924,64994.87,0.11322986,7359.36003082,1704153718490,false,true
4000000925,64995.09,0.06145562,3994.31355291,1704153718557,true,true
4000000926,64994.48,0.04705194,3058.11637329,1704153718586,false,true
4000000927,64993.81,0.08195629,5326.65154056,1704153718760,false,true
4000000928,64989.07,0.03400186,2209.74925967,1704153719256,true,true
4000000929,64991.20,0.05252804,3413.86035325,1704153719549,false,true
4000000930,64989.69,0.02891432,1879.13269336,1704153719692,true,true
4000000931,64988.32,0.16680070,10840.09726782,1704153719752,true,true
4000000932,64987.19,0.04424078,2875.08397561,1704153719967,true,true
4000000933,64985.37,0.10742071,6980.77458501,1704153719972,false,true
4000000934,64986.12,0.03956634,2571.26291920,1704153720342,true,true
4000000935,64987.90,0.18410234,11964.42446169,1704153720342,true,true
4000000936,64989.86,0.07148189,4645.59802364,1704153720592,true,true
4000000937,64989.26,0.05687607,3696.33370101,1704153720743,true,true
4000000938,64991.71,0.04285117,2784.97081380,1704153721094,true,true
4000000939,64991.69,0.03535320,2297.66421491,1704153721144,false,true
4000000940,64992.10,0.05552155,3608.46212976,1704153721246,true,true
4000000941,64991.18,0.04111309,2671.98823255,1704153721307,false,true
4000000942,64990.14,0.03135835,2037.98355667,1704153721446,false,true
4000000943,64988.14,0.04148948,2696.32413477,1704153721622,true,true
4000000944,64986.23,0.03101396,2015.48033777,1704153721950,false,true
4000000945,64988.21,0.09602318,6240.37458671,1704153721961,false,true
4000000946,64988.36,0.02634236,1711.94677493,1704153722096,false,true
4000000947,64986.62,0.05640621,3665.64893491,1704153722157,false,true
4000000948,64987.15,0.02432699,1580.94174818,1704153722176,true,true
4000000949,64985.75,0.01516167,985.29249620,1704153722339,true,true
4000000950,64983.31,0.14270406,9273.38216924,1704153722440,true,true
4000000951,64983.41,0.05215158,3388.98750529,1704153722536,true,true
4000000952,64984.56,0.04229853,2748.75136070,1704153722828,true,true
4000000953,64983.74,0.08363569,5434.95993368,1704153722917,true,true
4000000954,64984.28,0.07160879,4653.44565982,1704153722944,true,true
4000000955,64985.35,0.13287443,8634.89133960,1704153723182,true,true
4000000956,64989.55,0.02257090,1466.87263410,1704153723281,false,true
4000000957,64989.41,0.06210542,4036.19460360,1704153723442,false,true
4000000958,64988.13,0.05220944,3392.99387395,1704153723575,false,true
4000000959,64989.74,0.08165418,5306.68392811,1704153723622,true,true
4000000960,64987.85,0.06442230,4186.66676906,1704153723731,false,true
4000000961,64986.60,0.03977783,2585.02592708,1704153723800,false,true
4000000962,64987.68,0.05068933,3294.18195745,1704153723968,false,true
4000000963,64985.16,0.07832329,5089.85153238,1704153724133,false,true
4000000964,64986.31,0.03142723,2042.33971122,1704153724178,false,true
4000000965,64985.47,0.04439016,2884.71541098,1704153724408,true,true
4000000966,64985.97,0.03872254,2516.42182276,1704153724446,true,true
4000000967,64986.40,0.04274592,2777.90345549,1704153724448,false,true
4000000968,64986.04,0.04966062,3227.24703774,1704153724512,true,true
4000000969,64983.41,0.02483280,1613.72002385,1704153724610,true,true
4000000970,64985.03,0.04972975,3231.68929564,1704153724666,true,true
4000000971,64985.44,0.13830879,8988.05757402,1704153724708,true,true
4000000972,64983.77,0.05854321,3804.35849370,1704153724795,false,true
4000000973,64982.32,0.01851077,1202.87277959,1704153724914,true,true
4000000974,64983.19,0.09317503,6054.81067775,1704153724938,false,true
4000000975,64985.18,0.03783085,2458.44459680,1704153725104,true,true
4000000976,64983.84,0.05301365,3445.03054942,1704153725187,false,true
4000000977,64985.11,0.06241073,4055.76815423,1704153725215,false,true
4000000978,64986.24,0.03662748,2380.28220588,1704153725290,false,true
4000000979,64990.09,0.08117694,5275.69663652,1704153725442,false,true
4000000980,64987.42,0.04298642,2793.57653084,1704153725480,true,true
4000000981,64986.57,0.04515150,2934.24111535,1704153725536,true,true
4000000982,64985.02,0.01960900,1274.29125718,1704153725595,true,true
4000000983,64986.46,0.03358183,2182.36425202,1704153725847,false,true
4000000984,64984.82,0.05291984,3438.98627683,1704153725934,true,true
4000000985,64985.37,0.06593817,4285.01637457,1704153726062,false,true
4000000986,64985.59,0.07273090,4726.46044773,1704153726219,false,true
4000000987,64986.35,0.06708083,4359.33829667,1704153726378,true,true
4000000988,64984.73,0.05413025,3517.63968108,1704153726399,false,true
4000000989,64984.88,0.04476003,2908.72517835,1704153726505,false,true
4000000990,64985.95,0.10242670,6656.29640487,1704153726611,false,true
4000000991,64986.99,0.05865222,3811.63123462,1704153727007,false,true
4000000992,64985.49,0.03182914,2068.43225918,1704153727165,false,true
4000000993,64984.87,0.03296833,2142.44263917,1704153727239,false,true
4000000994,64987.75,0.04733762,3076.36541415,1704153727460,false,true
4000000995,64985.70,0.02657547,1727.02552078,1704153727485,true,true
4000000996,64985.10,0.03363172,2185.56068737,1704153727537,true,true
4000000997,64983.27,0.06299967,4093.92456552,1704153727597,false,true
4000000998,64984.02,0.06448257,4190.33661853,1704153727684,true,true
4000000999,64983.31,0.05896483,3831.72982699,1704153727764,false,true
4000001000,64983.01,0.04471237,2905.54438683,1704153727851,true,true
4000001001,64984.23,0.07947145,5164.39098523,1704153727966,false,true
4000001002,64985.66,0.01614465,1049.17073572,1704153728096,true,true
4000001003,64984.30,0.04617041,3000.35177456,1704153728190,false,true
4000001004,64984.63,0.14596936,9485.76485094,1704153728250,true,true
4000001005,64982.63,0.02961452,1924.42939579,1704153728399,true,true
4000001006,64983.26,0.06018117,3910.76861721,1704153728432,false,true
4000001007,64984.00,0.03422169,2223.86230296,1704153728497,true,true
4000001008,64984.84,0.11989379,7791.27876014,1704153728604,true,true
4000001009,64984.97,0.05249182,3411.17934795,1704153728749,true,true
4000001010,64984.42,0.08418664,5470.81997215,1704153728880,false,true
4000001011,64984.36,0.16251856,10561.16460972,1704153728936,false,true
4000001012,64984.01,0.12234751,7950.63181332,1704153729002,true,true
4000001013,64984.36,0.02550372,1657.34292182,1704153729103,false,true
4000001014,64984.33,0.08354438,5429.07555957,1704153729255,false,true
4000001015,64984.08,0.01544989,1003.99688775,1704153729427,true,true
4000001016,64981.98,0.06791928,4413.52929457,1704153729457,false,true
4000001017,64980.92,0.06878930,4469.99200016,1704153729606,true,true
4000001018,64980.69,0.03551068,2307.50848877,1704153729606,true,true
4000001019,64981.36,0.05998743,3898.06478430,1704153729677,true,true
4000001020,64982.29,0.05905740,3837.68509345,1704153729681,false,true
4000001021,64979.20,0.15798705,10265.87211936,1704153729773,true,true
4000001022,64978.74,0.02278315,1480.42038023,1704153729987,true,true
4000001023,64977.76,0.03039312,1974.87685701,1704153730120,false,true
4000001024,64978.15,0.03142202,2041.74472886,1704153730234,false,true
4000001025,64977.12,0.04788551,3111.46252953,1704153730238,false,true
4000001026,64977.12,0.05072268,3295.81366508,1704153730956,false,true
4000001027,64977.37,0.02883805,1873.82064493,1704153731066,false,true
4000001028,64975.04,0.04483279,2913.01232356,1704153731077,false,true
4000001029,64974.46,0.15060875,9785.72220253,1704153731130,true,true
4000001030,64975.58,0.04477517,2909.29264035,1704153731157,true,true
4000001031,64977.27,0.03575150,2323.03486840,1704153731222,false,true
4000001032,64977.71,0.05775834,3753.00466660,1704153731589,false,true
4000001033,64978.88,0.01207205,784.42828830,1704153731798,true,true
4000001034,64976.92,0.03289307,2137.29037794,1704153731901,true,true
4000001035,64977.22,0.01835714,1192.79592435,1704153731977,true,true
4000001036,64975.37,0.06075897,3947.83655657,1704153731992,false,true
4000001037,64977.22,0.07096600,4611.17339452,1704153732133,true,true
4000001038,64977.38,0.08397593,5456.53591446,1704153732223,true,true
4000001039,64980.08,0.05358320,3481.84062266,1704153732235,false,true
4000001040,64978.85,0.01862344,1210.12971424,1704153732569,false,true
4000001041,64977.53,0.05428681,3527.42282538,1704153732608,true,true
4000001042,64979.58,0.03716307,2414.84068011,1704153732694,true,true
4000001043,64980.31,0.12671485,8233.97023460,1704153732722,true,true
4000001044,64980.63,0.07724147,5019.19938273,1704153732743,true,true
4000001045,64983.15,0.11560718,7512.51871902,1704153732879,true,true
4000001046,64981.31,0.02561433,1664.45271817,1704153732884,true,true
4000001047,64979.33,0.05485986,3564.75694669,1704153733412,false,true
4000001048,64981.63,0.02411797,1567.22500289,1704153733932,false,true
4000001049,64982.63,0.03913326,2542.98215527,1704153734039,false,true
4000001050,64985.05,0.07158120,4651.70786106,1704153734136,false,true
4000001051,64983.62,0.04953543,3218.99155966,1704153734160,true,true
4000001052,64985.81,0.04361588,2834.41329066,1704153734306,false,true
4000001053,64986.79,0.05155517,3350.40500620,1704153734355,true,true
4000001054,64985.95,0.03693711,2400.39318360,1704153734388,true,true
4000001055,64984.01,0.05797938,3767.73260971,1704153734474,false,true
4000001056,64984.56,0.12340681,8019.53724885,1704153734714,false,true
4000001057,64984.39,0.07248400,4710.32852476,1704153734821,false,true
4000001058,64984.48,0.06567825,4268.06692356,1704153734854,false,true
4000001059,64983.20,0.06373624,4141.78483117,1704153735253,false,true
4000001060,64984.73,0.12016148,7808.66133420,1704153735339,false,true
4000001061,64987.52,0.04839859,3145.30433560,1704153735498,true,true
4000001062,64987.79,0.03049814,1982.00671771,1704153735602,true,true
4000001063,64986.03,0.08645471,5618.34837770,1704153735812,false,true
4000001064,64984.03,0.05661464,3679.04746420,1704153735862,false,true
4000001065,64982.85,0.09017322,5859.71282928,1704153735899,true,true
4000001066,64983.57,0.05193237,3374.75080116,1704153736311,true,true
4000001067,64984.16,0.10540678,6849.77105660,1704153736334,true,true
4000001068,64984.41,0.02879443,1871.18904484,1704153736417,true,true
4000001069,64984.16,0.01425115,926.09901178,1704153736459,false,true
4000001070,64983.62,0.03905163,2537.71628430,1704153736665,false,true
4000001071,64982.56,0.10302691,6694.95236069,1704153736901,true,true
4000001072,64983.33,0.05835985,3792.41739130,1704153736948,false,true
4000001073,64983.04,0.07900615,5134.05980570,1704153736987,true,true
4000001074,64980.36,0.07502629,4875.23533366,1704153737097,false,true
4000001075,64981.81,0.04375951,2843.57216451,1704153737099,false,true
4000001076,64981.52,0.02083978,1354.20058087,1704153737249,true,true
4000001077,64982.28,0.05955132,3869.78055061,1704153737257,false,true
4000001078,64983.59,0.02965364,1926.99998377,1704153737320,false,true
4000001079,64983.65,0.03897675,2532.85148014,1704153737341,false,true
4000001080,64981.97,0.01780850,1157.23141275,1704153737376,false,true
4000001081,64981.54,0.11383306,7397.04754171,1704153737603,false,true
4000001082,64983.62,0.05856594,3805.82678990,1704153737652,true,true
4000001083,64979.77,0.06376841,4143.65661507,1704153737691,true,true
4000001084,64976.21,0.08567372,5566.75362220,1704153737715,true,true
4000001085,64974.56,0.03070604,1995.11143834,1704153737818,true,true
4000001086,64972.54,0.04408587,2864.37095201,1704153737871,false,true
4000001087,64970.03,0.03826486,2486.06910215,1704153737927,false,true
4000001088,64969.96,0.08321577,5406.52524827,1704153738138,false,true
4000001089,64970.72,0.03188852,2071.82010413,1704153738139,false,true
4000001090,64973.78,0.02523638,1639.70300212,1704153738140,false,true
4000001091,64972.70,0.06177442,4013.65085833,1704153738140,false,true
4000001092,64971.67,0.07769386,5047.89983295,1704153738202,true,true
4000001093,64972.88,0.11567155,7515.51373756,1704153738261,false,true
4000001094,64972.76,0.09354245,6077.71115366,1704153738441,false,true
4000001095,64974.95,0.02788471,1811.80763801,1704153738482,true,true
4000001096,64974.83,0.01680485,1091.89227193,1704153738722,false,true
4000001097,64975.32,0.07857967,5105.73920374,1704153738842,true,true
4000001098,64975.04,0.11463201,7448.21943503,1704153738844,false,true
4000001099,64976.73,0.06279201,4080.01947993,1704153738857,false,true
4000001100,64976.46,0.12851623,8350.52967795,1704153738890,true,true
4000001101,64977.44,0.08823708,5733.41957148,1704153738936,false,true
4000001102,64978.98,0.00669250,434.87182365,1704153739131,false,true
4000001103,64977.65,0.13753551,8936.73423135,1704153739138,true,true
4000001104,64977.74,0.03980915,2586.70859832,1704153739164,false,true
4000001105,64979.18,0.01976238,1284.14324725,1704153739180,true,true
4000001106,64979.30,0.03184719,2069.40811317,1704153739253,true,true
4000001107,64979.27,0.04277019,2779.17572396,1704153739437,false,true
4000001108,64975.24,0.03990939,2593.12219350,1704153739579,false,true
4000001109,64974.76,0.08163023,5303.90460299,1704153739584,true,true
4000001110,64976.36,0.03783108,2458.12587327,1704153739711,false,true
4000001111,64977.31,0.16430986,10676.41270928,1704153739741,true,true
4000001112,64978.85,0.08695803,5650.43278767,1704153739763,false,true
4000001113,64978.73,0.06741498,4380.53978338,1704153739764,true,true
4000001114,64981.15,0.06574325,4272.07198974,1704153739877,false,true
4000001115,64980.72,0.06033025,3920.30308278,1704153739888,false,true
4000001116,64978.29,0.01951683,1268.17023962,1704153740010,true,true
4000001117,64980.21,0.06862017,4458.95305684,1704153740205,true,true
4000001118,64980.94,0.06819712,4431.51296289,1704153740399,true,true
4000001119,64981.05,0.01689778,1098.03548707,1704153740425,false,true
4000001120,64980.55,0.02959632,1923.18515158,1704153740711,false,true
4000001121,64979.02,0.05305757,3447.62890218,1704153740860,false,true
4000001122,64979.36,0.07154969,4649.25306440,1704153741024,false,true
4000001123,64978.93,0.15289888,9935.20562060,1704153741125,true,true
4000001124,64979.68,0.05786286,3759.91012668,1704153741163,false,true
4000001125,64979.64,0.05085109,3304.28552181,1704153741222,true,true
4000001126,64979.75,0.05565820,3616.65592145,1704153741409,true,true
4000001127,64979.91,0.13010635,8454.29891343,1704153741505,true,true
4000001128,64978.58,0.08039103,5223.69497414,1704153741605,false,true
4000001129,64977.62,0.03540093,2300.26817719,1704153741619,true,true
4000001130,64977.09,0.04840702,3145.34729517,1704153741636,true,true
4000001131,64977.76,0.03749696,2436.46846761,1704153741648,false,true
4000001132,64975.30,0.03055236,1985.14875671,1704153741741,true,true
4000001133,64974.97,0.03220365,2092.43119264,1704153741857,false,true
4000001134,64977.95,0.09077507,5898.37795971,1704153741941,false,true
4000001135,64978.40,0.04276028,2778.49457795,1704153741948,true,true
4000001136,64975.24,0.03018062,1960.99302785,1704153742005,false,true
4000001137,64974.55,0.01698231,1103.41795021,1704153742010,false,true
4000001138,64975.65,0.06221540,4042.48605501,1704153742414,true,true
4000001139,64977.54,0.08688945,5645.86271295,1704153742440,true,true
4000001140,64976.47,0.04641749,3016.04464646,1704153742464,true,true
4000001141,64976.46,0.02685737,1745.09682751,1704153742591,false,true
4000001142,64975.46,0.08390084,5451.49567339,1704153742859,true,true
4000001143,64975.91,0.06940435,4509.61079921,1704153742910,false,true
4000001144,64978.72,0.30473702,19801.42149621,1704153742964,false,true
4000001145,64976.96,0.27339405,17764.31425109,1704153743022,false,true
4000001146,64977.10,0.02651700,1722.99776070,1704153743139,true,true
4000001147,64976.18,0.04257016,2766.04637879,1704153743464,true,true
4000001148,64976.09,0.23132433,15030.55048527,1704153743527,false,true
4000001149,64975.48,0.00919530,597.46903124,1704153743618,true,true
4000001150,64976.69,0.04895860,3181.16777503,1704153743649,false,true
4000001151,64976.87,0.04528886,2942.72836867,1704153743795,true,true
4000001152,64976.57,0.10606148,6891.51117952,1704153744120,true,true
4000001153,64976.79,0.05736871,3727.63462224,1704153744138,false,true
4000001154,64975.52,0.08998950,5847.11455704,1704153744346,false,true
4000001155,64976.73,0.06961484,4523.34466267,1704153744511,true,true
4000001156,64976.31,0.01749489,1136.75339606,1704153744729,false,true
4000001157,64975.61,0.02408853,1565.16693075,1704153744842,true,true
4000001158,64974.89,0.12593004,8182.29049670,1704153744852,true,true
4000001159,64977.20,0.07127541,4631.27657065,1704153745064,false,true
4000001160,64974.71,0.09151616,5946.23595631,1704153745096,true,true
4000001161,64973.59,0.02565097,1666.63560788,1704153745283,false,true
4000001162,64972.69,0.07055360,4584.05718118,1704153745380,false,true
4000001163,64973.69,0.08862641,5758.38488915,1704153745386,false,true
4000001164,64973.52,0.02756685,1791.11527981,1704153745499,false,true
4000001165,64972.51,0.04937227,3207.84030630,1704153745561,false,true
4000001166,64972.91,0.06009372,3904.46386113,1704153745567,true,true
4000001167,64972.42,0.05807785,3773.45846290,1704153745752,true,true
4000001168,64972.95,0.06330600,4113.17757270,1704153745835,true,true
4000001169,64972.40,0.03616313,2349.60534761,1704153746001,true,true
4000001170,64972.41,0.06301123,4093.99147016,1704153746049,true,true
4000001171,64972.96,0.04437817,2883.38106428,1704153746117,true,true
4000001172,64972.23,0.07687714,4994.87922182,1704153746120,true,true
4000001173,64970.80,0.26674043,17330.33912944,1704153746697,true,true
4000001174,64970.05,0.05635502,3661.38846715,1704153746910,false,true
4000001175,64970.48,0.08681755,5640.57789592,1704153747149,true,true
4000001176,64970.84,0.05696306,3700.93785717,1704153747475,true,true
4000001177,64972.64,0.02210744,1436.37874044,1704153747622,false,true
4000001178,64973.84,0.07627233,4955.70616585,1704153747651,false,true
4000001179,64972.90,0.04543159,2951.82215391,1704153747688,true,true
4000001180,64970.60,0.05544352,3602.19876051,1704153747837,false,true
4000001181,64972.48,0.05479003,3559.84412837,1704153747842,true,true
4000001182,64973.04,0.07688318,4995.33392947,1704153747962,true,true
4000001183,64975.01,0.06658717,4326.50203662,1704153748023,false,true
4000001184,64974.64,0.15990044,10389.47352484,1704153748272,true,true
4000001185,64977.50,0.05775786,3752.96134815,1704153748304,true,true
4000001186,64974.63,0.15329828,9960.49902264,1704153748351,false,true
4000001187,64975.81,0.02888216,1876.64174055,1704153748437,false,true
4000001188,64972.65,0.07149314,4645.09876262,1704153748472,false,true
4000001189,64971.38,0.04527187,2941.37586908,1704153748493,false,true
4000001190,64970.62,0.07909701,5138.98177985,1704153748526,true,true
4000001191,64972.29,0.04540316,2949.94727844,1704153748648,true,true
4000001192,64974.47,0.02092029,1359.28475500,1704153748651,true,true
4000001193,64973.38,0.04241022,2755.53533994,1704153748935,false,true
4000001194,64973.04,0.04034808,2621.53741576,1704153749339,false,true
4000001195,64971.51,0.02896459,1881.87314883,1704153749373,false,true
4000001196,64973.69,0.18434129,11977.33383066,1704153749422,true,true
4000001197,64972.75,0.04492178,2918.69158150,1704153749519,false,true
4000001198,64973.63,0.01604429,1042.45576207,1704153749671,false,true
4000001199,64972.87,0.04764708,3095.76753472,1704153750136,true,true
4000001200,64974.91,0.15069376,9791.31349356,1704153750183,true,true
4000001201,64971.65,0.02986421,1940.32699965,1704153750230,false,true
4000001202,64973.33,0.02575183,1673.18214869,1704153750495,true,true
4000001203,64972.07,0.06869010,4462.93798551,1704153750834,false,true
4000001204,64974.69,0.02112317,1372.47142257,1704153751022,false,true
4000001205,64975.41,0.06346094,4123.40059549,1704153751140,true,true
4000001206,64975.21,0.10820448,7030.60881094,1704153751173,false,true
4000001207,64974.69,0.02964102,1925.91608578,1704153751253,true,true
4000001208,64972.74,0.04940658,3210.08087663,1704153751311,true,true
4000001209,64973.74,0.02859040,1857.62521610,1704153751337,false,true
4000001210,64976.13,0.06139045,3988.91385996,1704153751376,false,true
4000001211,64974.12,0.08355095,5428.64945141,1704153751553,true,true
4000001212,64977.12,0.08703759,5655.45192994,1704153751805,true,true
4000001213,64975.85,0.05170784,3359.76085566,1704153751840,false,true
4000001214,64975.50,0.05518715,3585.81266482,1704153751899,true,true
4000001215,64974.74,0.10707163,6956.95132063,1704153752011,true,true
4000001216,64971.85,0.04120534,2677.18716968,1704153752102,true,true
4000001217,64969.29,0.07000128,4547.93346069,1704153752787,false,true
4000001218,64967.86,0.04659203,3026.98448216,1704153752888,true,true
4000001219,64965.85,0.04589531,2981.62782516,1704153752931,false,true
4000001220,64964.87,0.06787546,4409.52043509,1704153753008,true,true
4000001221,64963.13,0.07363563,4783.60100432,1704153753098,false,true
4000001222,64964.82,0.12056878,7832.72909032,1704153753258,false,true
4000001223,64966.70,0.09870829,6412.75186394,1704153753406,true,true
4000001224,64967.68,0.07966191,5175.44947707,1704153753430,false,true
4000001225,64965.77,0.03004567,1951.94008672,1704153753505,false,true
4000001226,64965.77,0.12552258,8154.67106209,1704153753704,true,true
4000001227,64965.62,0.03696434,2401.41126599,1704153753778,false,true
4000001228,64964.48,0.08704933,5655.11445780,1704153753973,false,true
4000001229,64960.99,0.04490513,2917.08170088,1704153754032,false,true
4000001230,64961.35,0.01342481,872.09378109,1704153754166,true,true
4000001231,64963.04,0.13305742,8643.81449776,1704153754321,false,true
4000001232,64961.96,0.06419893,4170.48832270,1704153754394,true,true
4000001233,64961.46,0.04036302,2622.04070921,1704153754422,false,true
4000001234,64960.67,0.03633920,2360.61877926,1704153754663,false,true
4000001235,64960.52,0.04913781,3192.01768926,1704153754696,true,true
4000001236,64959.14,0.03484104,2263.24399511,1704153754706,false,true
4000001237,64958.27,0.03838110,2493.16985670,1704153754826,true,true
4000001238,64955.77,0.03363482,2184.77563191,1704153754846,false,true
4000001239,64955.55,0.04369727,2838.38020635,1704153754983,true,true
4000001240,64956.18,0.03252937,2112.98361301,1704153754989,true,true
4000001241,64955.40,0.06030473,3917.11785904,1704153755107,true,true
4000001242,64954.71,0.02355180,1529.80033898,1704153755131,true,true
4000001243,64952.90,0.06221478,4041.03038386,1704153755143,true,true
4000001244,64952.48,0.08648752,5617.57891305,1704153755151,false,true
4000001245,64950.86,0.06986567,4537.83535098,1704153755169,false,true
4000001246,64950.47,0.03182459,2067.02207806,1704153755261,true,true
4000001247,64949.81,0.02295883,1491.17164632,1704153755424,false,true
4000001248,64946.90,0.01385484,899.82890800,1704153755569,false,true
4000001249,64950.74,0.02460430,1598.06749218,1704153755686,false,true
4000001250,64950.03,0.09766560,6343.38364997,1704153755740,true,true
4000001251,64951.29,0.08766932,5694.23542742,1704153755864,true,true
4000001252,64950.39,0.05089749,3305.81182552,1704153756018,true,true
4000001253,64950.47,0.04978116,3233.30973915,1704153756140,false,true
4000001254,64952.52,0.10975367,7128.77744575,1704153757001,true,true
4000001255,64951.41,0.06602912,4288.68444506,1704153757127,true,true
4000001256,64952.37,0.05144666,3341.58249558,1704153757322,false,true
4000001257,64951.77,0.09739949,6326.26927260,1704153757322,false,true
4000001258,64951.26,0.03019452,1961.17211910,1704153757441,true,true
4000001259,64952.13,0.05350985,3475.57873348,1704153757492,false,true
4000001260,64950.64,0.01535516,997.32746930,1704153757621,true,true
4000001261,64948.64,0.05513588,3581.00042120,1704153757717,true,true
4000001262,64947.36,0.12344313,8017.30540364,1704153757886,false,true
4000001263,64947.98,0.03234883,2100.99116386,1704153757933,true,true
4000001264,64947.03,0.04562013,2962.89195171,1704153758133,true,true
4000001265,64948.05,0.03479344,2259.76608079,1704153758174,true,true
4000001266,64952.08,0.06988668,4539.28523029,1704153758404,true,true
4000001267,64950.80,0.03866278,2511.17849122,1704153758653,true,true
4000001268,64950.82,0.01957378,1271.33306150,1704153758657,false,true
4000001269,64949.38,0.07183687,4665.76016764,1704153758732,false,true
4000001270,64950.33,0.04401133,2858.55040724,1704153758746,false,true
4000001271,64950.87,0.01810782,1176.11866280,1704153758819,true,true
4000001272,64952.49,0.05567355,3616.13569964,1704153758845,true,true
4000001273,64954.55,0.03188963,2071.37656632,1704153759031,true,true
4000001274,64956.35,0.12966067,8422.28386175,1704153759378,true,true
4000001275,64956.01,0.03753151,2437.89713888,1704153759454,true,true
4000001276,64955.62,0.02457091,1596.01869301,1704153759790,false,true
4000001277,64954.88,0.02376736,1543.80601672,1704153759868,false,true
4000001278,64956.54,0.06155926,3998.67653456,1704153759914,true,true
4000001279,64955.45,0.03921169,2547.01296921,1704153759962,true,true
4000001280,64955.86,0.07855398,5102.54132732,1704153760034,false,true
4000001281,64956.46,0.06292319,4087.26767431,1704153760035,false,true
4000001282,64955.23,0.03023316,1963.80186143,1704153760088,false,true
4000001283,64954.90,0.06757985,4389.64239876,1704153760129,true,true
4000001284,64954.92,0.06296520,4089.89952878,1704153760180,true,true
4000001285,64954.21,0.05580404,3624.70733301,1704153760320,false,true
4000001286,64954.58,0.05655647,3673.60175513,1704153760344,false,true
4000001287,64953.00,0.03166766,2056.90951998,1704153760494,true,true
4000001288,64952.08,0.03535244,2296.21451108,1704153760649,true,true
4000001289,64951.24,0.02607040,1693.30480730,1704153760825,true,true
4000001290,64950.50,0.05353032,3476.82104916,1704153761140,true,true
4000001291,64948.95,0.05699927,3702.04273727,1704153761294,true,true
4000001292,64947.94,0.05492628,3567.34873786,1704153761540,false,true
4000001293,64945.59,0.02056063,1335.32224612,1704153761690,false,true
4000001294,64944.31,0.02009951,1305.34880829,1704153761765,true,true
4000001295,64945.91,0.05687340,3693.69471779,1704153761842,false,true
4000001296,64947.08,0.12312444,7996.57285464,1704153761859,true,true
4000001297,64949.19,0.09741198,6326.82919730,1704153761908,true,true
4000001298,64947.69,0.02118741,1376.07333658,1704153761972,true,true
4000001299,64945.98,0.07704791,5003.95202190,1704153762427,true,true
4000001300,64945.01,0.07204231,4678.78854337,1704153762538,true,true
4000001301,64945.34,0.02671905,1735.27778673,1704153762636,true,true
4000001302,64945.52,0.12068131,7837.71043223,1704153762969,false,true
4000001303,64944.04,0.03662093,2378.31114276,1704153763046,true,true
4000001304,64941.54,0.03425450,2224.53998193,1704153763436,false,true
4000001305,64942.16,0.05648440,3668.21894230,1704153763620,true,true
4000001306,64940.95,0.08105501,5263.78935166,1704153763631,true,true
4000001307,64942.17,0.01592633,1034.29043034,1704153763757,true,true
4000001308,64942.98,0.05001958,3248.42058355,1704153763851,false,true
4000001309,64941.53,0.08263451,5366.41151020,1704153763994,false,true
4000001310,64940.77,0.10195817,6621.24206759,1704153764039,true,true
4000001311,64942.20,0.03999009,2597.04442280,1704153764091,true,true
4000001312,64942.35,0.05208020,3382.21057647,1704153764155,true,true
4000001313,64943.18,0.07165174,4653.29184813,1704153764254,false,true
4000001314,64945.29,0.06793138,4411.82317420,1704153764309,true,true
4000001315,64947.14,0.01991963,1293.72299836,1704153764460,false,true
4000001316,64946.15,0.06911315,4488.63300687,1704153764520,false,true
4000001317,64944.12,0.03904327,2535.63081207,1704153764546,false,true
4000001318,64941.69,0.12353705,8022.70480461,1704153764566,true,true
4000001319,64943.82,0.04929100,3201.14583162,1704153764575,false,true
4000001320,64946.10,0.05495604,3569.18046944,1704153764646,false,true
4000001321,64946.70,0.04923086,3197.38189516,1704153764713,true,true
4000001322,64944.27,0.06673337,4333.94999929,1704153764782,true,true
4000001323,64945.00,0.09554063,6204.88621535,1704153764856,true,true
4000001324,64944.44,0.06773027,4398.70445620,1704153764963,true,true
4000001325,64945.04,0.03481593,2261.12196649,1704153765029,true,true
4000001326,64943.73,0.04243245,2755.72157604,1704153765133,true,true
4000001327,64943.53,0.03770164,2448.47758839,1704153765279,false,true
4000001328,64944.99,0.10665308,6926.58321407,1704153765793,true,true
4000001329,64945.28,0.02584233,1678.33735770,1704153766068,false,true
4000001330,64946.65,0.07152208,4645.11949703,1704153766471,true,true
4000001331,64948.44,0.07463923,4847.70155130,1704153766517,true,true
4000001332,64949.68,0.05981382,3884.88846858,1704153766596,true,true
4000001333,64948.07,0.04738697,3077.69224465,1704153766664,true,true
4000001334,64950.55,0.03843049,2496.08146227,1704153766668,false,true
4000001335,64952.66,0.03140413,2039.78177849,1704153766771,true,true
4000001336,64954.16,0.06456665,4193.87251476,1704153766777,false,true
4000001337,64956.76,0.04680450,3040.26867342,1704153766819,true,true
4000001338,64958.24,0.07115835,4622.32117730,1704153766859,true,true
4000001339,64959.02,0.07170433,4657.84300656,1704153766860,true,true
4000001340,64959.70,0.06354441,4127.82581028,1704153766880,true,true
4000001341,64957.24,0.07155726,4648.16211156,1704153767030,false,true
4000001342,64954.69,0.05535558,3595.60453867,1704153767082,true,true
4000001343,64955.38,0.05926017,3849.26686121,1704153767102,true,true
4000001344,64950.83,0.05248658,3409.04693486,1704153767135,true,true
4000001345,64948.93,0.06842834,4444.34746468,1704153767300,false,true
4000001346,64947.78,0.10183305,6613.83052813,1704153767315,true,true
4000001347,64948.49,0.08459915,5494.58704778,1704153767486,false,true
4000001348,64948.52,0.02385955,1549.64246037,1704153767638,false,true
4000001349,64947.73,0.05274376,3425.58748366,1704153767639,true,true
4000001350,64949.13,0.03744525,2432.03641013,1704153768046,true,true
4000001351,64948.96,0.04267385,2771.62217670,1704153768172,true,true
4000001352,64950.42,0.04203912,2730.45850043,1704153768416,true,true
4000001353,64949.85,0.07512849,4879.58415623,1704153768548,false,true
4000001354,64947.94,0.09606293,6239.08941386,1704153768713,true,true
4000001355,64947.14,0.04056858,2634.81324486,1704153768859,false,true
4000001356,64947.91,0.09905271,6433.26649434,1704153769081,true,true
4000001357,64948.56,0.05103192,3314.44971804,1704153769154,false,true
4000001358,64948.78,0.08086093,5251.81875317,1704153769156,false,true
4000001359,64951.61,0.10840085,7040.80973287,1704153769381,true,true
4000001360,64953.55,0.03848161,2499.51717922,1704153769396,true,true
4000001361,64954.02,0.03900465,2533.50881619,1704153769683,true,true
4000001362,64950.60,0.02656261,1725.25745707,1704153769831,true,true
4000001363,64950.57,0.09799528,6364.84929331,1704153769958,true,true
4000001364,64951.59,0.03991362,2592.45308166,1704153770250,false,true
4000001365,64951.75,0.02954124,1918.75523517,1704153770259,false,true
4000001366,64951.99,0.02796930,1816.66169391,1704153770266,false,true
4000001367,64953.07,0.04392503,2853.06554834,1704153770350,false,true
4000001368,64954.84,0.03497709,2271.93128462,1704153770434,false,true
4000001369,64956.35,0.11203422,7277.33400630,1704153770562,false,true
4000001370,64958.29,0.03043438,1976.96528201,1704153770571,false,true
4000001371,64957.31,0.04103803,2665.72003650,1704153770854,false,true
4000001372,64958.53,0.09973893,6478.89427657,1704153770990,true,true
4000001373,64958.30,0.12624021,8200.34943324,1704153771096,true,true
4000001374,64954.92,0.04358485,2831.05044496,1704153771167,false,true
4000001375,64956.31,0.02098369,1363.02307258,1704153771264,true,true
4000001376,64959.86,0.05157202,3350.11119912,1704153771346,true,true
4000001377,64956.81,0.02812657,1827.01226344,1704153771489,false,true
4000001378,64955.17,0.08212334,5334.33551067,1704153771500,true,true
4000001379,64951.61,0.03595350,2335.23771013,1704153771576,false,true
4000001380,64951.82,0.02111281,1371.31543481,1704153771581,false,true
4000001381,64951.12,0.06483879,4211.35202994,1704153771864,true,true
4000001382,64950.20,0.03304391,2146.20856328,1704153771989,false,true
4000001383,64950.13,0.03601593,2339.23933557,1704153772148,false,true
4000001384,64948.75,0.03407453,2213.09813034,1704153772245,false,true
4000001385,64948.12,0.10000124,6494.89253567,1704153772319,true,true
4000001386,64948.51,0.04978471,3233.44273528,1704153772512,false,true
4000001387,64949.20,0.05416330,3517.86300436,1704153772649,true,true
4000001388,64947.12,0.06315739,4101.89058722,1704153772669,true,true
4000001389,64944.26,0.02603266,1690.67183953,1704153772688,false,true
4000001390,64943.34,0.02863500,1859.65254090,1704153772693,true,true
4000001391,64943.11,0.03694432,2399.27903764,1704153772699,false,true
4000001392,64942.21,0.13558984,8805.50386315,1704153772722,false,true
4000001393,64939.99,0.02745754,1783.09237302,1704153772807,false,true
4000001394,64940.30,0.03339815,2168.88588045,1704153772876,true,true
4000001395,64941.83,0.01032596,670.58673891,1704153772924,true,true
4000001396,64943.68,0.04439988,2883.49159876,1704153773150,false,true
4000001397,64944.33,0.01871334,1215.32532836,1704153773201,true,true
4000001398,64944.90,0.06279065,4077.93248519,1704153773349,false,true
4000001399,64943.45,0.04043475,2625.97216489,1704153773354,true,true
4000001400,64945.70,0.09905113,6432.94497364,1704153773541,true,true
4000001401,64947.35,0.05351663,3475.76329943,1704153773565,false,true
4000001402,64949.11,0.07944087,5159.61380413,1704153773632,true,true
4000001403,64949.98,0.01902767,1235.84678595,1704153773660,true,true
4000001404,64948.87,0.02850134,1851.12982649,1704153774007,false,true
4000001405,64948.57,0.04495558,2919.80063452,1704153774093,false,true
4000001406,64950.48,0.03859280,2506.62088454,1704153774146,true,true
4000001407,64951.53,0.05063543,3288.84865071,1704153774240,false,true
4000001408,64952.65,0.06897350,4480.01160477,1704153774336,true,true
4000001409,64953.12,0.13728822,8917.29822825,1704153774376,true,true
4000001410,64954.00,0.13653843,8868.71718222,1704153774808,true,true
4000001411,64953.12,0.05308246,3447.87139428,1704153774813,true,true
4000001412,64952.40,0.03391640,2202.95157936,1704153774863,false,true
4000001413,64953.22,0.01931390,1254.49999576,1704153775031,false,true
4000001414,64954.01,0.04219498,2740.73315287,1704153775113,true,true
4000001415,64956.28,0.11685839,7590.68630119,1704153775225,true,true
4000001416,64955.84,0.07129306,4630.90059847,1704153775274,true,true
4000001417,64956.07,0.02959868,1922.61392999,1704153775441,false,true
4000001418,64957.02,0.03269740,2123.92566575,1704153775520,false,true
4000001419,64954.02,0.05656864,3674.36057393,1704153775848,false,true
4000001420,64952.66,0.05901290,3833.04482931,1704153776007,false,true
4000001421,64950.03,0.01497343,972.52472770,1704153776024,false,true
4000001422,64949.85,0.04107119,2667.56762982,1704153776262,false,true
4000001423,64949.00,0.05496197,3569.72498953,1704153776533,false,true
4000001424,64946.99,0.02631051,1708.78842986,1704153776651,true,true
4000001425,64948.82,0.20134292,13076.98506935,1704153776662,true,true
4000001426,64949.85,0.02901495,1884.51665026,1704153776773,true,true
4000001427,64950.45,0.03302510,2144.99510630,1704153776939,true,true
4000001428,64950.48,0.08530000,5540.27594400,1704153777216,true,true
4000001429,64949.80,0.04152203,2696.84754409,1704153777216,true,true
4000001430,64950.21,0.04894595,3179.04973115,1704153777398,false,true
4000001431,64951.93,0.05837354,3791.47408393,1704153777597,false,true
4000001432,64952.61,0.02761814,1793.87027635,1704153777699,false,true
4000001433,64954.92,0.05394285,3503.85350632,1704153777716,true,true
4000001434,64954.33,0.11478073,7455.50541406,1704153777797,false,true
4000001435,64953.58,0.12058782,7832.61061340,1704153777968,true,true
4000001436,64955.14,0.05531292,3592.85846241,1704153778227,true,true
4000001437,64953.05,0.09053480,5880.51139114,1704153778305,false,true
4000001438,64951.15,0.02063268,1340.11629358,1704153778584,false,true
4000001439,64950.97,0.05718257,3714.06338859,1704153778623,false,true
4000001440,64952.66,0.03896794,2531.07135772,1704153778816,true,true
4000001441,64955.24,0.09135682,5934.10416874,1704153778823,true,true
4000001442,64957.26,0.03693509,2399.20224425,1704153778837,true,true
4000001443,64955.94,0.09325370,6057.38174198,1704153778861,false,true
4000001444,64955.44,0.04612437,2996.02874807,1704153778889,true,true
4000001445,64956.49,0.04746305,3083.03313269,1704153778970,false,true
4000001446,64958.24,0.03722982,2418.38358272,1704153778999,true,true
4000001447,64958.21,0.03256910,2115.63043731,1704153779037,false,true
4000001448,64957.72,0.03227647,2096.60590085,1704153779089,false,true
4000001449,64955.98,0.05327415,3460.47462192,1704153779243,false,true
4000001450,64955.21,0.02567691,1667.84908120,1704153779364,false,true
4000001451,64956.27,0.01262661,820.17748834,1704153779717,true,true
4000001452,64959.04,0.08303310,5393.75046422,1704153779727,false,true
4000001453,64959.99,0.03718753,2415.70157692,1704153779741,true,true
4000001454,64959.63,0.12484017,8109.57125234,1704153780000,false,true
4000001455,64957.64,0.04482472,2911.70802486,1704153780436,false,true
4000001456,64956.90,0.04605484,2991.57963640,1704153780509,false,true
4000001457,64956.17,0.03375166,2192.37856474,1704153780765,false,true
4000001458,64956.55,0.21260847,13810.31271198,1704153780831,true,true
4000001459,64955.41,0.10291614,6684.96006932,1704153780943,false,true
4000001460,64954.51,0.01683108,1093.25455417,1704153780988,false,true
4000001461,64956.22,0.10916144,7090.71451216,1704153781025,false,true
4000001462,64952.44,0.05853487,3801.98263158,1704153781031,true,true
4000001463,64951.49,0.08476299,5505.48249736,1704153781353,false,true
4000001464,64951.21,0.03101248,2014.29810110,1704153781581,true,true
4000001465,64950.46,0.02175190,1412.79591087,1704153781614,false,true
4000001466,64951.67,0.05716215,3712.77710329,1704153781651,false,true
4000001467,64952.41,0.10140104,6586.24192451,1704153781698,false,true
4000001468,64951.64,0.08094707,5257.64494969,1704153781720,true,true
4000001469,64950.61,0.17978804,11677.34286870,1704153781806,false,true
4000001470,64951.58,0.08458489,5493.92224963,1704153781806,false,true
4000001471,64951.30,0.00978847,635.77385151,1704153781958,false,true
4000001472,64950.13,0.05421902,3521.53239747,1704153782451,true,true
4000001473,64949.41,0.04298221,2791.66918000,1704153782747,true,true
4000001474,64947.37,0.06929405,4500.46630415,1704153783035,true,true
4000001475,64948.53,0.08959316,5818.94404005,1704153783099,false,true
4000001476,64949.37,0.02888722,1876.20674005,1704153783106,false,true
4000001477,64948.17,0.02700568,1753.96949561,1704153783448,false,true
4000001478,64948.12,0.05672410,3684.12365369,1704153783521,true,true
4000001479,64947.83,0.03988437,2590.40328242,1704153783548,true,true
4000001480,64947.02,0.10530864,6839.48234825,1704153783846,true,true
4000001481,64946.50,0.06485643,4212.19813100,1704153783903,true,true
4000001482,64945.68,0.07109306,4617.18712498,1704153784377,false,true
4000001483,64946.11,0.04166078,2705.70560057,1704153784450,true,true
4000001484,64948.69,0.04754527,3088.00300220,1704153784654,false,true
4000001485,64950.17,0.04449444,2889.92144205,1704153784672,true,true
4000001486,64949.65,0.04379176,2844.25948488,1704153784752,false,true
4000001487,64952.48,0.01357836,881.94815633,1704153785154,false,true
4000001488,64952.50,0.03862867,2509.02868817,1704153785461,false,true
4000001489,64950.93,0.07393122,4801.90149503,1704153785636,true,true
4000001490,64951.53,0.06694230,4348.00480672,1704153785736,false,true
4000001491,64954.11,0.06711538,4359.41977521,1704153785781,true,true
4000001492,64952.62,0.03918786,2545.35417919,1704153785781,false,true
4000001493,64952.34,0.22297701,14482.87856570,1704153785860,true,true
4000001494,64950.62,0.01761734,1144.25715575,1704153785944,false,true
4000001495,64950.21,0.03299344,2142.93085662,1704153785984,false,true
4000001496,64950.74,0.04960467,3221.86002396,1704153786092,true,true
4000001497,64948.10,0.03082022,2001.71473058,1704153786172,true,true
4000001498,64947.85,0.03762226,2443.48489914,1704153786279,true,true
4000001499,64948.33,0.03720697,2416.53056586,1704153786327,false,true
4000001500,64948.89,0.03996077,2595.40765505,1704153786366,false,true
4000001501,64946.13,0.09491662,6164.46714168,1704153786408,false,true
4000001502,64942.83,0.03853397,2502.50506294,1704153786589,true,true
4000001503,64943.09,0.06382897,4145.25054332,1704153786687,true,true
4000001504,64944.95,0.02230605,1448.66530195,1704153786731,true,true
4000001505,64944.09,0.02154546,1399.25029333,1704153786839,false,true
4000001506,64944.19,0.04585214,2977.83009207,1704153786897,true,true
4000001507,64942.89,0.05266084,3419.94713943,1704153786910,true,true
4000001508,64943.46,0.07096439,4608.67302339,1704153787194,false,true
4000001509,64941.42,0.02384851,1548.75610428,1704153787288,true,true
4000001510,64939.14,0.03637078,2361.88717433,1704153787365,false,true
4000001511,64941.49,0.08344667,5419.15108534,1704153787446,true,true
4000001512,64940.98,0.08471938,5501.75956219,1704153787721,true,true
4000001513,64938.99,0.02780764,1805.80005588,1704153787875,false,true
4000001514,64941.57,0.06094561,3957.90359801,1704153788117,false,true
4000001515,64942.21,0.06992679,4541.20028081,1704153788134,false,true
4000001516,64944.14,0.07731066,5020.87432653,1704153788144,true,true
4000001517,64944.51,0.01843799,1197.44622593,1704153788158,false,true
4000001518,64944.97,0.02497760,1622.16948267,1704153788173,false,true
4000001519,64944.96,0.06243557,4054.87559623,1704153788348,true,true
4000001520,64945.61,0.01334274,866.55238837,1704153788637,false,true
4000001521,64946.14,0.08344911,5419.69758094,1704153788870,false,true
4000001522,64949.40,0.02964635,1925.51264469,1704153788891,false,true
4000001523,64947.09,0.04980725,3234.83594840,1704153788996,false,true
4000001524,64948.62,0.07918445,5142.92075296,1704153789026,false,true
4000001525,64949.04,0.07886258,5122.04886292,1704153789122,true,true
4000001526,64949.68,0.04779053,3103.97963053,1704153789209,false,true
4000001527,64949.32,0.02875558,1867.65536721,1704153789281,true,true
4000001528,64950.19,0.04526744,2940.12882881,1704153789340,false,true
4000001529,64950.42,0.07612420,4944.29876216,1704153789861,false,true
4000001530,64950.91,0.06127457,3979.83908136,1704153790040,false,true
4000001531,64950.40,0.02397486,1557.17674694,1704153790089,false,true
4000001532,64951.27,0.06925260,4498.04432080,1704153790135,true,true
4000001533,64952.80,0.04538088,2947.61522246,1704153790177,true,true
4000001534,64953.37,0.03681453,2391.22778847,1704153790406,false,true
4000001535,64951.24,0.05738280,3727.08401467,1704153791238,false,true
4000001536,64950.57,0.05074734,3296.06865898,1704153791372,false,true
4000001537,64951.26,0.05926079,3849.06297910,1704153791483,false,true
4000001538,64953.88,0.11298417,7338.76022008,1704153791491,true,true
4000001539,64955.17,0.04594178,2984.15613000,1704153792075,true,true
4000001540,64957.13,0.11107313,7214.99174492,1704153792115,true,true
4000001541,64956.70,0.02311259,1501.31757485,1704153792309,false,true
4000001542,64955.80,0.03104335,2016.44563393,1704153792424,false,true
4000001543,64954.44,0.07386766,4798.03248941,1704153792606,false,true
4000001544,64955.29,0.06656867,4323.98726476,1704153792729,false,true
4000001545,64955.72,0.06142046,3989.61020203,1704153792737,false,true
4000001546,64954.05,0.01179808,766.33307822,1704153792879,false,true
4000001547,64955.20,0.09923044,6445.53307629,1704153792888,false,true
4000001548,64955.22,0.01794093,1165.35705515,1704153792916,true,true
4000001549,64954.35,0.02763439,1794.97384010,1704153792968,false,true
4000001550,64955.49,0.02792563,1813.92298021,1704153792972,true,true
4000001551,64952.61,0.08789151,5708.78297134,1704153793019,false,true
4000001552,64951.48,0.07974189,5179.35377350,1704153793120,false,true
4000001553,64952.26,0.03378160,2194.19126642,1704153793204,true,true
4000001554,64953.77,0.10188373,6617.73236516,1704153793218,false,true
4000001555,64952.82,0.02279648,1480.69566207,1704153793324,true,true
4000001556,64950.04,0.05971622,3878.57087765,1704153793386,true,true
4000001557,64946.24,0.05273276,3424.79448682,1704153793440,true,true
4000001558,64947.49,0.04646202,3017.59157933,1704153793445,false,true
4000001559,64948.18,0.03109636,2019.65198662,1704153793448,true,true
4000001560,64949.19,0.03538019,2297.91468255,1704153793500,false,true
4000001561,64948.36,0.07731913,5021.75069013,1704153793535,true,true
4000001562,64947.21,0.02624081,1704.26739764,1704153793543,true,true
4000001563,64946.77,0.08347068,5421.15105570,1704153793592,false,true
4000001564,64944.00,0.06689396,4344.36133824,1704153793881,true,true
4000001565,64943.77,0.12556766,8154.83723048,1704153794412,true,true
4000001566,64942.75,0.07569780,4916.02330095,1704153794618,true,true
4000001567,64944.49,0.08486976,5511.82327962,1704153794705,false,true
4000001568,64944.61,0.02901786,1884.55360073,1704153794761,true,true
4000001569,64943.07,0.06584665,4276.28360022,1704153794954,true,true
4000001570,64944.02,0.02671761,1735.14899819,1704153794960,false,true
4000001571,64945.47,0.04928414,3200.78163585,1704153795129,false,true
4000001572,64947.78,0.09405891,6108.91739372,1704153795180,false,true
4000001573,64950.13,0.07782032,5054.43990064,1704153795209,false,true
4000001574,64950.72,0.02167998,1408.13031059,1704153795412,false,true
4000001575,64949.09,0.06789373,4409.63598021,1704153795476,false,true
4000001576,64947.98,0.03137246,2037.57790463,1704153795500,true,true
4000001577,64950.20,0.05576279,3621.80436306,1704153795607,true,true
4000001578,64951.04,0.22269177,14464.06206094,1704153795685,true,true
4000001579,64952.67,0.03761262,2443.04009470,1704153795868,true,true
4000001580,64950.98,0.06841889,4443.87395601,1704153795960,true,true
4000001581,64950.45,0.06455606,4192.94514723,1704153796104,false,true
4000001582,64949.97,0.09200225,5975.54337743,1704153796325,false,true
4000001583,64950.86,0.05864228,3808.86651836,1704153796541,false,true
4000001584,64950.19,0.03464689,2250.32208841,1704153796606,true,true
4000001585,64950.90,0.06461092,4196.53740383,1704153796825,false,true
4000001586,64949.11,0.05936213,3855.51751120,1704153796955,false,true
4000001587,64949.93,0.05424339,3523.10438346,1704153796992,false,true
4000001588,64950.62,0.02179314,1415.47795475,1704153797231,false,true
4000001589,64952.23,0.04277308,2778.20692997,1704153797476,false,true
4000001590,64953.91,0.07531405,4891.94202544,1704153797764,true,true
4000001591,64952.78,0.06848304,4448.16383085,1704153797775,true,true
4000001592,64954.93,0.03570720,2319.35867650,1704153797789,false,true
4000001593,64954.61,0.01247633,810.39514938,1704153798009,true,true
4000001594,64957.76,0.03245734,2108.35610196,1704153798278,false,true
4000001595,64957.81,0.06787062,4408.72683854,1704153798327,true,true
4000001596,64956.58,0.03698626,2402.50095659,1704153798360,true,true
4000001597,64955.87,0.05844367,3796.25943084,1704153798798,false,true
4000001598,64954.85,0.05930174,3851.93562644,1704153798882,true,true
4000001599,64952.39,0.14089395,9151.39878904,1704153798950,false,true
4000001600,64950.88,0.01224433,795.28000851,1704153799295,true,true
4000001601,64949.40,0.10289065,6682.68598311,1704153799297,true,true
4000001602,64951.31,0.04220346,2741.17001353,1704153799432,true,true
4000001603,64953.35,0.03580977,2325.96452423,1704153799466,true,true
4000001604,64952.19,0.04227249,2745.69080225,1704153799522,true,true
4000001605,64952.47,0.03767520,2447.09729774,1704153799765,true,true
4000001606,64950.07,0.11681827,7587.35481378,1704153800242,false,true
4000001607,64950.05,0.06489876,4215.17770694,1704153800275,true,true
4000001608,64950.79,0.16977028,11026.71380452,1704153800399,true,true
4000001609,64952.56,0.02474772,1607.42776816,1704153800403,false,true
4000001610,64954.34,0.02177866,1414.61848638,1704153800482,true,true
4000001611,64951.99,0.09097202,5908.81373332,1704153800743,true,true
4000001612,64953.13,0.01817628,1180.60627776,1704153800831,true,true
4000001613,64951.97,0.09610165,6241.99148775,1704153800998,true,true
4000001614,64951.65,0.05208752,3383.17036841,1704153801126,false,true
4000001615,64949.92,0.02304333,1496.66244003,1704153801189,false,true
4000001616,64949.06,0.03434079,2230.40203016,1704153801210,false,true
4000001617,64945.30,0.04248620,2759.27900486,1704153801390,true,true
4000001618,64946.55,0.02364916,1535.93135240,1704153801438,true,true
4000001619,64944.24,0.05708654,3707.44195453,1704153801583,false,true
4000001620,64945.43,0.01927995,1252.14464313,1704153801649,false,true
4000001621,64946.64,0.15266794,9915.26973872,1704153801918,true,true
4000001622,64947.20,0.21120556,13717.20974643,1704153802048,true,true
4000001623,64945.02,0.01965343,1276.39240442,1704153802075,true,true
4000001624,64944.76,0.03531103,2293.26636870,1704153802145,false,true
4000001625,64944.72,0.06475756,4205.66160208,1704153802512,false,true
4000001626,64946.41,0.09504922,6173.10561230,1704153802827,false,true
4000001627,64944.36,0.06468377,4200.84604504,1704153802983,false,true
4000001628,64945.40,0.15196809,9869.62839229,1704153803025,true,true
4000001629,64944.64,0.05058388,3285.15187640,1704153803139,true,true
4000001630,64945.81,0.04926868,3199.79433023,1704153803206,true,true
4000001631,64945.14,0.06005378,3900.20114963,1704153803243,false,true
4000001632,64942.83,0.02070066,1344.35944327,1704153803387,false,true
4000001633,64942.63,0.05113555,3320.87710350,1704153803435,false,true
4000001634,64941.87,0.02123542,1379.06788504,1704153803589,true,true
4000001635,64941.77,0.03156720,2050.02984194,1704153803596,false,true
4000001636,64941.25,0.07317536,4752.09934760,1704153804311,true,true
4000001637,64944.72,0.02789235,1811.46086089,1704153804483,true,true
4000001638,64945.77,0.05691093,3696.12417027,1704153804528,true,true
4000001639,64944.68,0.07130358,4630.78818595,1704153804630,true,true
4000001640,64943.71,0.03989765,2591.10141128,1704153804962,true,true
4000001641,64944.26,0.04006455,2601.96255198,1704153805056,false,true
4000001642,64944.71,0.06309364,4097.59815264,1704153805073,false,true
4000001643,64946.59,0.02198320,1427.73387729,1704153805398,true,true
4000001644,64945.99,0.16633765,10802.96335352,1704153805577,true,true
4000001645,64945.88,0.08393132,5450.99343696,1704153805624,true,true
4000001646,64948.31,0.04829015,3136.36363215,1704153805863,false,true
4000001647,64946.90,0.02039065,1324.30950648,1704153805883,false,true
4000001648,64946.95,0.05872611,3814.08172986,1704153806036,false,true
4000001649,64942.64,0.10718142,6960.64437375,1704153806041,true,true
4000001650,64941.24,0.10473407,6801.56037605,1704153806125,false,true
4000001651,64942.87,0.01852317,1202.94782130,1704153806137,false,true
4000001652,64943.48,0.03782462,2456.46245248,1704153806225,false,true
4000001653,64943.05,0.17452611,11334.25788804,1704153806334,true,true
4000001654,64944.77,0.04390427,2851.35271717,1704153806401,true,true
4000001655,64946.94,0.08050656,5228.65472193,1704153806673,true,true
4000001656,64949.08,0.05793867,3763.06331292,1704153806735,true,true
4000001657,64946.11,0.02262823,1469.61551469,1704153806755,true,true
4000001658,64948.46,0.08678314,5636.43129696,1704153806830,true,true
4000001659,64950.31,0.03997211,2596.20093585,1704153807267,false,true
4000001660,64948.36,0.01469643,954.50902635,1704153807431,false,true
4000001661,64948.01,0.01115535,724.51778335,1704153807460,true,true
4000001662,64949.97,0.06481753,4209.89662897,1704153807467,false,true
4000001663,64953.15,0.09439159,6131.03110401,1704153807530,false,true
4000001664,64954.77,0.20228879,13139.62182803,1704153807541,true,true
4000001665,64955.28,0.03754892,2439.00061230,1704153807582,true,true
4000001666,64955.31,0.02086147,1355.06325091,1704153807666,false,true
4000001667,64952.95,0.07828133,5084.60331342,1704153807810,false,true
4000001668,64954.39,0.09598904,6234.90953989,1704153807899,true,true
4000001669,64951.42,0.05423877,3522.88513055,1704153808002,false,true
4000001670,64949.29,0.07989648,5189.21964950,1704153808120,true,true
4000001671,64947.91,0.06448074,4187.88929825,1704153808172,false,true
4000001672,64946.92,0.05510033,3578.59672448,1704153808193,true,true
4000001673,64944.90,0.05125801,3328.94633365,1704153808235,true,true
4000001674,64942.02,0.08258231,5363.06202767,1704153808255,false,true
4000001675,64944.17,0.12700233,8248.06090992,1704153808347,true,true
4000001676,64944.04,0.05986310,3887.75156092,1704153808352,false,true
4000001677,64945.21,0.07422072,4820.28024675,1704153808487,false,true
4000001678,64944.22,0.04129352,2681.77544745,1704153808497,false,true
4000001679,64943.52,0.04968168,3226.50317871,1704153808521,true,true
4000001680,64944.11,0.08631039,5605.35146230,1704153808782,false,true
4000001681,64943.55,0.10719871,6961.86478282,1704153808920,false,true
4000001682,64942.75,0.03592891,2333.32221990,1704153809176,true,true
4000001683,64943.10,0.07126453,4628.13949824,1704153809291,true,true
4000001684,64943.57,0.04071583,2644.23135571,1704153809291,true,true
4000001685,64944.22,0.06397557,4154.84349271,1704153809438,false,true
4000001686,64946.74,0.01591754,1033.79233182,1704153809521,true,true
4000001687,64943.90,0.01667633,1083.02590789,1704153809661,false,true
4000001688,64943.37,0.02856964,1855.40870129,1704153809677,false,true
4000001689,64944.06,0.05128903,3330.91784166,1704153810117,false,true
4000001690,64944.68,0.03636586,2361.76914062,1704153810248,true,true
4000001691,64942.83,0.06957594,4518.45844351,1704153810274,true,true
4000001692,64942.33,0.09440138,6130.64557242,1704153810276,false,true
4000001693,64942.74,0.06737311,4375.39436572,1704153810691,true,true
4000001694,64939.95,0.06180251,4013.45190927,1704153810719,true,true
4000001695,64937.49,0.03092895,2008.44838134,1704153810719,false,true
4000001696,64935.95,0.02500765,1623.89551002,1704153810954,true,true
4000001697,64935.79,0.02235490,1451.63309187,1704153810996,true,true
4000001698,64934.14,0.05279191,3427.99727481,1704153811114,true,true
4000001699,64933.00,0.01846644,1199.08134852,1704153811270,false,true
4000001700,64931.53,0.04473987,2905.02821110,1704153811278,false,true
4000001701,64932.69,0.03389899,2201.15260898,1704153811363,false,true
4000001702,64933.91,0.04064377,2639.15890324,1704153811365,true,true
4000001703,64933.69,0.07317943,4751.81042200,1704153811398,false,true
4000001704,64934.28,0.18166833,11796.50220735,1704153811513,false,true
4000001705,64935.43,0.02400707,1558.90941349,1704153811556,false,true
4000001706,64934.56,0.01142009,741.55851931,1704153811695,true,true
4000001707,64934.31,0.01724033,1119.48893272,1704153811927,true,true
4000001708,64933.47,0.03563301,2313.77498584,1704153812064,true,true
4000001709,64934.13,0.06683534,4339.89465615,1704153812077,true,true
4000001710,64930.19,0.13099531,8505.55036741,1704153812106,false,true
4000001711,64930.45,0.05170019,3356.91660179,1704153812161,true,true
4000001712,64931.91,0.12865715,8353.95448466,1704153812165,true,true
4000001713,64933.31,0.06407258,4160.44469964,1704153812181,true,true
4000001714,64933.49,0.07898317,5128.65287936,1704153812235,false,true
4000001715,64936.30,0.07135131,4633.29007155,1704153812255,false,true
4000001716,64935.67,0.02554171,1658.56805180,1704153812408,true,true
4000001717,64937.05,0.03754619,2438.13881734,1704153812638,false,true
4000001718,64937.57,0.05999444,3895.89314711,1704153812828,true,true
4000001719,64940.09,0.03478576,2258.99038512,1704153812841,false,true
4000001720,64938.11,0.02064437,1340.60636994,1704153812862,true,true
4000001721,64937.71,0.09341964,6066.45749062,1704153813026,true,true
4000001722,64939.39,0.08292362,5385.00929939,1704153813044,false,true
4000001723,64940.28,0.02956798,1920.15290023,1704153813227,false,true
4000001724,64940.36,0.14894306,9672.41593590,1704153813314,false,true
4000001725,64941.55,0.06719403,4363.68445895,1704153813369,true,true
4000001726,64941.13,0.03718399,2414.77032851,1704153813437,true,true
4000001727,64941.48,0.14566889,9459.95330656,1704153813502,false,true
4000001728,64938.77,0.06754536,4386.31259761,1704153813558,true,true
4000001729,64939.56,0.05322874,3456.65095495,1704153813763,false,true
4000001730,64940.12,0.04580760,2974.75104091,1704153814264,false,true
4000001731,64940.38,0.06007037,3900.99265454,1704153814398,true,true
4000001732,64938.43,0.01830006,1188.37716531,1704153814522,false,true
4000001733,64937.95,0.02118958,1376.00788656,1704153814565,true,true
4000001734,64936.18,0.08441748,5481.74867643,1704153814610,true,true
4000001735,64936.04,0.01345064,873.43129707,1704153814651,false,true
4000001736,64932.87,0.03954643,2567.86319815,1704153814724,true,true
4000001737,64933.37,0.10299652,6687.91114187,1704153814855,true,true
4000001738,64932.40,0.01525763,990.71453421,1704153814919,true,true
4000001739,64932.79,0.08086002,5250.46669806,1704153814969,false,true
4000001740,64932.42,0.01889975,1227.20650489,1704153815571,false,true
4000001741,64932.29,0.06477139,4205.75467918,1704153815663,true,true
4000001742,64932.33,0.03509395,2278.73194240,1704153815862,false,true
4000001743,64931.44,0.03914144,2541.51006287,1704153816024,true,true
4000001744,64932.13,0.04882569,3170.35605042,1704153816082,false,true
4000001745,64931.20,0.03345308,2172.14862810,1704153816213,false,true
4000001746,64932.05,0.07140238,4636.30290828,1704153816288,true,true
4000001747,64934.62,0.04452069,2890.93408729,1704153816392,true,true
4000001748,64936.20,0.02973350,1930.78050270,1704153816505,true,true
4000001749,64935.51,0.07433868,4827.22009853,1704153816661,true,true
4000001750,64934.45,0.02160212,1402.72178103,1704153816696,true,true
4000001751,64933.56,0.10067934,6537.46796465,1704153816752,true,true
4000001752,64935.40,0.08635627,5607.57893496,1704153816762,true,true
4000001753,64938.17,0.08070042,5240.53759303,1704153816835,false,true
4000001754,64936.98,0.08553138,5554.14951243,1704153816926,true,true
4000001755,64936.10,0.06670427,4331.51514715,1704153816994,false,true
4000001756,64933.02,0.08327762,5407.46736501,1704153817446,false,true
4000001757,64933.38,0.03705444,2406.07003321,1704153817601,false,true
4000001758,64934.92,0.09874286,6411.85971467,1704153817616,true,true
4000001759,64935.30,0.09682112,6287.10847354,1704153817976,true,true
4000001760,64932.90,0.14744701,9574.16195563,1704153818041,true,true
4000001761,64934.25,0.08563002,5560.32112619,1704153818061,false,true
4000001762,64931.21,0.18926452,12289.17429367,1704153818144,false,true
4000001763,64931.41,0.03626492,2354.73238914,1704153818150,true,true
4000001764,64933.77,0.02301621,1494.52928641,1704153818363,false,true
4000001765,64933.04,0.05108990,3317.42252030,1704153818618,false,true
4000001766,64931.42,0.07366695,4783.29967057,1704153818906,true,true
4000001767,64931.74,0.02563196,1664.32776241,1704153819022,true,true
4000001768,64931.87,0.02459934,1597.28114697,1704153819096,false,true
4000001769,64929.15,0.07301387,4740.72851731,1704153819297,false,true
4000001770,64928.40,0.02945309,1912.34200876,1704153819359,false,true
4000001771,64924.92,0.03402365,2208.98275436,1704153819525,true,true
4000001772,64923.18,0.01924674,1249.55956543,1704153819631,true,true
4000001773,64923.82,0.02030056,1317.98990334,1704153819647,true,true
4000001774,64922.95,0.04334110,2813.83206825,1704153819754,true,true
4000001775,64924.71,0.06447931,4186.30050275,1704153819834,false,true
4000001776,64925.29,0.04162367,2702.42884561,1704153819858,true,true
4000001777,64927.79,0.05668301,3680.30256985,1704153820010,false,true
4000001778,64928.97,0.03279095,2129.08260882,1704153820126,true,true
4000001779,64928.62,0.05555393,3607.04001048,1704153820128,true,true
4000001780,64927.25,0.06352937,4124.78728833,1704153820175,true,true
4000001781,64927.22,0.06720959,4363.73183604,1704153820198,false,true
4000001782,64927.90,0.07184644,4664.83847168,1704153820243,false,true
4000001783,64927.17,0.06113097,3969.06088145,1704153820292,true,true
4000001784,64927.66,0.05180143,3363.34563455,1704153820340,false,true
4000001785,64926.58,0.06593351,4280.83731170,1704153820559,false,true
4000001786,64927.28,0.06603293,4287.33853533,1704153820669,true,true
4000001787,64924.89,0.05226000,3392.97475140,1704153820684,false,true
4000001788,64926.38,0.06416609,4166.07194245,1704153820766,false,true
4000001789,64925.51,0.06358718,4128.43009096,1704153820805,true,true
4000001790,64927.60,0.04074592,2645.53479539,1704153820906,false,true
4000001791,64927.87,0.03035785,1971.07053828,1704153820916,false,true
4000001792,64927.24,0.03685952,2393.18690132,1704153820974,true,true
4000001793,64929.73,0.04539884,2947.73442351,1704153821042,true,true
4000001794,64931.06,0.03533134,2294.10135742,1704153821120,false,true
4000001795,64931.63,0.03234947,2100.50381674,1704153821120,true,true
4000001796,64933.13,0.03781558,2455.48397217,1704153821348,true,true
4000001797,64932.16,0.07324688,4756.07813166,1704153821457,true,true
4000001798,64931.72,0.04940988,3208.26849339,1704153821560,true,true
4000001799,64931.27,0.08855584,5750.04315712,1704153821578,false,true
4000001800,64930.18,0.04223422,2742.27550676,1704153821695,false,true
4000001801,64931.39,0.04351741,2825.64592050,1704153821747,true,true
4000001802,64931.22,0.13596955,8828.66876435,1704153821782,false,true
4000001803,64932.52,0.04716313,3062.42088199,1704153821896,false,true
4000001804,64934.70,0.05480036,3558.44493649,1704153821896,true,true
4000001805,64931.65,0.06044995,3925.11499592,1704153821962,true,true
4000001806,64933.41,0.02821926,1832.37277948,1704153822058,true,true
4000001807,64933.89,0.02148653,1395.20397550,1704153822061,false,true
4000001808,64934.94,0.02294457,1489.90427628,1704153822115,true,true
4000001809,64935.97,0.01770084,1149.42121521,1704153822139,false,true
4000001810,64936.22,0.01989936,1292.18921882,1704153822216,false,true
4000001811,64937.65,0.03879527,2519.27366492,1704153822218,false,true
4000001812,64937.02,0.18856442,12244.81151283,1704153822229,false,true
4000001813,64936.10,0.03582064,2326.05266110,1704153822262,true,true
4000001814,64934.74,0.05112045,3319.49312943,1704153822555,false,true
4000001815,64934.48,0.03364934,2185.00239524,1704153822770,false,true
4000001816,64932.18,0.10439699,6778.72414614,1704153822855,true,true
4000001817,64930.19,0.03772619,2449.56868468,1704153822998,true,true
4000001818,64929.71,0.04579755,2973.62164021,1704153823006,false,true
4000001819,64929.60,0.10885524,7067.92719110,1704153823098,false,true
4000001820,64929.79,0.03406996,2212.15534811,1704153823700,true,true
4000001821,64929.17,0.02499460,1622.87863248,1704153823802,false,true
4000001822,64925.94,0.07487413,4861.27327193,1704153824160,true,true
4000001823,64929.14,0.07872692,5111.67121045,1704153824824,false,true
4000001824,64928.81,0.12244748,7950.36916390,1704153824880,false,true
4000001825,64928.98,0.01442732,936.75117173,1704153824920,false,true
4000001826,64927.61,0.06853343,4449.71181500,1704153824947,false,true
4000001827,64929.23,0.07342489,4767.42157053,1704153825114,false,true
4000001828,64930.72,0.04585954,2977.69295107,1704153825149,false,true
4000001829,64931.35,0.07800425,5064.92125824,1704153825161,true,true
4000001830,64928.77,0.05733333,3722.58259690,1704153825284,true,true
4000001831,64928.22,0.07407996,4809.87994047,1704153825318,false,true
4000001832,64927.96,0.05920309,3843.93585940,1704153825515,false,true
4000001833,64930.28,0.03487223,2264.26365812,1704153825695,true,true
4000001834,64928.95,0.02858208,1855.80444322,1704153825702,false,true
4000001835,64930.16,0.05571277,3617.43907014,1704153825710,true,true
4000001836,64932.39,0.13143817,8534.59451533,1704153825754,false,true
4000001837,64932.02,0.04270596,2772.98424884,1704153825856,true,true
4000001838,64931.63,0.08795900,5711.32124317,1704153826030,false,true
4000001839,64931.84,0.11208132,7277.64633723,1704153826031,true,true
4000001840,64929.94,0.10190356,6616.59203659,1704153826151,true,true
4000001841,64928.14,0.16518743,10725.31258128,1704153826226,true,true
4000001842,64927.70,0.07066521,4588.12955532,1704153826339,false,true
4000001843,64930.00,0.07733316,5021.24207880,1704153826445,false,true
4000001844,64929.28,0.03520473,2285.81777149,1704153826606,false,true
4000001845,64928.28,0.05824905,3782.01062813,1704153826613,true,true
4000001846,64927.70,0.09059710,5882.26132967,1704153826788,true,true
4000001847,64926.58,0.15906889,10327.79901210,1704153826807,true,true
4000001848,64926.11,0.08350736,5421.80804117,1704153826808,false,true
4000001849,64924.27,0.03134363,2034.96229690,1704153826896,false,true
4000001850,64925.71,0.01801115,1169.38670167,1704153826923,false,true
4000001851,64926.67,0.17432586,11318.39758469,1704153826975,true,true
4000001852,64925.58,0.02237757,1452.87671124,1704153827089,true,true
4000001853,64924.66,0.09951630,6461.06194196,1704153827208,true,true
4000001854,64923.92,0.05953693,3865.37088037,1704153827402,false,true
4000001855,64924.89,0.05585006,3626.05900199,1704153827433,false,true
4000001856,64925.14,0.11497429,7464.72187465,1704153827598,false,true
4000001857,64926.37,0.04269022,2771.72101910,1704153827626,true,true
4000001858,64928.11,0.26441662,17168.07138919,1704153827635,false,true
4000001859,64928.81,0.05286163,3432.24273056,1704153827662,false,true
4000001860,64926.72,0.02960774,1922.33344481,1704153827665,false,true
4000001861,64927.00,0.07105267,4613.23670509,1704153827823,true,true
4000001862,64926.03,0.09526991,6185.49703476,1704153827825,false,true
4000001863,64927.76,0.01663642,1080.16548502,1704153827966,false,true
4000001864,64925.94,0.10354503,6722.75840508,1704153828309,false,true
4000001865,64925.58,0.07597022,4932.41059623,1704153828444,true,true
4000001866,64929.25,0.02755519,1789.13782031,1704153828710,true,true
4000001867,64929.63,0.04292114,2786.85373938,1704153829032,false,true
4000001868,64929.89,0.03433167,2229.15155662,1704153829090,false,true
4000001869,64926.70,0.01905280,1237.03542976,1704153829095,false,true
4000001870,64926.01,0.03859936,2506.10243335,1704153829289,true,true
4000001871,64925.79,0.05958191,3868.40257646,1704153829546,true,true
4000001872,64928.03,0.01408352,914.41520907,1704153829575,true,true
4000001873,64929.44,0.06963677,4521.47647951,1704153829583,true,true
4000001874,64927.06,0.04736463,3075.24617389,1704153829671,true,true
4000001875,64925.46,0.05029829,3265.63961546,1704153829729,false,true
4000001876,64924.68,0.02044485,1327.37534390,1704153829768,false,true
4000001877,64922.06,0.11000079,7141.47788843,1704153829772,true,true
4000001878,64922.24,0.07435312,4827.17110139,1704153829835,true,true
4000001879,64921.21,0.16276511,10566.90788698,1704153830177,true,true
4000001880,64919.94,0.08576332,5567.74958860,1704153830187,false,true
4000001881,64918.69,0.06051171,3928.34094286,1704153830265,true,true
4000001882,64917.60,0.03232774,2098.63929422,1704153830330,false,true
4000001883,64918.02,0.03052339,1981.51804249,1704153830354,false,true
4000001884,64918.23,0.11809370,7666.43397815,1704153830364,false,true
4000001885,64919.17,0.02740952,1779.40328850,1704153830556,true,true
4000001886,64919.75,0.04427837,2874.54071081,1704153830560,false,true
4000001887,64920.04,0.07295763,4736.41225791,1704153830605,false,true
4000001888,64920.91,0.02171499,1409.75691144,1704153830757,false,true
4000001889,64926.04,0.04866228,3159.44913777,1704153830925,true,true
4000001890,64926.20,0.04798695,3115.61031309,1704153831140,false,true
4000001891,64926.50,0.02752139,1786.86752783,1704153831248,false,true
4000001892,64925.59,0.02851498,1851.35190034,1704153831426,true,true
4000001893,64926.44,0.08137391,5283.31828518,1704153831598,false,true
4000001894,64924.74,0.05612542,3643.92830089,1704153831775,true,true
4000001895,64924.47,0.02590610,1681.93981227,1704153831821,true,true
4000001896,64925.40,0.12946773,8405.74415734,1704153831850,true,true
4000001897,64923.66,0.06338480,4115.17320437,1704153831957,false,true
4000001898,64926.03,0.14114638,9164.07410227,1704153832164,false,true
4000001899,64926.69,0.03119188,2025.18552328,1704153832308,false,true
4000001900,64924.65,0.09060517,5882.50895044,1704153832357,true,true
4000001901,64927.13,0.05827512,3783.63629201,1704153832377,true,true
4000001902,64928.35,0.04271287,2773.27617286,1704153832492,true,true
4000001903,64926.11,0.02348966,1525.09224902,1704153832520,true,true
4000001904,64924.74,0.08005289,5197.41306950,1704153832534,false,true
4000001905,64923.32,0.03785789,2457.85990699,1704153832546,true,true
4000001906,64924.76,0.07952205,5162.95001096,1704153832692,false,true
4000001907,64923.84,0.05139784,3336.94514051,1704153833104,false,true
4000001908,64923.62,0.07665108,4976.46559051,1704153833113,true,true
4000001909,64925.24,0.06460211,4194.30749626,1704153833358,false,true
4000001910,64924.53,0.06024009,3911.05953041,1704153833454,false,true
4000001911,64924.00,0.05156669,3347.91578156,1704153833704,true,true
4000001912,64924.66,0.06727049,4367.51369128,1704153833858,false,true
4000001913,64922.74,0.05687430,3692.43539158,1704153833968,true,true
4000001914,64920.57,0.04929607,3200.32896316,1704153833968,false,true
4000001915,64920.89,0.05929073,3849.20696035,1704153834174,false,true
4000001916,64917.79,0.04040283,2622.86243335,1704153834251,true,true
4000001917,64915.71,0.03183074,2066.31508693,1704153834517,false,true
4000001918,64913.57,0.06436309,4178.03794813,1704153834561,true,true
4000001919,64911.59,0.02451099,1591.04733337,1704153834596,false,true
4000001920,64913.47,0.02817730,1829.08631823,1704153834898,false,true
4000001921,64914.22,0.10180069,6608.31238681,1704153835262,false,true
4000001922,64914.41,0.16779145,10892.08297979,1704153835385,false,true
4000001923,64913.58,0.18170629,11795.20579242,1704153835545,true,true
4000001924,64913.92,0.09919462,6439.11162711,1704153835645,true,true
4000001925,64914.49,0.04964899,3222.93886487,1704153835826,false,true
4000001926,64913.77,0.08961451,5817.21569080,1704153835914,false,true
4000001927,64913.23,0.05283168,3429.47499513,1704153836087,true,true
4000001928,64911.49,0.09816867,6372.27464102,1704153836150,true,true
4000001929,64912.19,0.05100825,3311.05721557,1704153836199,true,true
4000001930,64912.18,0.02505495,1626.37142429,1704153836298,false,true
4000001931,64912.35,0.21681403,14073.90820027,1704153836512,false,true
4000001932,64912.83,0.03674946,2385.51144957,1704153836525,false,true
4000001933,64912.35,0.10208480,6626.56426728,1704153836535,false,true
4000001934,64912.53,0.02034425,1320.59673845,1704153836590,false,true
4000001935,64912.61,0.05840583,3791.27486452,1704153836620,true,true
4000001936,64911.72,0.01700458,1103.79653568,1704153836748,true,true
4000001937,64911.08,0.01431193,929.00283318,1704153836794,false,true
4000001938,64911.21,0.05094720,3307.04439811,1704153836976,true,true
4000001939,64912.46,0.03888449,2524.08790175,1704153836987,false,true
4000001940,64908.66,0.11743783,7622.73217861,1704153837013,false,true
4000001941,64908.17,0.03454268,2242.10214570,1704153837212,true,true
4000001942,64908.59,0.03637032,2360.74618905,1704153837279,false,true
4000001943,64909.58,0.06985737,4534.41254660,1704153837305,true,true
4000001944,64910.06,0.10297609,6684.18418047,1704153837321,true,true
4000001945,64910.36,0.08656998,5619.28856699,1704153837385,false,true
4000001946,64909.79,0.08622216,5596.66229895,1704153837393,false,true
4000001947,64910.61,0.02251908,1461.72721944,1704153837401,false,true
4000001948,64910.85,0.08230684,5342.60694521,1704153837911,true,true
4000001949,64912.27,0.07794552,5059.62063953,1704153838148,true,true
4000001950,64913.98,0.19014226,12342.89086279,1704153838646,true,true
4000001951,64913.27,0.02132254,1384.11579611,1704153838793,true,true
4000001952,64912.27,0.10495452,6812.83613996,1704153838840,true,true
4000001953,64913.25,0.02876441,1867.19133743,1704153838957,false,true
4000001954,64912.04,0.03704264,2404.51332939,1704153838990,true,true
4000001955,64908.40,0.01961964,1273.47944098,1704153839109,false,true
4000001956,64909.38,0.03661695,2376.78352199,1704153839285,true,true
4000001957,64909.01,0.04328723,2809.73124494,1704153839328,false,true
4000001958,64909.57,0.06959932,4517.66193349,1704153839649,false,true
4000001959,64906.75,0.02163923,1404.53209180,1704153839698,true,true
4000001960,64906.39,0.11680136,7581.15462469,1704153839789,true,true
4000001961,64908.44,0.04426576,2873.22142701,1704153839791,false,true
4000001962,64909.17,0.03215474,2087.13748497,1704153839887,false,true
4000001963,64910.93,0.03059388,1985.87720311,1704153840032,false,true
4000001964,64910.56,0.02232799,1449.32233457,1704153840080,false,true
4000001965,64910.41,0.05118403,3322.37637275,1704153840089,true,true
4000001966,64911.13,0.11084529,7195.09302908,1704153840117,false,true
4000001967,64912.74,0.07750659,5031.16512496,1704153840452,true,true
4000001968,64912.79,0.06363743,4130.88312973,1704153840498,true,true
4000001969,64912.60,0.03211673,2084.78044780,1704153840533,false,true
4000001970,64912.26,0.09466107,6144.66398772,1704153840572,true,true
4000001971,64912.37,0.03931860,2552.26351108,1704153840635,true,true
4000001972,64913.13,0.08779346,5698.94828213,1704153840800,true,true
4000001973,64913.30,0.01650925,1071.66989803,1704153840802,true,true
4000001974,64911.24,0.11106640,7209.45774634,1704153841120,true,true
4000001975,64910.56,0.04116052,2671.75240309,1704153841157,true,true
4000001976,64909.03,0.05805425,3768.24505488,1704153841273,false,true
4000001977,64909.73,0.05763277,3740.92753985,1704153841294,false,true
4000001978,64909.82,0.05468591,3549.65257464,1704153841455,true,true
4000001979,64906.56,0.05380955,3492.59278565,1704153841895,true,true
4000001980,64905.40,0.08224875,5338.38801825,1704153842005,true,true
4000001981,64905.06,0.05479420,3556.42083865,1704153842065,true,true
4000001982,64904.20,0.04269310,2770.96150102,1704153842101,false,true
4000001983,64906.16,0.03036357,1970.78273259,1704153842184,true,true
4000001984,64905.33,0.02119702,1375.79957812,1704153842510,true,true
4000001985,64905.23,0.03203455,2079.20983570,1704153842719,false,true
4000001986,64903.77,0.02582390,1676.06846610,1704153842848,true,true
4000001987,64903.66,0.09672685,6277.92658527,1704153842884,true,true
4000001988,64900.84,0.02064574,1339.92586842,1704153842885,true,true
4000001989,64901.11,0.02125718,1379.61457747,1704153842948,true,true
4000001990,64898.47,0.02571536,1668.88751950,1704153842974,true,true
4000001991,64896.09,0.08456725,5488.08386705,1704153843018,false,true
4000001992,64898.14,0.04187385,2717.53497964,1704153843064,false,true
4000001993,64895.66,0.09548113,6196.31094890,1704153843075,true,true
4000001994,64894.04,0.02281958,1480.85473730,1704153843094,false,true
4000001995,64894.01,0.01253205,813.25497802,1704153843140,false,true
4000001996,64896.63,0.04569855,2965.68189089,1704153843149,false,true
4000001997,64896.05,0.02505807,1626.16976362,1704153843314,true,true
4000001998,64896.71,0.08331271,5406.72078018,1704153843341,true,true
4000001999,64898.15,0.18902997,12267.69534756,1704153843551,false,true
4000002000,64898.35,0.06060412,3933.10739120,1704153843728,false,true
4000002001,64898.17,0.18195925,11808.82233957,1704153843851,false,true
4000002002,64896.13,0.02134357,1385.11509338,1704153843894,false,true
4000002003,64895.30,0.06994106,4538.84607102,1704153844004,false,true
4000002004,64893.18,0.05660955,3673.57371787,1704153844011,false,true
4000002005,64893.18,0.04651448,3018.47252325,1704153844559,true,true
4000002006,64894.61,0.07586371,4923.14587360,1704153844674,false,true
4000002007,64897.02,0.04599332,2984.82940791,1704153844754,true,true
4000002008,64896.23,0.08605375,5584.56395236,1704153845030,false,true
4000002009,64898.86,0.04980766,3232.46035327,1704153845166,true,true
4000002010,64898.51,0.05765728,3741.87156265,1704153845216,false,true
4000002011,64899.79,0.07387077,4794.19746014,1704153845377,true,true
4000002012,64900.39,0.04043460,2624.22130949,1704153845631,true,true
4000002013,64899.98,0.12474012,8095.63129320,1704153845688,true,true
4000002014,64898.44,0.02755848,1788.50236077,1704153845754,false,true
4000002015,64900.03,0.25366282,16462.72462788,1704153845963,true,true
4000002016,64901.37,0.05304646,3442.78792765,1704153846168,false,true
4000002017,64900.66,0.08917145,5787.28595816,1704153846231,true,true
4000002018,64900.21,0.04257943,2763.41394868,1704153846566,false,true
4000002019,64904.03,0.02377107,1542.83824041,1704153846860,true,true
4000002020,64903.91,0.03038480,1972.09232457,1704153846879,false,true
4000002021,64902.06,0.04532245,2941.52036925,1704153846966,true,true
4000002022,64903.83,0.10808961,7015.42967221,1704153847105,false,true
4000002023,64901.05,0.03457869,2244.19328862,1704153847178,false,true
4000002024,64902.63,0.08999773,5841.08937103,1704153847207,false,true
4000002025,64902.67,0.02072173,1344.89560402,1704153847278,false,true
4000002026,64902.49,0.03536073,2294.99942522,1704153847569,true,true
4000002027,64902.59,0.03281472,2129.76031812,1704153847649,false,true
4000002028,64903.18,0.04157039,2698.05050484,1704153847744,false,true
4000002029,64903.08,0.03862426,2506.83343672,1704153848000,true,true
4000002030,64905.30,0.03268044,2121.13376233,1704153848129,true,true
4000002031,64903.67,0.09731782,6316.28367440,1704153848189,true,true
4000002032,64902.52,0.02742976,1780.26054700,1704153848395,true,true
4000002033,64902.64,0.06705082,4351.77523216,1704153848406,false,true
4000002034,64902.44,0.01221641,792.87481704,1704153848421,true,true
4000002035,64900.55,0.11914865,7732.81291676,1704153848528,true,true
4000002036,64901.06,0.05011322,3252.40109801,1704153848762,true,true
4000002037,64902.31,0.04678345,3036.35397477,1704153848904,false,true
4000002038,64902.81,0.02493346,1618.25161702,1704153848935,true,true
4000002039,64901.40,0.07889045,5120.10065163,1704153848954,false,true
4000002040,64903.95,0.03346603,2172.07753782,1704153849030,false,true
4000002041,64903.30,0.04091419,2655.46594783,1704153849231,true,true
4000002042,64902.74,0.02301581,1493.78913232,1704153849810,false,true
4000002043,64906.21,0.20810603,13507.37368545,1704153849891,true,true
4000002044,64907.00,0.02696745,1750.37627715,1704153849950,true,true
4000002045,64908.28,0.04690749,3044.68449502,1704153849979,true,true
4000002046,64908.00,0.01684904,1093.63748832,1704153849985,true,true
4000002047,64908.60,0.03771327,2447.91555712,1704153850047,false,true
4000002048,64910.69,0.04586975,2977.43712263,1704153850636,true,true
4000002049,64909.45,0.04254258,2761.41546938,1704153851215,true,true
4000002050,64909.52,0.02752529,1786.65336176,1704153851256,true,true
4000002051,64909.21,0.03443080,2234.87602767,1704153851318,true,true
4000002052,64910.84,0.10422688,6765.45433138,1704153851522,true,true
4000002053,64912.16,0.02329013,1511.81264498,1704153851544,false,true
4000002054,64913.59,0.10111753,6563.90188423,1704153851563,false,true
4000002055,64914.06,0.13280117,8620.66311745,1704153851564,true,true
4000002056,64913.78,0.02299614,1492.76637281,1704153852122,true,true
4000002057,64915.88,0.16216743,10527.24142579,1704153852352,false,true
4000002058,64916.45,0.04430509,2876.12915973,1704153852376,true,true
4000002059,64920.24,0.08617145,5594.27121515,1704153852488,true,true
4000002060,64922.21,0.04263663,2768.06424655,1704153852492,false,true
4000002061,64922.31,0.10005953,6496.09582511,1704153852878,true,true
4000002062,64921.51,0.03103641,2014.93060218,1704153853076,true,true
4000002063,64920.16,0.02087743,1355.36609599,1704153853207,true,true
4000002064,64919.83,0.11842559,7688.16917045,1704153853222,false,true
4000002065,64921.27,0.07060699,4583.89546168,1704153853311,true,true
4000002066,64923.12,0.05597331,3633.96192193,1704153853350,true,true
4000002067,64923.05,0.01720793,1117.19129979,1704153853432,false,true
4000002068,64922.11,0.03018871,1959.91475138,1704153853445,true,true
4000002069,64925.00,0.08328023,5406.96893275,1704153853470,true,true
4000002070,64925.11,0.04476467,2906.35112386,1704153853566,true,true
4000002071,64925.74,0.02630033,1707.56838749,1704153853675,true,true
4000002072,64925.17,0.01780116,1155.74333920,1704153853849,false,true
4000002073,64928.15,0.03801371,2468.15986494,1704153853963,false,true
4000002074,64928.93,0.09973202,6475.49334534,1704153853979,true,true
4000002075,64929.60,0.06716846,4361.22124042,1704153854082,false,true
4000002076,64929.83,0.04396101,2854.38090593,1704153854170,true,true
4000002077,64928.66,0.08831106,5733.91878898,1704153854533,false,true
4000002078,64929.87,0.05001364,3247.37914343,1704153854624,true,true
4000002079,64930.30,0.02112242,1371.48506733,1704153854731,false,true
4000002080,64929.71,0.02516114,1633.70552347,1704153854785,true,true
4000002081,64928.76,0.04533629,2943.62909270,1704153854999,false,true
4000002082,64928.83,0.07355705,4775.97319475,1704153855222,false,true
4000002083,64930.70,0.04031353,2617.58572237,1704153855277,false,true
4000002084,64932.08,0.09155355,5944.76243288,1704153855313,false,true
4000002085,64929.80,0.12028793,7810.27123731,1704153855323,false,true
4000002086,64929.76,0.09400658,6103.82467782,1704153855418,true,true
4000002087,64931.86,0.07595086,4931.63060840,1704153855567,true,true
4000002088,64932.35,0.08594516,5580.62120993,1704153855781,true,true
4000002089,64931.17,0.03407436,2212.48806180,1704153856391,false,true
4000002090,64930.87,0.05286332,3432.46135869,1704153856401,true,true
4000002091,64931.36,0.06133481,3982.55262864,1704153856409,true,true
4000002092,64930.50,0.03222338,2092.28017509,1704153856448,false,true
4000002093,64931.20,0.03648957,2369.31156758,1704153856507,false,true
4000002094,64932.57,0.04460819,2896.52441975,1704153856831,false,true
4000002095,64933.61,0.11875991,7711.50967958,1704153857046,false,true
4000002096,64931.86,0.05245793,3406.19096665,1704153857296,true,true
4000002097,64930.01,0.03850970,2500.43520610,1704153857319,true,true
4000002098,64931.35,0.04107587,2667.11169152,1704153857488,false,true
4000002099,64933.08,0.04313903,2801.15008611,1704153857724,true,true
4000002100,64932.34,0.05232295,3397.45157920,1704153857814,false,true
4000002101,64932.76,0.06474867,4204.30984943,1704153857980,false,true
4000002102,64934.93,0.06848329,4446.95764232,1704153858133,true,true
4000002103,64934.94,0.11374276,7385.87929603,1704153858158,true,true
4000002104,64937.49,0.04557381,2959.44883114,1704153858198,true,true
4000002105,64934.42,0.09361354,6078.74092405,1704153858408,true,true
4000002106,64933.46,0.15244393,9898.71183090,1704153858473,true,true
4000002107,64933.22,0.06361307,4130.60146919,1704153858636,false,true
4000002108,64934.03,0.04424040,2872.70746081,1704153858806,false,true
4000002109,64932.46,0.03959341,2570.89751109,1704153859215,true,true
4000002110,64930.95,0.06946574,4510.47649065,1704153859296,true,true
4000002111,64925.94,0.04098330,2660.87927680,1704153859445,true,true
4000002112,64924.30,0.07958076,5166.72513647,1704153859616,true,true
4000002113,64923.80,0.02010991,1305.61177486,1704153859651,true,true
4000002114,64923.56,0.01150307,746.82025533,1704153859916,true,true
4000002115,64921.63,0.04327190,2809.28228120,1704153860333,true,true
4000002116,64920.28,0.01658719,1076.84501921,1704153860364,true,true
4000002117,64922.72,0.08424865,5469.65151433,1704153860744,true,true
4000002118,64921.48,0.06571995,4266.63641953,1704153860759,false,true
4000002119,64922.41,0.03957237,2569.13362981,1704153860940,true,true
4000002120,64923.30,0.07034246,4566.86463332,1704153860969,false,true
4000002121,64923.16,0.02301033,1493.90333624,1704153861014,false,true
4000002122,64925.03,0.03518675,2284.50079935,1704153861018,true,true
4000002123,64923.10,0.06054837,3930.98788035,1704153861072,false,true
4000002124,64922.15,0.03504161,2274.97666066,1704153861072,false,true
4000002125,64922.86,0.03913077,2540.48150240,1704153861085,false,true
4000002126,64922.26,0.05063468,3287.31785998,1704153861105,true,true
4000002127,64923.44,0.08136415,5282.44051068,1704153861238,false,true
4000002128,64923.65,0.09065998,5885.97681053,1704153861307,false,true
4000002129,64924.73,0.13566353,8807.91805610,1704153861379,false,true
4000002130,64925.18,0.03697464,2400.58515744,1704153861450,false,true
4000002131,64923.35,0.12780351,8297.43201096,1704153861476,false,true
4000002132,64924.74,0.05811589,3773.15904812,1704153861765,true,true
4000002133,64925.25,0.07009960,4551.23405490,1704153861901,false,true
4000002134,64925.10,0.09334306,6060.30750481,1704153862102,true,true
4000002135,64924.82,0.02976923,1932.76189929,1704153862368,true,true
4000002136,64921.58,0.04921184,3194.91040751,1704153862429,true,true
4000002137,64922.11,0.06000301,3895.52201555,1704153862450,false,true
4000002138,64919.67,0.04999970,3245.96402410,1704153862591,false,true
4000002139,64917.53,0.19776617,12838.49127396,1704153862662,true,true
4000002140,64917.12,0.09780831,6349.43379727,1704153862697,true,true
4000002141,64918.10,0.08996253,5840.19651879,1704153862878,false,true
4000002142,64921.12,0.01169980,759.56411978,1704153863092,false,true
4000002143,64921.83,0.12181915,7908.72214704,1704153863242,true,true
4000002144,64920.93,0.04972261,3228.03808323,1704153863353,true,true
4000002145,64920.24,0.03616404,2347.77815617,1704153863357,false,true
4000002146,64923.53,0.04600732,2986.95762024,1704153863476,false,true
4000002147,64923.92,0.05553212,3605.36291631,1704153863521,false,true
4000002148,64923.23,0.03618146,2349.01724932,1704153863602,false,true
4000002149,64921.18,0.04740001,3077.26458121,1704153863641,false,true
4000002150,64920.93,0.08646277,5613.24343878,1704153863689,false,true
4000002151,64921.33,0.05261815,3416.04028014,1704153863859,false,true
4000002152,64921.71,0.09663407,6273.64906866,1704153863872,true,true
4000002153,64923.10,0.19092457,12395.41495057,1704153863917,false,true
4000002154,64923.29,0.05292805,3436.26313928,1704153864164,true,true
4000002155,64922.14,0.11827210,7678.47783429,1704153864352,false,true
4000002156,64920.78,0.04504742,2924.51364339,1704153864381,true,true
4000002157,64918.55,0.11518458,7477.61591596,1704153864550,false,true
4000002158,64919.93,0.08641944,5610.34399544,1704153864682,true,true
4000002159,64920.75,0.11961057,7765.20791233,1704153864691,true,true
4000002160,64919.49,0.04266537,2769.81406106,1704153865262,true,true
4000002161,64920.17,0.12485545,8105.63703943,1704153865288,false,true
4000002162,64919.13,0.04334567,2813.96318567,1704153865528,true,true
4000002163,64922.37,0.02030355,1318.15458541,1704153865602,true,true
4000002164,64921.73,0.01374163,892.13039262,1704153865669,false,true
4000002165,64923.27,0.03714924,2411.85013881,1704153865783,false,true
4000002166,64923.02,0.03712444,2410.23076061,1704153865887,false,true
4000002167,64923.63,0.02058540,1336.47889300,1704153865950,true,true
4000002168,64922.48,0.01644611,1067.72224755,1704153865972,true,true
4000002169,64922.49,0.02769491,1798.02251753,1704153866036,true,true
4000002170,64922.37,0.07305732,4743.05436025,1704153866066,false,true
4000002171,64921.40,0.01559560,1012.48818584,1704153866141,true,true
4000002172,64920.94,0.02466715,1601.41456512,1704153866172,false,true
4000002173,64920.47,0.02398729,1557.26614083,1704153866177,false,true
4000002174,64920.50,0.05920462,3843.59353271,1704153866445,false,true
4000002175,64921.52,0.04051731,2630.44535151,1704153866573,true,true
4000002176,64921.54,0.15283081,9922.01154465,1704153866573,true,true
4000002177,64920.42,0.09764696,6339.28165492,1704153866583,false,true
4000002178,64919.92,0.02414351,1567.39473772,1704153866648,true,true
4000002179,64918.95,0.03549412,2304.24100157,1704153866859,false,true
4000002180,64919.40,0.03428092,2225.49675785,1704153866883,true,true
4000002181,64921.15,0.04380769,2844.04561364,1704153867071,true,true
4000002182,64921.28,0.03781012,2454.68138735,1704153867131,true,true
4000002183,64919.64,0.01844154,1197.21813785,1704153867231,true,true
4000002184,64920.05,0.03396029,2204.70372481,1704153867339,false,true
4000002185,64920.90,0.01957105,1270.57017995,1704153867371,false,true
4000002186,64920.70,0.02830319,1837.46290703,1704153867383,true,true
4000002187,64921.08,0.07086996,4600.95434276,1704153867409,true,true
4000002188,64918.77,0.05297339,3438.96732153,1704153867411,true,true
4000002189,64919.24,0.06889531,4472.63116476,1704153867528,false,true
4000002190,64919.74,0.05515220,3580.46648443,1704153867827,false,true
4000002191,64920.39,0.04751312,3084.57028052,1704153867989,true,true
4000002192,64921.08,0.02332899,1514.54322611,1704153867991,false,true
4000002193,64922.20,0.02026422,1315.59774368,1704153867996,true,true
4000002194,64922.21,0.06424583,4170.98126688,1704153868119,false,true
4000002195,64925.92,0.05707656,3705.74816844,1704153868133,true,true
4000002196,64925.81,0.02904170,1885.55589628,1704153868161,true,true
4000002197,64923.98,0.05496612,3568.61927556,1704153868183,false,true
4000002198,64923.57,0.06767976,4394.01163594,1704153868330,false,true
4000002199,64923.06,0.04009345,2602.98945996,1704153868343,true,true
4000002200,64922.56,0.09943689,6455.69745724,1704153868362,true,true
4000002201,64922.83,0.04665052,3028.68377937,1704153868381,false,true
4000002202,64922.26,0.03503547,2274.58189256,1704153868441,true,true
4000002203,64924.25,0.02380270,1545.37244547,1704153868464,false,true
4000002204,64924.76,0.05970228,3876.15620045,1704153868519,true,true
4000002205,64924.22,0.04093073,2657.39571928,1704153868834,true,true
4000002206,64925.76,0.03037171,1971.90635425,1704153868928,false,true
4000002207,64924.01,0.02942474,1910.37211401,1704153869065,false,true
4000002208,64923.17,0.14276869,9268.99593155,1704153869078,false,true
4000002209,64924.99,0.03208022,2082.80796270,1704153869286,true,true
4000002210,64924.85,0.03964215,2573.76064243,1704153869624,false,true
4000002211,64926.09,0.10114951,6567.24218972,1704153869685,false,true
4000002212,64925.64,0.01774607,1152.17495223,1704153869693,false,true
4000002213,64922.44,0.02448140,1589.39222262,1704153869704,false,true
4000002214,64923.35,0.04937955,3205.88580749,1704153869752,false,true
4000002215,64921.40,0.07647075,4964.58814905,1704153869949,false,true
4000002216,64920.11,0.12735019,8267.58834332,1704153869984,true,true
4000002217,64918.65,0.07053536,4579.06034846,1704153870079,true,true
4000002218,64919.26,0.02934974,1905.36340199,1704153870147,true,true
4000002219,64917.32,0.03240537,2103.66977401,1704153870298,true,true
4000002220,64917.33,0.05231514,3396.15920738,1704153870300,true,true
4000002221,64913.97,0.02910824,1889.53141811,1704153870307,true,true
4000002222,64912.35,0.12880228,8360.85868016,1704153870520,true,true
4000002223,64912.13,0.06897003,4476.99155346,1704153870966,true,true
4000002224,64913.04,0.03962514,2572.18829783,1704153870973,true,true
4000002225,64915.41,0.16092741,10446.66880039,1704153871032,true,true
4000002226,64919.06,0.06458261,4192.64233355,1704153871183,false,true
4000002227,64918.77,0.04091724,2656.29689259,1704153871438,true,true
4000002228,64920.11,0.05569396,3615.65800954,1704153871448,false,true
4000002229,64917.73,0.03146242,2042.46888671,1704153871473,false,true
4000002230,64917.63,0.01847642,1199.44539728,1704153871517,true,true
4000002231,64916.53,0.06663757,4325.87981203,1704153871665,true,true
4000002232,64916.34,0.07024949,4560.33977767,1704153871669,true,true
4000002233,64916.35,0.02458738,1596.12296566,1704153871892,false,true
4000002234,64915.10,0.01649582,1070.82780488,1704153872113,true,true
4000002235,64916.58,0.03542652,2299.76851970,1704153872181,true,true
4000002236,64918.71,0.19186914,12455.89705761,1704153872657,true,true
4000002237,64919.41,0.06702273,4351.07608819,1704153872687,true,true
4000002238,64920.37,0.12401240,8050.93089259,1704153872917,true,true
4000002239,64921.02,0.02699423,1752.49294571,1704153873045,false,true
4000002240,64921.42,0.03636137,2360.63177355,1704153873175,true,true
4000002241,64921.65,0.06551560,4253.38085274,1704153873290,false,true
4000002242,64921.84,0.04445464,2886.07702534,1704153873387,false,true
4000002243,64923.61,0.06904927,4482.92787626,1704153873433,true,true
4000002244,64921.68,0.03805130,2470.35432218,1704153873472,false,true
4000002245,64923.51,0.04465406,2899.09831095,1704153873667,true,true
4000002246,64924.70,0.05795442,3762.67333217,1704153873668,true,true
4000002247,64923.98,0.07334166,4761.63246701,1704153873695,false,true
4000002248,64924.01,0.01904953,1236.77187622,1704153873846,true,true
4000002249,64925.21,0.07112990,4618.12369478,1704153873859,true,true
4000002250,64925.50,0.03629982,2356.78396341,1704153873919,true,true
4000002251,64923.11,0.02728586,1771.48289022,1704153873939,false,true
4000002252,64920.21,0.06660842,4324.23261417,1704153874097,false,true
4000002253,64922.15,0.02425682,1574.80490656,1704153874280,true,true
4000002254,64924.10,0.18528098,12029.20087362,1704153874443,true,true
4000002255,64922.18,0.01619658,1051.51728214,1704153874635,false,true
4000002256,64921.46,0.08086346,5249.77388385,1704153874705,true,true
4000002257,64923.37,0.02593678,1683.90316455,1704153874734,false,true
4000002258,64922.94,0.04297252,2789.90233761,1704153874857,false,true
4000002259,64920.35,0.05085107,3301.26926227,1704153875112,false,true
4000002260,64916.74,0.03151842,2046.07307635,1704153875123,true,true
4000002261,64917.77,0.06683717,4338.92002951,1704153875145,true,true
4000002262,64917.51,0.08753192,5682.35429192,1704153875169,false,true
4000002263,64917.66,0.03159367,2050.98712721,1704153875205,false,true
4000002264,64919.14,0.02720643,1766.21803807,1704153875221,false,true
4000002265,64918.77,0.04655516,3022.30372435,1704153875285,true,true
4000002266,64920.76,0.01753704,1138.51796495,1704153875342,false,true
4000002267,64922.74,0.01470280,954.54606167,1704153875485,false,true
4000002268,64921.62,0.04913306,3189.79785076,1704153875628,true,true
4000002269,64920.13,0.02764368,1794.63129928,1704153875663,true,true
4000002270,64920.21,0.04669853,3031.67837429,1704153875705,true,true
4000002271,64921.00,0.08307818,5393.51852378,1704153875766,false,true
4000002272,64920.38,0.05322063,3455.10352344,1704153875894,false,true
4000002273,64921.67,0.03371992,2189.15351867,1704153876058,false,true
4000002274,64924.48,0.02551891,1656.80196192,1704153876085,true,true
4000002275,64923.89,0.07931417,5149.38444852,1704153876168,true,true
4000002276,64923.41,0.02605201,1691.38532655,1704153876172,false,true
4000002277,64924.31,0.08761475,5688.32718957,1704153876220,true,true
4000002278,64926.21,0.05862041,3806.00104995,1704153876564,false,true
4000002279,64925.23,0.08132609,5280.11509825,1704153876570,false,true
4000002280,64927.62,0.01676383,1088.43558398,1704153876609,true,true
4000002281,64927.23,0.04139895,2687.91914841,1704153876673,false,true
4000002282,64926.55,0.12342854,8013.78927374,1704153876765,true,true
4000002283,64926.01,0.03328180,2160.85447962,1704153876777,true,true
4000002284,64927.08,0.03637712,2361.86018041,1704153876799,true,true
4000002285,64926.21,0.08306512,5393.10342480,1704153876944,false,true
4000002286,64927.39,0.10958385,7114.99336665,1704153877091,false,true
4000002287,64927.23,0.05279478,3427.81882386,1704153877204,true,true
4000002288,64929.11,0.07597886,4933.23975861,1704153877252,true,true
4000002289,64932.48,0.04428454,2875.50500786,1704153877418,true,true
4000002290,64932.15,0.06839000,4440.70973850,1704153877437,false,true
4000002291,64932.61,0.04005035,2600.57375691,1704153877502,true,true
4000002292,64932.49,0.04966728,3225.02016193,1704153877725,false,true
4000002293,64933.59,0.07964288,5171.49811634,1704153877737,true,true
4000002294,64934.37,0.25667999,16667.35344226,1704153877835,false,true
4000002295,64935.07,0.08284416,5379.49132869,1704153878215,false,true
4000002296,64936.92,0.04351281,2825.58786195,1704153878425,false,true
4000002297,64939.95,0.05693148,3697.12746463,1704153878677,true,true
4000002298,64939.30,0.02192326,1423.68115812,1704153878743,false,true
4000002299,64938.23,0.09118175,5921.18145330,1704153878924,true,true
4000002300,64938.90,0.06381000,4143.75120900,1704153878948,false,true
4000002301,64937.42,0.03280337,2130.16621511,1704153879181,false,true
4000002302,64936.84,0.02754380,1788.60733359,1704153879302,false,true
4000002303,64939.36,0.02924448,1899.11781473,1704153879506,true,true
4000002304,64941.01,0.08473069,5502.49658660,1704153879572,true,true
4000002305,64938.62,0.05114398,3321.21948251,1704153879585,true,true
4000002306,64936.85,0.06565270,4263.27953199,1704153879627,false,true
4000002307,64935.96,0.06130060,3980.61330958,1704153879686,false,true
4000002308,64936.50,0.09449554,6136.20963321,1704153880114,false,true
4000002309,64937.77,0.03636285,2361.32238984,1704153880266,true,true
4000002310,64937.76,0.04643244,3015.21864493,1704153880297,false,true
4000002311,64937.14,0.16720236,10857.64305965,1704153880524,false,true
4000002312,64937.55,0.02754457,1788.67689160,1704153880812,false,true
4000002313,64937.33,0.05278968,3428.02087075,1704153880870,false,true
4000002314,64938.41,0.01811961,1176.65866322,1704153880921,true,true
4000002315,64942.76,0.03098457,2012.22349321,1704153881374,false,true
4000002316,64943.49,0.11210986,7280.80557181,1704153881576,true,true
4000002317,64942.83,0.04311734,2800.16208167,1704153882049,true,true
4000002318,64944.26,0.15838657,10286.29858259,1704153882120,true,true
4000002319,64946.34,0.09402836,6106.79783820,1704153882244,true,true
4000002320,64946.93,0.01618444,1051.12969177,1704153882281,true,true
4000002321,64943.63,0.03102585,2014.93132284,1704153882293,false,true
4000002322,64941.77,0.06911052,4488.15949442,1704153882296,true,true
4000002323,64940.92,0.01358821,882.43085855,1704153882356,false,true
4000002324,64940.88,0.03641653,2364.92150475,1704153882480,false,true
4000002325,64940.21,0.07064155,4587.47709173,1704153882524,true,true
4000002326,64939.16,0.04527186,2939.91656004,1704153882716,true,true
4000002327,64939.43,0.02088019,1355.94763689,1704153883057,false,true
4000002328,64938.01,0.02705016,1756.58356058,1704153883070,true,true
4000002329,64936.15,0.06138553,3986.13998391,1704153883111,false,true
4000002330,64936.65,0.04248807,2759.03293077,1704153883167,false,true
4000002331,64937.40,0.03009313,1954.16962006,1704153883169,false,true
4000002332,64940.64,0.09839109,6389.58035490,1704153883314,false,true
4000002333,64939.76,0.07220294,4688.84159489,1704153883520,true,true
4000002334,64939.85,0.05402730,3508.52475791,1704153883624,false,true
4000002335,64939.57,0.04550461,2955.04980642,1704153884258,true,true
4000002336,64937.61,0.05435689,3529.80652363,1704153884279,true,true
4000002337,64937.44,0.01271305,825.55292159,1704153884282,false,true
4000002338,64939.14,0.05545983,3601.51366475,1704153884534,false,true
4000002339,64939.89,0.06596411,4283.70204735,1704153884565,false,true
4000002340,64939.42,0.01222269,793.73439944,1704153884647,false,true
4000002341,64940.69,0.04256886,2764.45114091,1704153884690,true,true
4000002342,64940.64,0.02478332,1609.44466212,1704153884753,true,true
4000002343,64940.95,0.07069496,4590.99786261,1704153885025,true,true
4000002344,64940.67,0.09001645,5845.72857402,1704153885206,true,true
4000002345,64939.71,0.13427108,8719.52499659,1704153885289,true,true
4000002346,64940.82,0.03275628,2127.21968335,1704153885500,true,true
4000002347,64939.42,0.02820807,1831.81570512,1704153885604,false,true
4000002348,64938.00,0.09150591,5942.21078358,1704153885626,false,true
4000002349,64939.67,0.05816002,3776.89250599,1704153885669,true,true
4000002350,64940.62,0.02325965,1510.49609198,1704153885723,true,true
4000002351,64941.51,0.05366132,3484.84714939,1704153885918,false,true
4000002352,64941.16,0.05995859,3893.78038656,1704153885976,true,true
4000002353,64941.29,0.03699572,2402.54978128,1704153885977,false,true
4000002354,64940.53,0.09026151,5861.63029800,1704153886263,true,true
4000002355,64939.22,0.03997896,2596.20247881,1704153886356,true,true
4000002356,64940.14,0.06694324,4347.30337765,1704153886624,true,true
4000002357,64940.50,0.04166289,2705.60890805,1704153886692,true,true
4000002358,64940.55,0.02959776,1922.09481317,1704153886719,false,true
4000002359,64941.10,0.02566912,1666.98088883,1704153886787,true,true
4000002360,64941.72,0.06474688,4204.77375183,1704153886847,false,true
4000002361,64940.68,0.03984523,2587.57633096,1704153887089,true,true
4000002362,64943.82,0.04524473,2938.36560107,1704153887319,false,true
4000002363,64941.33,0.10393334,6749.56933094,1704153887323,true,true
4000002364,64941.00,0.04177652,2713.00898532,1704153887525,false,true
4000002365,64940.81,0.03112302,2021.15412845,1704153887588,true,true
4000002366,64939.65,0.04173749,2710.41799248,1704153887650,true,true
4000002367,64939.13,0.02680001,1740.36933339,1704153888076,true,true
4000002368,64940.13,0.07468213,4849.86723088,1704153888079,true,true
4000002369,64940.33,0.05130063,3331.47984141,1704153888127,false,true
4000002370,64939.75,0.02762998,1794.28399370,1704153888153,false,true
4000002371,64940.87,0.03588623,2330.48299722,1704153888723,true,true
4000002372,64943.51,0.03076204,1997.79485236,1704153888915,false,true
4000002373,64946.17,0.12711674,8255.74540589,1704153888964,false,true
4000002374,64944.18,0.02447697,1589.63674553,1704153888987,false,true
4000002375,64945.21,0.08307578,5395.37397801,1704153889234,false,true
4000002376,64945.27,0.01425736,925.94809469,1704153889300,true,true
4000002377,64944.58,0.05529252,3590.94948854,1704153889407,true,true
4000002378,64942.51,0.01241272,806.11319273,1704153889571,false,true
4000002379,64942.68,0.07953587,5165.27255393,1704153889581,false,true
4000002380,64939.97,0.03226577,2095.33813583,1704153889747,true,true
4000002381,64940.13,0.06309428,4097.35074546,1704153889754,true,true
4000002382,64941.13,0.05175511,3361.03532667,1704153889780,true,true
4000002383,64941.91,0.06424252,4172.03195201,1704153889873,true,true
4000002384,64943.43,0.02274162,1476.91880656,1704153889948,false,true
4000002385,64944.39,0.08980072,5832.05298196,1704153889978,true,true
4000002386,64941.84,0.17141152,11131.77950600,1704153890068,true,true
4000002387,64942.01,0.03418265,2219.88999813,1704153890090,false,true
4000002388,64940.99,0.15545782,10095.58473404,1704153890109,true,true
4000002389,64942.68,0.02492587,1618.75279913,1704153890389,false,true
4000002390,64942.81,0.05713205,3710.31586806,1704153890464,true,true
4000002391,64942.49,0.19596721,12726.59857575,1704153890534,false,true
4000002392,64943.48,0.08885230,5770.37756800,1704153890540,true,true
4000002393,64943.39,0.06546532,4251.53980823,1704153890704,true,true
4000002394,64942.33,0.06318418,4103.32786834,1704153890816,false,true
4000002395,64940.69,0.04393691,2853.29325187,1704153890958,false,true
4000002396,64938.50,0.01497020,972.14233270,1704153890964,false,true
4000002397,64939.60,0.05553359,3606.32912116,1704153890977,false,true
4000002398,64939.89,0.11418542,7415.18861440,1704153891039,true,true
4000002399,64941.76,0.08933217,5801.38834442,1704153891078,true,true
4000002400,64942.45,0.13764350,8938.90611658,1704153891120,false,true
4000002401,64940.54,0.02869205,1863.27722071,1704153891207,false,true
4000002402,64940.04,0.02609972,1694.91686079,1704153891503,false,true
4000002403,64940.13,0.08416035,5465.38406985,1704153891528,false,true
4000002404,64940.77,0.04113016,2671.02426062,1704153891608,false,true
4000002405,64940.32,0.06913239,4489.47952896,1704153891618,false,true
4000002406,64939.11,0.01730958,1124.06871967,1704153892054,true,true
4000002407,64937.67,0.03535357,2295.77846198,1704153892068,false,true
4000002408,64938.45,0.02470799,1604.49857322,1704153892293,true,true
4000002409,64937.59,0.04721064,3065.74518396,1704153892305,false,true
4000002410,64936.80,0.12576771,8166.95263073,1704153892470,false,true
4000002411,64937.90,0.04853869,3152.00059735,1704153892526,false,true
4000002412,64939.23,0.05243852,3405.31711114,1704153892803,true,true
4000002413,64939.66,0.01553011,1008.52006316,1704153892916,true,true
4000002414,64941.31,0.09056717,5881.55066279,1704153892918,true,true
4000002415,64944.10,0.04268605,2772.20709981,1704153892937,true,true
4000002416,64943.03,0.05030682,3267.07732046,1704153893389,true,true
4000002417,64941.53,0.10754398,6984.07060349,1704153893776,false,true
4000002418,64939.14,0.01518863,986.33656998,1704153893917,true,true
4000002419,64940.40,0.03392755,2203.26866802,1704153894010,true,true
4000002420,64940.19,0.12303118,7989.66820512,1704153894071,true,true
4000002421,64936.22,0.12956924,8413.73667387,1704153894076,false,true
4000002422,64934.92,0.04665567,3029.58219900,1704153894147,true,true
4000002423,64931.31,0.07757666,5037.15415922,1704153894189,true,true
4000002424,64932.96,0.04370865,2838.13202210,1704153894267,true,true
4000002425,64935.15,0.17757315,11530.73913122,1704153894403,true,true
4000002426,64934.76,0.07975693,5178.99710789,1704153894404,true,true
4000002427,64935.89,0.05663217,3677.46036158,1704153894410,true,true
4000002428,64935.37,0.09090124,5902.70565286,1704153894410,true,true
4000002429,64935.36,0.08728170,5667.66861091,1704153894654,false,true
4000002430,64934.12,0.02063503,1339.91751422,1704153894665,false,true
4000002431,64933.51,0.35970555,23356.94392798,1704153894775,false,true
4000002432,64934.39,0.06136550,3984.73130955,1704153894829,false,true
4000002433,64935.16,0.02267371,1472.32098664,1704153895255,false,true
4000002434,64936.07,0.06549940,4253.27362336,1704153895301,false,true
4000002435,64934.08,0.03511191,2279.95957289,1704153895408,false,true
4000002436,64933.69,0.03468706,2252.35880105,1704153895509,false,true
4000002437,64933.50,0.06361821,4130.95303904,1704153895632,true,true
4000002438,64932.17,0.04237431,2751.45590055,1704153895703,true,true
4000002439,64933.17,0.08208022,5329.72887890,1704153896044,false,true
4000002440,64932.80,0.02594785,1684.86655448,1704153896112,false,true
4000002441,64932.51,0.05394653,3502.88359869,1704153896506,true,true
4000002442,64930.40,0.08082770,5248.17489208,1704153896551,true,true
4000002443,64930.48,0.10253320,6657.52989194,1704153896648,false,true
4000002444,64929.39,0.04092729,2657.38397405,1704153896710,true,true
4000002445,64929.26,0.05191327,3370.69020528,1704153896969,true,true
4000002446,64928.80,0.05254321,3411.56757345,1704153897190,false,true
4000002447,64928.04,0.03229852,2097.07959850,1704153897232,false,true
4000002448,64926.77,0.05322667,3455.83576096,1704153897400,false,true
4000002449,64925.70,0.02084225,1353.19767083,1704153897428,false,true
4000002450,64927.15,0.10857427,7049.41791443,1704153897459,false,true
4000002451,64925.89,0.01753605,1138.54365333,1704153897505,false,true
4000002452,64926.05,0.04976823,3231.25458939,1704153897650,false,true
4000002453,64926.06,0.05016760,3257.18460766,1704153897666,true,true
4000002454,64926.85,0.06305045,4093.66710958,1704153897889,false,true
4000002455,64926.40,0.05363611,3482.39953230,1704153897953,false,true
4000002456,64929.04,0.04431844,2877.55376350,1704153898051,true,true
4000002457,64929.98,0.02209001,1434.30390750,1704153898171,true,true
4000002458,64928.13,0.07108379,4615.33755801,1704153898384,false,true
4000002459,64927.65,0.03678774,2388.54150701,1704153898482,true,true
4000002460,64926.48,0.05384659,3496.06954870,1704153898881,true,true
4000002461,64924.36,0.05200725,3376.53742161,1704153899030,false,true
4000002462,64925.52,0.07378562,4790.56974702,1704153899033,false,true
4000002463,64923.74,0.06143863,3988.82564008,1704153899078,false,true
4000002464,64921.89,0.01833292,1190.20781562,1704153899083,true,true
4000002465,64924.95,0.02139777,1389.24914736,1704153899243,false,true
4000002466,64924.27,0.26658219,17307.65408075,1704153899485,false,true
4000002467,64922.95,0.04944346,3210.01528141,1704153899546,true,true
4000002468,64924.88,0.07001959,4546.01347840,1704153899704,false,true
4000002469,64923.67,0.11185177,7261.82740440,1704153899744,true,true
4000002470,64923.77,0.03008090,1952.96543299,1704153900053,false,true
4000002471,64922.92,0.03152809,2046.89566482,1704153900187,false,true
4000002472,64920.01,0.02657982,1725.56218020,1704153900280,true,true
4000002473,64920.88,0.07353884,4774.20620698,1704153900333,true,true
4000002474,64919.80,0.03316268,2152.91455306,1704153900571,false,true
4000002475,64920.15,0.06277457,4075.33450059,1704153900911,false,true
4000002476,64917.76,0.05807185,3769.89442106,1704153901117,true,true
4000002477,64917.65,0.03225705,2094.05188193,1704153901140,true,true
4000002478,64919.52,0.02662769,1728.65685351,1704153901148,false,true
4000002479,64918.98,0.04129420,2680.77734392,1704153901157,true,true
4000002480,64919.14,0.02209611,1434.46045855,1704153901478,true,true
4000002481,64918.18,0.11559313,7504.09562010,1704153902040,false,true
4000002482,64917.33,0.04180132,2713.63008488,1704153902111,false,true
4000002483,64917.11,0.07398734,4803.04428939,1704153902321,false,true
4000002484,64917.45,0.03468273,2251.51439064,1704153902444,true,true
4000002485,64916.98,0.03512658,2280.31149133,1704153902723,true,true
4000002486,64916.05,0.08035931,5216.60898593,1704153902732,true,true
4000002487,64916.97,0.12197456,7918.21885228,1704153902860,true,true
4000002488,64914.27,0.05138117,3335.37114230,1704153902940,true,true
4000002489,64913.08,0.09745062,6325.81989211,1704153902958,true,true
4000002490,64914.46,0.06481586,4207.48655134,1704153902967,false,true
4000002491,64916.66,0.08194873,5319.83784284,1704153902982,false,true
4000002492,64916.90,0.11215219,7280.57250301,1704153903013,false,true
4000002493,64919.91,0.03049822,1979.94169756,1704153903164,false,true
4000002494,64922.55,0.08270845,5369.64348055,1704153903173,true,true
4000002495,64920.06,0.02925611,1899.30841657,1704153903259,true,true
4000002496,64919.67,0.05644556,3664.42712817,1704153903273,true,true
4000002497,64916.53,0.06375215,4138.56835804,1704153903276,false,true
4000002498,64915.95,0.07436391,4827.40386336,1704153903456,false,true
4000002499,64917.10,0.08927607,5795.54356380,1704153903778,true,true
4000002500,64915.58,0.01743949,1132.09460825,1704153903787,false,true
4000002501,64918.52,0.03294424,2138.69130332,1704153903968,true,true
4000002502,64922.45,0.07255981,4710.76063673,1704153904081,true,true
4000002503,64922.00,0.04262155,2767.07626910,1704153904447,true,true
4000002504,64921.95,0.05948838,3862.10163194,1704153904535,false,true
4000002505,64921.06,0.02982456,1936.24204923,1704153904772,false,true
4000002506,64921.35,0.04889841,3174.55079005,1704153904957,false,true
4000002507,64922.02,0.02514880,1632.71089658,1704153905100,true,true
4000002508,64921.88,0.02341408,1520.08609207,1704153905281,false,true
4000002509,64921.37,0.02747075,1783.43872493,1704153905299,false,true
4000002510,64918.55,0.08131846,5279.07651143,1704153905356,true,true
4000002511,64919.08,0.09136088,5931.06427759,1704153905389,false,true
4000002512,64918.21,0.03982168,2585.15218479,1704153905663,true,true
4000002513,64918.71,0.02364215,1534.81787963,1704153905664,true,true
4000002514,64918.22,0.01700724,1104.07974791,1704153905680,false,true
4000002515,64918.40,0.05882923,3819.09948483,1704153905813,false,true
4000002516,64918.44,0.08233034,5344.75723747,1704153905894,true,true
4000002517,64918.85,0.05907560,3835.12001506,1704153905992,false,true
4000002518,64916.52,0.05158247,3348.55444540,1704153906300,false,true
4000002519,64916.94,0.12694473,8240.86342073,1704153906489,true,true
4000002520,64916.39,0.11610805,7537.31545594,1704153906527,true,true
4000002521,64915.84,0.02553239,1657.45654406,1704153906815,false,true
4000002522,64915.29,0.02237016,1452.16542375,1704153906843,false,true
4000002523,64917.83,0.17333329,11252.42105356,1704153907012,false,true
4000002524,64918.17,0.08767680,5691.81740746,1704153907031,true,true
4000002525,64920.36,0.04396988,2854.54043876,1704153907106,true,true
4000002526,64921.63,0.07951389,5162.17134644,1704153907146,false,true
4000002527,64919.63,0.10562146,6856.90610326,1704153907186,false,true
4000002528,64918.34,0.03199524,2077.07786870,1704153907246,true,true
4000002529,64919.27,0.05593558,3631.29702063,1704153907316,false,true
4000002530,64920.43,0.05897595,3828.74403366,1704153907369,true,true
4000002531,64922.36,0.05714921,3710.26158534,1704153907689,true,true
4000002532,64924.54,0.02741661,1780.01079261,1704153907865,true,true
4000002533,64923.09,0.12914043,8384.19575953,1704153907934,false,true
4000002534,64922.79,0.01895231,1230.43684214,1704153907948,false,true
4000002535,64921.05,0.09295431,6034.69140723,1704153908192,true,true
4000002536,64922.53,0.03876962,2517.02181754,1704153908297,true,true
4000002537,64921.68,0.04792580,3111.42345134,1704153908468,false,true
4000002538,64922.36,0.04323079,2806.64491146,1704153908668,false,true
4000002539,64922.94,0.04629726,3005.75423314,1704153908765,false,true
4000002540,64922.19,0.08347089,5419.11298005,1704153908821,true,true
4000002541,64920.84,0.02069628,1343.61988248,1704153908938,true,true
4000002542,64922.16,0.08645680,5612.96220269,1704153908976,false,true
4000002543,64922.85,0.09137575,5932.37411089,1704153909054,false,true
4000002544,64924.45,0.04320790,2805.24914316,1704153909084,true,true
4000002545,64927.61,0.08329735,5408.29785483,1704153909201,false,true
4000002546,64927.41,0.06112334,3968.58015675,1704153909382,false,true
4000002547,64926.94,0.16494132,10709.13518716,1704153909506,false,true
4000002548,64928.14,0.09710057,6304.55940304,1704153909521,false,true
4000002549,64930.25,0.06219866,4038.57454347,1704153909629,true,true
4000002550,64932.45,0.06410753,4162.65898635,1704153909785,false,true
4000002551,64932.39,0.07937748,5154.16948858,1704153910028,true,true
4000002552,64931.01,0.10699551,6947.32652977,1704153910081,true,true
4000002553,64932.38,0.06776608,4400.21285767,1704153910114,true,true
4000002554,64931.75,0.08358154,5427.09565989,1704153910181,true,true
4000002555,64929.91,0.01926857,1251.10651593,1704153910230,false,true
4000002556,64930.22,0.02953480,1917.70106166,1704153910361,false,true
4000002557,64926.43,0.06723166,4365.11166677,1704153910382,true,true
4000002558,64929.60,0.07334194,4762.06282742,1704153910385,true,true
4000002559,64927.59,0.02508466,1628.68651977,1704153910574,true,true
4000002560,64925.70,0.04800606,3116.82704974,1704153910604,false,true
4000002561,64925.88,0.04368462,2836.26239597,1704153910663,true,true
4000002562,64926.46,0.04983425,3235.56143925,1704153911005,false,true
4000002563,64926.73,0.10078598,6543.70411125,1704153911104,true,true
4000002564,64924.71,0.08080763,5246.41194354,1704153911197,true,true
4000002565,64926.24,0.06202069,4026.77020391,1704153911269,true,true
4000002566,64925.91,0.15519384,10076.10128839,1704153911303,false,true
4000002567,64926.02,0.13923330,9039.86402047,1704153911379,false,true
4000002568,64926.01,0.03714723,2411.82142645,1704153911543,false,true
4000002569,64927.00,0.03389598,2200.76429346,1704153911631,false,true
4000002570,64928.79,0.03199972,2077.70309994,1704153911705,true,true
4000002571,64927.17,0.07312294,4747.66555628,1704153911721,true,true
4000002572,64924.76,0.03920628,2545.45831949,1704153911830,false,true
4000002573,64925.48,0.07134404,4632.04604214,1704153911877,false,true
4000002574,64926.78,0.06799286,4414.55746279,1704153911984,true,true
4000002575,64925.12,0.02328083,1511.51068145,1704153912245,true,true
4000002576,64925.84,0.05150346,3343.90540341,1704153912346,false,true
4000002577,64927.97,0.03284145,2132.32868036,1704153912350,false,true
4000002578,64925.98,0.07337676,4764.05805222,1704153912367,true,true
4000002579,64928.13,0.01843904,1197.21238620,1704153912421,true,true
4000002580,64926.64,0.07770776,5045.30375873,1704153912436,true,true
4000002581,64929.09,0.02313172,1501.92152973,1704153912555,true,true
4000002582,64929.53,0.04966477,3224.71017366,1704153912609,true,true
4000002583,64928.14,0.06071557,3942.14902914,1704153912834,false,true
4000002584,64927.74,0.09698517,6297.02790162,1704153912859,false,true
4000002585,64928.06,0.01322616,858.74891005,1704153912869,true,true
4000002586,64929.58,0.03059871,1986.76138884,1704153913000,false,true
4000002587,64928.46,0.07788263,5056.79922665,1704153913110,true,true
4000002588,64929.07,0.04559920,2960.71364874,1704153913162,false,true
4000002589,64926.26,0.03026671,1965.10428280,1704153913394,true,true
4000002590,64925.13,0.06327597,4108.20057813,1704153913418,false,true
4000002591,64926.76,0.11837446,7685.67015455,1704153913984,true,true
4000002592,64927.18,0.10109263,6563.65938468,1704153914103,true,true
4000002593,64928.13,0.06664905,4327.39818278,1704153914142,false,true
4000002594,64925.37,0.07980747,5181.52951851,1704153914454,false,true
4000002595,64927.76,0.04659331,3025.19924929,1704153914591,true,true
4000002596,64928.38,0.06860670,4454.52188815,1704153914766,true,true
4000002597,64931.42,0.06239145,4051.16544436,1704153914863,true,true
4000002598,64931.47,0.04680055,3038.82850831,1704153914866,true,true
4000002599,64932.46,0.19664744,12768.80203190,1704153915030,true,true
4000002600,64929.79,0.04311669,2799.55762720,1704153915044,false,true
4000002601,64929.04,0.01640011,1064.84339819,1704153915114,false,true
4000002602,64928.81,0.16527812,10731.31165064,1704153915278,true,true
4000002603,64929.80,0.07272013,4721.70349687,1704153915475,false,true
4000002604,64929.62,0.02946868,1913.39019430,1704153915515,true,true
4000002605,64928.45,0.02953396,1917.59424516,1704153915668,true,true
4000002606,64927.16,0.17505999,11366.14798033,1704153916004,false,true
4000002607,64927.50,0.03019424,1960.43651760,1704153916139,true,true
4000002608,64927.78,0.04468294,2901.16409807,1704153916140,true,true
4000002609,64928.69,0.07777256,5049.67043875,1704153916279,true,true
4000002610,64928.61,0.07040626,4571.38059710,1704153916444,true,true
4000002611,64928.42,0.07391398,4799.11793731,1704153916820,true,true
4000002612,64929.90,0.02291062,1487.58426554,1704153916828,false,true
4000002613,64928.99,0.04322411,2806.49780595,1704153916895,false,true
4000002614,64928.88,0.08974789,5827.22998006,1704153917021,true,true
4000002615,64926.80,0.05453420,3540.73109656,1704153917065,false,true
4000002616,64926.94,0.08206727,5328.37671525,1704153917264,false,true
4000002617,64925.89,0.07119801,4622.59416548,1704153917276,false,true
4000002618,64928.14,0.11161790,7247.14263771,1704153917318,true,true
4000002619,64929.39,0.04515822,2932.09567809,1704153917333,true,true
4000002620,64928.17,0.05612522,3644.10782545,1704153917482,false,true
4000002621,64927.48,0.01852491,1202.77572353,1704153917686,false,true
4000002622,64926.01,0.05214611,3385.63885932,1704153917728,false,true
4000002623,64923.01,0.04712299,3059.36635100,1704153917735,true,true
4000002624,64923.16,0.03147237,2043.28571309,1704153917797,false,true
4000002625,64921.81,0.06204620,4028.15160762,1704153917836,true,true
4000002626,64921.63,0.02908851,1888.47348347,1704153917882,true,true
4000002627,64920.06,0.07609165,4939.87448350,1704153917910,false,true
4000002628,64917.61,0.01779482,1155.19718478,1704153917960,true,true
4000002629,64917.38,0.04644530,3015.10718931,1704153918162,true,true
4000002630,64919.26,0.08271859,5370.02965104,1704153918344,true,true
4000002631,64917.29,0.03757952,2439.56059790,1704153918400,true,true
4000002632,64917.56,0.06971678,4525.84324866,1704153918645,true,true
4000002633,64917.89,0.14570306,9458.73522174,1704153918695,true,true
4000002634,64918.39,0.12965519,8417.00618994,1704153918699,true,true
4000002635,64921.76,0.05979035,3881.69475302,1704153918762,false,true
4000002636,64920.93,0.05168858,3355.67068398,1704153918794,false,true
4000002637,64921.08,0.03195170,2074.33887184,1704153918810,false,true
4000002638,64921.52,0.02124912,1379.52516906,1704153918978,false,true
4000002639,64921.44,0.06425121,4171.28107494,1704153919138,false,true
4000002640,64921.56,0.02690254,1746.55486476,1704153919359,false,true
4000002641,64920.91,0.04049525,2628.98848068,1704153919555,true,true
4000002642,64921.58,0.10787137,7003.17977716,1704153919603,false,true
4000002643,64921.27,0.04949590,3213.33668779,1704153919631,false,true
4000002644,64921.08,0.11971358,7771.93490427,1704153919674,false,true
4000002645,64924.19,0.11870431,7706.78117626,1704153919756,true,true
4000002646,64925.67,0.03331614,2163.07271131,1704153919758,false,true
4000002647,64924.24,0.05056218,3282.71110924,1704153919856,false,true
4000002648,64925.03,0.06542595,4247.78176653,1704153919919,true,true
4000002649,64925.18,0.08867530,5757.25981405,1704153920047,true,true
4000002650,64923.89,0.12923140,8390.20519815,1704153920059,true,true
4000002651,64925.28,0.14276387,9268.98423363,1704153920094,false,true
4000002652,64926.53,0.09524772,6184.10395001,1704153920254,false,true
4000002653,64925.58,0.04187068,2718.47818399,1704153920290,true,true
4000002654,64925.09,0.08282640,5377.51147438,1704153920338,false,true
4000002655,64923.75,0.03915379,2542.01087351,1704153920484,false,true
4000002656,64923.83,0.01719939,1116.65027246,1704153920530,true,true
4000002657,64923.10,0.03247041,2108.07967547,1704153920620,true,true
4000002658,64925.93,0.01159537,752.84018094,1704153920633,false,true
4000002659,64925.49,0.02875963,1867.23306997,1704153920655,true,true
4000002660,64925.48,0.03482354,2260.93504980,1704153921101,false,true
4000002661,64926.94,0.05827642,3783.70962475,1704153921304,false,true
4000002662,64924.57,0.05417454,3517.25871445,1704153921367,true,true
4000002663,64924.13,0.09240334,5999.20645859,1704153921685,false,true
4000002664,64923.36,0.02601198,1688.78514185,1704153921743,true,true
4000002665,64922.90,0.03822915,2481.94728254,1704153921771,true,true
4000002666,64921.19,0.02679671,1739.67430128,1704153921807,true,true
4000002667,64917.92,0.06922494,4493.93911692,1704153921966,true,true
4000002668,64918.38,0.03859559,2505.56317794,1704153922187,true,true
4000002669,64919.86,0.05195709,3373.04700881,1704153922195,false,true
4000002670,64921.08,0.04639734,3012.16542193,1704153922343,false,true
4000002671,64919.83,0.04406500,2860.69230895,1704153922422,false,true
4000002672,64920.57,0.07950794,5161.70078433,1704153922454,true,true
4000002673,64918.31,0.01846754,1198.88148666,1704153922668,false,true
4000002674,64919.59,0.02782365,1806.29995030,1704153922790,false,true
4000002675,64918.69,0.06502492,4221.33262375,1704153922924,true,true
4000002676,64919.42,0.05875887,3814.59176026,1704153922965,true,true
4000002677,64919.37,0.06601519,4285.66454523,1704153923075,true,true
4000002678,64919.50,0.02930085,1902.19653157,1704153923187,true,true
4000002679,64919.06,0.14619677,9490.95688344,1704153923325,true,true
4000002680,64918.20,0.05312058,3448.49243656,1704153923889,true,true
4000002681,64920.37,0.08997311,5841.08759125,1704153923911,false,true
4000002682,64921.26,0.03433396,2229.00394399,1704153923917,true,true
4000002683,64919.72,0.04768271,3095.54818204,1704153923966,true,true
4000002684,64919.01,0.04996469,3243.65820976,1704153924025,true,true
4000002685,64917.79,0.07828940,5082.37482843,1704153924117,false,true
4000002686,64914.88,0.03939872,2557.56318095,1704153924505,true,true
4000002687,64917.43,0.03413757,2216.12331085,1704153924733,true,true
4000002688,64915.89,0.03861707,2506.86146824,1704153924877,true,true
4000002689,64914.46,0.03979422,2583.22030242,1704153924880,false,true
4000002690,64913.40,0.08262356,5363.37619970,1704153925042,true,true
4000002691,64913.81,0.10572273,6862.86520790,1704153925392,true,true
4000002692,64913.15,0.06443899,4182.93782372,1704153925393,true,true
4000002693,64911.52,0.06490871,4213.32302734,1704153925439,false,true
4000002694,64912.66,0.06891777,4473.63577197,1704153925757,false,true
4000002695,64912.37,0.04535894,2944.35629609,1704153925838,false,true
4000002696,64914.49,0.06433586,4176.32954061,1704153925960,false,true
4000002697,64917.11,0.04087651,2653.58489609,1704153926288,true,true
4000002698,64919.13,0.04926735,3198.39349941,1704153926368,false,true
4000002699,64920.82,0.02464806,1600.17226661,1704153926372,true,true
4000002700,64923.80,0.06287923,4082.35855267,1704153926538,false,true
4000002701,64924.32,0.03968142,2576.28921013,1704153926771,false,true
4000002702,64926.23,0.06714413,4359.41522753,1704153926783,false,true
4000002703,64922.29,0.03125781,2029.32860558,1704153926901,false,true
4000002704,64925.00,0.05635062,3658.56400350,1704153926948,true,true
4000002705,64924.21,0.01416043,919.35473101,1704153927308,true,true
4000002706,64920.83,0.04320332,2804.79539316,1704153927535,false,true
4000002707,64920.58,0.04124638,2677.73891250,1704153927622,true,true
4000002708,64920.50,0.03897517,2530.28752399,1704153927662,false,true
4000002709,64921.04,0.09823436,6377.47681493,1704153927833,false,true
4000002710,64921.10,0.04798865,3115.47594552,1704153927886,false,true
4000002711,64920.09,0.09603499,6234.60019395,1704153927990,true,true
4000002712,64919.40,0.05355667,3476.86688240,1704153928153,false,true
4000002713,64920.15,0.10456550,6788.40794483,1704153928334,true,true
4000002714,64920.39,0.03325340,2158.82369683,1704153928344,false,true
4000002715,64920.22,0.03201630,2078.50523959,1704153928472,true,true
4000002716,64920.98,0.03985684,2587.54511250,1704153928489,true,true
4000002717,64923.09,0.06808438,4420.24833033,1704153928507,false,true
4000002718,64922.68,0.07411054,4811.45487305,1704153928775,false,true
4000002719,64923.21,0.07840935,5090.58669601,1704153928813,true,true
4000002720,64921.33,0.05256888,3412.84160621,1704153928941,false,true
4000002721,64919.41,0.06507219,4224.44818221,1704153928945,true,true
4000002722,64920.13,0.03001473,1948.56017351,1704153928974,true,true
4000002723,64919.74,0.02945806,1912.40959610,1704153929172,true,true
4000002724,64920.33,0.12267829,7964.31507064,1704153929393,true,true
4000002725,64920.50,0.03887546,2523.81430093,1704153929430,true,true
4000002726,64920.15,0.05155276,3346.81291211,1704153929564,false,true
4000002727,64920.46,0.06772111,4396.48561291,1704153929622,true,true
4000002728,64919.09,0.08708576,5653.52829116,1704153929773,false,true
4000002729,64917.11,0.02074649,1346.80217344,1704153929841,false,true
4000002730,64916.06,0.10553068,6850.63595472,1704153930146,false,true
4000002731,64915.50,0.09400256,6102.22318368,1704153930148,false,true
4000002732,64916.07,0.02697319,1750.99349016,1704153930219,true,true
4000002733,64913.88,0.09793829,6357.55440447,1704153930277,false,true
4000002734,64912.75,0.10794849,7007.23334425,1704153930718,false,true
4000002735,64914.49,0.02460642,1597.31320503,1704153930806,true,true
4000002736,64912.32,0.08185625,5313.47909400,1704153930870,true,true
4000002737,64914.01,0.05684455,3690.00768715,1704153931142,true,true
4000002738,64917.35,0.03663315,2378.12702015,1704153931590,false,true
4000002739,64917.36,0.03643518,2365.27569672,1704153931992,false,true
4000002740,64918.57,0.04543772,2949.75180646,1704153932194,true,true
4000002741,64917.74,0.05484740,3560.56925288,1704153932213,false,true
4000002742,64918.64,0.03555805,2308.38024705,1704153932246,false,true
4000002743,64918.82,0.06418192,4166.61451173,1704153932390,false,true
4000002744,64919.60,0.03096551,2010.26852300,1704153932442,false,true
4000002745,64917.46,0.05907534,3835.02102144,1704153932746,true,true
4000002746,64916.14,0.01864176,1210.15110201,1704153932925,true,true
4000002747,64916.76,0.05975495,3879.09774796,1704153932942,true,true
4000002748,64917.21,0.01406376,912.98006131,1704153933105,true,true
4000002749,64915.94,0.06575643,4268.64046449,1704153933188,false,true
4000002750,64915.83,0.02255941,1464.46282446,1704153933305,false,true
4000002751,64915.98,0.02821141,1831.37132733,1704153933521,false,true
4000002752,64914.15,0.02633506,1709.51803510,1704153933650,true,true
4000002753,64914.75,0.06717897,4360.90604281,1704153933721,false,true
4000002754,64913.64,0.10472691,6798.20493405,1704153933762,false,true
4000002755,64911.63,0.10341874,6713.07898595,1704153934159,false,true
4000002756,64910.88,0.05922416,3844.29234286,1704153934383,true,true
4000002757,64910.30,0.05279962,3427.23917409,1704153934396,true,true
4000002758,64911.98,0.02195019,1424.83029428,1704153934444,false,true
4000002759,64910.72,0.03828038,2484.80702767,1704153934527,false,true
4000002760,64912.12,0.04296952,2789.24263858,1704153934572,true,true
4000002761,64912.01,0.11693297,7590.35411797,1704153934774,true,true
4000002762,64910.70,0.05975094,3878.47534106,1704153934825,false,true
4000002763,64909.37,0.04413399,2864.70948649,1704153935318,true,true
4000002764,64907.99,0.04448803,2887.62860636,1704153935338,true,true
4000002765,64906.25,0.16520167,10722.62089344,1704153935365,true,true
4000002766,64907.14,0.02046622,1328.40380681,1704153935371,false,true
4000002767,64907.00,0.06745402,4378.23807614,1704153935428,false,true
4000002768,64908.67,0.02782418,1806.03051764,1704153935479,false,true
4000002769,64907.91,0.14480188,9398.78739487,1704153935503,true,true
4000002770,64907.74,0.05461633,3545.02254739,1704153935629,false,true
4000002771,64906.63,0.03633058,2358.09551375,1704153935796,false,true
4000002772,64906.64,0.06429150,4172.94524556,1704153935958,false,true
4000002773,64905.62,0.03117279,2023.28926208,1704153936404,false,true
4000002774,64905.22,0.03297413,2140.19316196,1704153936629,true,true
4000002775,64905.03,0.02418455,1569.69894329,1704153936638,false,true
4000002776,64904.47,0.06370968,4135.04301427,1704153936764,true,true
4000002777,64905.50,0.03360400,2181.08442200,1704153936774,true,true
4000002778,64907.64,0.03222120,2091.40204997,1704153936776,false,true
4000002779,64908.69,0.04338650,2816.16087869,1704153937044,true,true
4000002780,64909.48,0.02894298,1878.67378145,1704153937070,false,true
4000002781,64909.40,0.08316420,5398.13832348,1704153937310,true,true
4000002782,64909.50,0.14633857,9498.76340941,1704153937390,false,true
4000002783,64909.60,0.02632187,1708.54205295,1704153937578,true,true
4000002784,64909.24,0.12084534,7843.97917694,1704153937878,true,true
4000002785,64908.74,0.03249622,2109.28869496,1704153937880,false,true
4000002786,64908.09,0.05880405,3816.85856976,1704153937994,false,true
4000002787,64909.33,0.04619195,2998.28852589,1704153937996,false,true
4000002788,64909.10,0.06071956,3941.25199200,1704153938151,false,true
4000002789,64909.99,0.02464866,1599.94427411,1704153938200,true,true
4000002790,64907.46,0.12152873,7888.12118133,1704153938252,false,true
4000002791,64906.58,0.08535896,5540.35816596,1704153938421,false,true
4000002792,64907.12,0.12296620,7981.38189934,1704153938457,true,true
4000002793,64909.86,0.06332626,4110.49867092,1704153938581,true,true
4000002794,64908.64,0.04062801,2637.10887501,1704153939104,false,true
4000002795,64907.83,0.07203125,4675.39212969,1704153939244,false,true
4000002796,64909.80,0.05839335,3790.30066983,1704153939298,false,true
4000002797,64905.50,0.11447516,7430.06749738,1704153939751,false,true
4000002798,64903.94,0.03925128,2547.56272204,1704153940068,false,true
4000002799,64905.26,0.09145511,5935.91769288,1704153940080,true,true
4000002800,64906.14,0.31193678,20246.61231383,1704153940104,true,true
4000002801,64907.48,0.11996853,7786.85496160,1704153940168,true,true
4000002802,64905.48,0.08615909,5592.19709281,1704153940282,false,true
4000002803,64904.91,0.08382121,5440.40809114,1704153940552,false,true
4000002804,64907.26,0.03889121,2524.32187918,1704153940647,false,true
4000002805,64905.05,0.10527331,6832.76944922,1704153940724,false,true
4000002806,64905.77,0.02794051,1813.50031574,1704153940748,true,true
4000002807,64905.35,0.10258101,6658.05635740,1704153940825,false,true
4000002808,64906.81,0.15879064,10306.59390026,1704153940957,false,true
4000002809,64908.26,0.04527156,2938.49818709,1704153941077,true,true
4000002810,64909.54,0.09465821,6144.22086832,1704153941191,true,true
4000002811,64909.15,0.01186744,770.30544308,1704153941226,false,true
4000002812,64907.68,0.03756271,2438.10836061,1704153941283,false,true
4000002813,64907.55,0.01442640,936.38227932,1704153941383,true,true
4000002814,64909.37,0.02064193,1339.85467188,1704153941440,false,true
4000002815,64910.00,0.03840197,2492.67187270,1704153941757,true,true
4000002816,64909.47,0.07828753,5081.60207991,1704153941785,true,true
4000002817,64908.43,0.05573849,3617.89787647,1704153942357,true,true
4000002818,64909.54,0.01069750,694.36980415,1704153942371,true,true
4000002819,64908.52,0.03604595,2339.68926649,1704153942392,true,true
4000002820,64904.96,0.07178111,4658.95007331,1704153942396,false,true
4000002821,64903.69,0.01697402,1101.67653213,1704153942643,true,true
4000002822,64905.03,0.06528350,4237.22752600,1704153942800,false,true
4000002823,64906.82,0.10228812,6639.19659298,1704153942895,true,true
4000002824,64908.44,0.05536961,3593.95500851,1704153942938,true,true
4000002825,64906.30,0.09718907,6308.18293414,1704153942994,true,true
4000002826,64905.94,0.02476649,1607.49231395,1704153943063,true,true
4000002827,64906.51,0.06336771,4112.97690279,1704153943281,false,true
4000002828,64906.53,0.03733576,2423.33462651,1704153943347,false,true
4000002829,64904.84,0.15327382,9948.21276329,1704153943376,true,true
4000002830,64906.52,0.08185057,5312.63565872,1704153943662,false,true
4000002831,64905.45,0.05120327,3323.37128082,1704153943705,false,true
4000002832,64903.08,0.07164400,4649.91626352,1704153943809,true,true
4000002833,64901.07,0.02833723,1839.11654784,1704153943851,false,true
4000002834,64901.32,0.08824259,5727.06057122,1704153943894,false,true
4000002835,64902.11,0.04435693,2878.85835012,1704153943974,true,true
4000002836,64901.00,0.06016323,3904.65379023,1704153944122,true,true
4000002837,64901.72,0.07438054,4827.42498053,1704153944248,false,true
4000002838,64902.69,0.05375630,3488.92847445,1704153944357,false,true
4000002839,64902.55,0.13022113,8451.68340088,1704153945050,true,true
4000002840,64900.90,0.07956136,5163.60386922,1704153945102,false,true
4000002841,64902.46,0.13252076,8600.92332507,1704153945160,false,true
4000002842,64903.55,0.02980039,1934.15110238,1704153945253,false,true
4000002843,64904.93,0.15658724,10163.28385109,1704153945620,false,true
4000002844,64904.26,0.07699103,4997.04582879,1704153945660,false,true
4000002845,64904.70,0.01762864,1144.18159061,1704153945715,true,true
4000002846,64901.64,0.06989598,4536.36373141,1704153945944,true,true
4000002847,64903.06,0.02105650,1366.63128289,1704153945976,true,true
4000002848,64903.68,0.11666788,7572.17474980,1704153945989,false,true
4000002849,64903.42,0.06085321,3949.58144698,1704153946084,true,true
4000002850,64903.26,0.01481784,961.72612216,1704153946091,true,true
4000002851,64902.27,0.04158290,2698.82460318,1704153946259,false,true
4000002852,64901.50,0.02227324,1445.56668586,1704153946405,false,true
4000002853,64901.11,0.05239903,3400.75520992,1704153946505,true,true
4000002854,64901.89,0.06177776,4009.49338397,1704153946513,true,true
4000002855,64903.32,0.03294644,2138.33333818,1704153946545,false,true
4000002856,64901.70,0.03331876,2162.44416589,1704153946641,false,true
4000002857,64901.95,0.02985726,1937.79439566,1704153946668,true,true
4000002858,64902.39,0.05910141,3835.82276137,1704153946765,false,true
4000002859,64902.75,0.09837553,6384.84242971,1704153946873,true,true
4000002860,64903.20,0.03998627,2595.23687906,1704153947060,true,true
4000002861,64904.08,0.13887210,9013.36588817,1704153947136,true,true
4000002862,64906.48,0.05015668,3255.49354729,1704153947220,true,true
4000002863,64907.24,0.09474580,6149.68837959,1704153947598,true,true
4000002864,64906.36,0.15753543,10225.05133233,1704153947638,false,true
4000002865,64905.22,0.04119794,2673.96135925,1704153948110,false,true
4000002866,64906.78,0.03964075,2572.95343929,1704153948567,false,true
4000002867,64905.94,0.05341019,3466.63858753,1704153948637,false,true
4000002868,64904.84,0.18108264,11753.13977598,1704153948763,false,true
4000002869,64903.96,0.04562822,2961.45216575,1704153948942,true,true
4000002870,64904.35,0.09962885,6466.34575050,1704153949036,false,true
4000002871,64905.31,0.06785620,4404.22769642,1704153949141,true,true
4000002872,64905.78,0.06674890,4332.38941864,1704153949333,true,true
4000002873,64906.96,0.02586843,1679.04115127,1704153949725,false,true
4000002874,64909.03,0.04509752,2927.23627861,1704153949914,true,true
4000002875,64908.63,0.19956834,12953.70754077,1704153950156,false,true
4000002876,64908.37,0.06864659,4455.73826296,1704153950210,false,true
4000002877,64908.32,0.02595929,1684.97390229,1704153950272,false,true
4000002878,64906.22,0.08292826,5382.55988778,1704153950704,false,true
4000002879,64904.65,0.11857395,7696.00072387,1704153950886,true,true
4000002880,64906.87,0.05605760,3638.52335571,1704153951043,false,true
4000002881,64906.49,0.08730475,5666.64488283,1704153951238,false,true
4000002882,64905.65,0.09904003,6428.25752317,1704153951268,false,true
4000002883,64902.83,0.04891884,3174.97115632,1704153951302,false,true
4000002884,64902.08,0.09203514,5973.27201909,1704153951381,true,true
4000002885,64902.51,0.04836653,3139.10919699,1704153951526,true,true
4000002886,64903.90,0.03434511,2229.13158493,1704153951642,false,true
4000002887,64903.43,0.06083891,3948.65393646,1704153951682,true,true
4000002888,64901.22,0.13526178,8778.65454137,1704153951700,false,true
4000002889,64901.22,0.02938576,1907.17167463,1704153951766,true,true
4000002890,64901.69,0.06611602,4291.04143407,1704153951793,false,true
4000002891,64902.60,0.06333264,4110.45300086,1704153951972,true,true
4000002892,64902.48,0.10445122,6779.14321703,1704153951974,false,true
4000002893,64902.55,0.04000514,2596.43559911,1704153952129,true,true
4000002894,64901.45,0.14755187,9576.33031321,1704153952202,true,true
4000002895,64902.13,0.03878879,2517.47509112,1704153952279,false,true
4000002896,64901.06,0.10938100,7098.94284386,1704153952315,true,true
4000002897,64901.06,0.04391294,2849.99635372,1704153952381,false,true
4000002898,64899.75,0.07609678,4938.66199781,1704153952474,false,true
4000002899,64901.21,0.03440535,2232.94884547,1704153952545,false,true
4000002900,64902.87,0.05764671,3741.43692506,1704153952740,true,true
4000002901,64901.00,0.05200831,3375.39132731,1704153952905,true,true
4000002902,64897.45,0.02616931,1698.32148726,1704153952999,true,true
4000002903,64898.28,0.01651923,1072.06961392,1704153953318,false,true
4000002904,64894.81,0.01499626,973.17944341,1704153953500,true,true
4000002905,64893.77,0.06125939,3975.35276500,1704153953765,false,true
4000002906,64893.63,0.02099302,1362.31327246,1704153953895,false,true
4000002907,64892.69,0.09303871,6037.53216603,1704153954109,true,true
4000002908,64892.42,0.05264415,3416.20629234,1704153954109,true,true
4000002909,64892.55,0.04509471,2926.31072341,1704153954178,false,true
4000002910,64892.49,0.07651358,4965.15672501,1704153954227,true,true
4000002911,64890.45,0.06311376,4095.48028759,1704153954333,true,true
4000002912,64888.65,0.13303149,8632.23379359,1704153954353,true,true
4000002913,64888.79,0.03340066,2167.32841260,1704153954356,false,true
4000002914,64886.58,0.02503110,1624.18247264,1704153954453,true,true
4000002915,64887.80,0.04302694,2791.92347733,1704153954485,false,true
4000002916,64888.11,0.08184079,5310.49418401,1704153954524,false,true
4000002917,64889.03,0.04245335,2754.75670175,1704153954542,false,true
4000002918,64890.27,0.03408256,2211.62652069,1704153954600,true,true
4000002919,64888.05,0.07036073,4565.57056628,1704153954659,true,true
4000002920,64886.69,0.06098796,3957.30685425,1704153954718,false,true
4000002921,64886.94,0.03919678,2543.35911205,1704153955023,false,true
4000002922,64886.82,0.03697568,2399.23429254,1704153955039,true,true
4000002923,64884.88,0.05287510,3430.79451849,1704153955086,true,true
4000002924,64886.38,0.25333079,16437.71790564,1704153955141,true,true
4000002925,64886.36,0.06697345,4345.66338714,1704153955141,false,true
4000002926,64886.84,0.02819391,1829.41372714,1704153955195,true,true
4000002927,64889.40,0.03412903,2214.61227928,1704153955430,false,true
4000002928,64887.59,0.49784542,32303.98949634,1704153955558,false,true
4000002929,64886.35,0.07708328,5001.65268523,1704153955598,true,true
4000002930,64885.59,0.03272972,2123.68719273,1704153955633,false,true
4000002931,64884.90,0.04417219,2866.10813093,1704153955781,false,true
4000002932,64884.94,0.04042524,2622.98927189,1704153956032,true,true
4000002933,64884.21,0.03062350,1986.98160494,1704153956053,false,true
4000002934,64885.78,0.17347567,11256.10415897,1704153956222,true,true
4000002935,64886.11,0.03513182,2279.56713702,1704153956236,true,true
4000002936,64886.99,0.09109950,5911.17234550,1704153956358,false,true
4000002937,64887.93,0.03874878,2514.32812423,1704153956549,false,true
4000002938,64886.46,0.14960370,9707.25449590,1704153956805,false,true
4000002939,64886.84,0.04543803,2948.33018253,1704153956919,false,true
4000002940,64886.01,0.04729934,3069.06544823,1704153957203,false,true
4000002941,64889.58,0.13295389,8627.32208147,1704153957283,false,true
4000002942,64892.38,0.04420248,2868.40412910,1704153957301,true,true
4000002943,64890.76,0.02984322,1936.54922665,1704153957380,false,true
4000002944,64891.37,0.04175932,2709.81948507,1704153957436,true,true
4000002945,64889.65,0.02680090,1739.10102068,1704153957608,false,true
4000002946,64890.22,0.03638062,2360.74643554,1704153957625,false,true
4000002947,64891.18,0.04294212,2786.56483850,1704153957637,false,true
4000002948,64888.72,0.10187089,6610.27165736,1704153957669,false,true
4000002949,64889.56,0.11209543,7273.82313071,1704153958124,false,true
4000002950,64888.71,0.02654168,1722.25537643,1704153958392,true,true
4000002951,64888.76,0.03637063,2360.04508112,1704153958527,false,true
4000002952,64885.83,0.02557918,1659.72632502,1704153958822,false,true
4000002953,64885.49,0.05662643,3674.23365750,1704153958847,false,true
4000002954,64885.72,0.05658133,3671.32033561,1704153958869,true,true
4000002955,64884.90,0.10088711,6546.05004364,1704153958921,false,true
4000002956,64883.08,0.02246827,1457.81055987,1704153958996,true,true
4000002957,64883.52,0.11305230,7335.23116810,1704153959011,true,true
4000002958,64883.07,0.13715121,8898.79155901,1704153959062,true,true
4000002959,64883.93,0.03748907,2432.43819365,1704153959145,true,true
4000002960,64881.92,0.03825557,2482.09483229,1704153959197,true,true
4000002961,64881.41,0.04872151,3161.12026613,1704153959325,false,true
4000002962,64882.13,0.04669130,3029.43099647,1704153959401,false,true
4000002963,64883.51,0.08143612,5283.86130638,1704153959659,false,true
4000002964,64882.97,0.09124330,5920.13629660,1704153959669,true,true
4000002965,64884.11,0.02949879,1914.00273523,1704153960023,false,true
4000002966,64885.05,0.04981972,3232.55502319,1704153960054,true,true
4000002967,64887.36,0.05538595,3593.84807659,1704153960168,false,true
4000002968,64889.00,0.13191749,8559.99400861,1704153960369,true,true
4000002969,64888.33,0.06954385,4512.58428827,1704153960463,true,true
4000002970,64887.87,0.06079854,3945.08775971,1704153960588,false,true
4000002971,64885.84,0.02289645,1485.65539127,1704153960608,true,true
4000002972,64887.67,0.03732343,2421.83040911,1704153960648,true,true
4000002973,64891.04,0.03445733,2235.97197932,1704153960937,false,true
4000002974,64894.02,0.04003386,2597.95811152,1704153960955,false,true
4000002975,64894.06,0.04969856,3225.14133455,1704153961056,false,true
4000002976,64892.84,0.17597815,11419.72193145,1704153961456,true,true
4000002977,64894.21,0.06256781,4060.28860138,1704153961672,false,true
4000002978,64894.45,0.01691654,1097.78955920,1704153961706,true,true
4000002979,64894.92,0.02153425,1397.46343101,1704153961732,false,true
4000002980,64895.20,0.04101781,2661.85898351,1704153961772,true,true
4000002981,64895.77,0.04124935,2676.90833025,1704153962133,true,true
4000002982,64896.67,0.08493276,5511.85329791,1704153962311,true,true
4000002983,64897.38,0.05102355,3311.29471330,1704153962324,false,true
4000002984,64896.26,0.03064932,1989.02623954,1704153962368,true,true
4000002985,64897.93,0.10055586,6525.86716337,1704153962377,false,true
4000002986,64901.04,0.04203617,2728.19115062,1704153962416,false,true
4000002987,64902.44,0.04782599,3104.02344642,1704153962430,true,true
4000002988,64900.59,0.05903639,3831.49654247,1704153962576,true,true
4000002989,64901.25,0.01891260,1227.45138075,1704153962589,false,true
4000002990,64903.19,0.04938995,3205.56530894,1704153962645,true,true
4000002991,64904.63,0.02612287,1695.49521189,1704153963057,true,true
4000002992,64902.83,0.07490423,4861.49650597,1704153963098,true,true
4000002993,64902.64,0.03107291,2016.71389148,1704153963186,false,true
4000002994,64900.26,0.08684838,5636.48244258,1704153963196,true,true
4000002995,64902.34,0.09529142,6184.63613992,1704153963281,false,true
4000002996,64900.56,0.03090892,2006.00621700,1704153963470,false,true
4000002997,64900.09,0.02377066,1542.71797336,1704153963528,true,true
4000002998,64896.86,0.04250236,2758.26970659,1704153963643,false,true
4000002999,64894.72,0.02818961,1829.35684786,1704153963750,true,true
4000003000,64896.52,0.09929991,6444.21859531,1704153963889,false,true
4000003001,64897.75,0.03498965,2270.74955829,1704153964059,false,true
4000003002,64896.30,0.11881587,7710.71034428,1704153964165,true,true
4000003003,64892.94,0.04081365,2648.51774063,1704153964288,true,true
4000003004,64893.31,0.02076216,1347.32528515,1704153964392,false,true
4000003005,64896.72,0.06224416,4039.44182316,1704153964708,false,true
4000003006,64897.46,0.01995480,1295.01583481,1704153964744,true,true
4000003007,64898.01,0.03029804,1966.28250290,1704153964779,true,true
4000003008,64897.59,0.05322432,3454.13009739,1704153965367,false,true
4000003009,64897.38,0.14465161,9387.51050178,1704153965551,false,true
4000003010,64896.17,0.04282958,2779.47570471,1704153965604,false,true
4000003011,64897.27,0.01729821,1122.60660489,1704153965654,true,true
4000003012,64895.52,0.02590378,1681.03927307,1704153965686,true,true
4000003013,64895.83,0.03917037,2541.99367256,1704153965813,true,true
4000003014,64895.18,0.09571093,6211.17803032,1704153965873,false,true
4000003015,64894.97,0.12757190,8278.77462334,1704153966077,false,true
4000003016,64896.87,0.02709508,1758.38588440,1704153966125,true,true
4000003017,64898.31,0.08332305,5407.52512905,1704153966275,true,true
4000003018,64896.08,0.03438979,2231.76256302,1704153966338,true,true
4000003019,64895.76,0.03432292,2227.41197882,1704153966451,false,true
4000003020,64896.80,0.03262980,2117.56960464,1704153966608,false,true
4000003021,64895.39,0.04418896,2867.65979289,1704153966621,true,true
4000003022,64897.92,0.03703524,2403.51004270,1704153966664,true,true
4000003023,64897.38,0.04497257,2918.60196487,1704153966737,true,true
4000003024,64899.12,0.06055885,3930.21607321,1704153966776,true,true
4000003025,64896.41,0.05200349,3374.83980847,1704153966811,true,true
4000003026,64896.72,0.11779786,7644.69473702,1704153966812,false,true
4000003027,64896.73,0.05653548,3668.96778098,1704153967039,true,true
4000003028,64895.17,0.07374422,4785.64369342,1704153967105,true,true
4000003029,64896.26,0.02620080,1700.33392901,1704153967379,true,true
4000003030,64898.61,0.04390373,2849.29105082,1704153967880,true,true
4000003031,64898.98,0.03210123,2083.33708375,1704153968167,false,true
4000003032,64900.14,0.04079427,2647.55383420,1704153968563,false,true
4000003033,64902.02,0.12174109,7901.24265800,1704153968598,true,true
4000003034,64901.29,0.04638555,3010.48203236,1704153968789,true,true
4000003035,64899.67,0.04842906,3143.03001241,1704153968994,false,true
4000003036,64897.86,0.02792414,1812.21692834,1704153969123,true,true
4000003037,64893.95,0.02799920,1816.97868484,1704153969229,false,true
4000003038,64895.83,0.06572096,4265.01624760,1704153969300,false,true
4000003039,64896.67,0.04493985,2916.44661530,1704153969402,true,true
4000003040,64897.91,0.06083637,3948.15326499,1704153969422,true,true
4000003041,64897.69,0.04090119,2654.39274925,1704153969527,true,true
4000003042,64899.87,0.03651257,2369.66104637,1704153969611,true,true
4000003043,64898.90,0.01262808,819.54850111,1704153969641,true,true
4000003044,64897.20,0.06237293,4047.82851280,1704153969691,true,true
4000003045,64894.56,0.02969741,1927.20035509,1704153969710,true,true
4000003046,64892.46,0.03998490,2594.71852385,1704153969710,false,true
4000003047,64890.72,0.02739431,1777.63649980,1704153969725,false,true
4000003048,64892.67,0.04446247,2885.28839309,1704153969888,true,true
4000003049,64892.55,0.03184551,2066.53634995,1704153970065,true,true
4000003050,64892.94,0.07043399,4570.66868703,1704153970150,true,true
4000003051,64893.39,0.05967295,3872.38001680,1704153970256,true,true
4000003052,64894.73,0.04147174,2691.29736993,1704153970405,false,true
4000003053,64895.58,0.07614920,4941.74650054,1704153970459,false,true
4000003054,64894.80,0.01522490,988.01684052,1704153970484,false,true
4000003055,64893.97,0.06418308,4165.09486803,1704153970609,true,true
4000003056,64892.69,0.11659644,7566.25663602,1704153970611,true,true
4000003057,64889.51,0.01745789,1132.83392773,1704153970669,false,true
4000003058,64891.31,0.19218740,12471.29215149,1704153970669,true,true
4000003059,64891.06,0.05493536,3564.81374188,1704153970772,true,true
4000003060,64893.32,0.01570357,1019.05679315,1704153970893,false,true
4000003061,64893.74,0.07334008,4759.31208310,1704153971150,false,true
4000003062,64895.39,0.03273000,2124.02611470,1704153971427,true,true
4000003063,64894.59,0.01523168,988.45362861,1704153971447,false,true
4000003064,64894.74,0.04367854,2834.50749688,1704153971543,false,true
4000003065,64898.02,0.03447631,2237.44425591,1704153971589,true,true
4000003066,64897.68,0.08556476,5552.95441376,1704153971680,false,true
4000003067,64899.04,0.03308290,2147.04845042,1704153972421,true,true
4000003068,64901.99,0.02529797,1641.88859596,1704153972520,true,true
4000003069,64900.80,0.07613864,4941.45864691,1704153972621,false,true
4000003070,64900.08,0.08133445,5278.61231176,1704153972833,false,true
4000003071,64900.63,0.08801103,5711.97129395,1704153973143,false,true
4000003072,64902.93,0.02970348,1927.84288320,1704153973296,true,true
4000003073,64903.28,0.03965085,2573.47021979,1704153973432,true,true
4000003074,64902.53,0.09708276,6300.91674338,1704153973526,true,true
4000003075,64901.11,0.07963572,5168.44662365,1704153973574,false,true
4000003076,64900.21,0.05683691,3688.72739475,1704153973643,true,true
4000003077,64899.67,0.05518209,3581.29943091,1704153973656,false,true
4000003078,64897.85,0.03670966,2382.37800823,1704153974264,false,true
4000003079,64898.17,0.01800771,1168.66742489,1704153974357,true,true
4000003080,64901.52,0.07281016,4725.49005544,1704153974467,false,true
4000003081,64902.97,0.03219647,2089.64652652,1704153974635,true,true
4000003082,64902.54,0.04804455,3118.21332816,1704153974661,false,true
4000003083,64903.00,0.04785063,3105.64943889,1704153974919,true,true
4000003084,64902.87,0.02411539,1565.15802217,1704153974976,false,true
4000003085,64901.88,0.01429555,927.80807063,1704153975350,false,true
4000003086,64903.64,0.02763532,1793.63286056,1704153975378,false,true
4000003087,64904.19,0.11428194,7417.37674733,1704153975697,false,true
4000003088,64904.79,0.12087362,7845.27692264,1704153975697,true,true
4000003089,64904.95,0.14988320,9728.16160184,1704153976217,true,true
4000003090,64907.62,0.04564924,2962.98352321,1704153976444,false,true
4000003091,64908.38,0.05482046,3558.30724945,1704153976582,false,true
4000003092,64909.49,0.03268857,2121.79840753,1704153976831,true,true
4000003093,64908.81,0.03743467,2429.83988244,1704153976997,true,true
4000003094,64908.50,0.12413973,8057.72366471,1704153977063,false,true
4000003095,64907.96,0.17814161,11562.80849622,1704153977146,true,true
4000003096,64906.34,0.03046220,1977.18991035,1704153977294,false,true
4000003097,64904.34,0.06602790,4285.49727109,1704153977420,false,true
4000003098,64906.65,0.11784222,7648.74372876,1704153977445,false,true
4000003099,64905.05,0.17834810,11575.69234791,1704153977587,false,true
4000003100,64906.36,0.03873300,2514.01804188,1704153977628,true,true
4000003101,64905.74,0.04423042,2870.80814061,1704153977844,false,true
4000003102,64908.35,0.01879113,1219.70124294,1704153977930,true,true
4000003103,64911.63,0.20579735,13358.64143818,1704153977944,false,true
4000003104,64911.99,0.15403436,9998.67683598,1704153978123,false,true
4000003105,64912.36,0.03289718,2135.43359114,1704153978195,true,true
4000003106,64913.56,0.09408046,6107.09758504,1704153978534,false,true
4000003107,64913.66,0.03398256,2205.93234577,1704153978581,false,true
4000003108,64910.50,0.02710160,1759.17840680,1704153978956,false,true
4000003109,64911.67,0.03844880,2495.77581750,1704153979085,false,true
4000003110,64911.03,0.06219654,4037.24147384,1704153979093,false,true
4000003111,64911.41,0.07173638,4656.50957410,1704153979165,true,true
4000003112,64911.78,0.04241364,2753.14486868,1704153979258,false,true
4000003113,64911.03,0.04449192,2888.01635388,1704153979265,true,true
4000003114,64910.44,0.02841147,1844.20101875,1704153979385,true,true
4000003115,64912.04,0.16960924,11009.68177125,1704153979404,false,true
4000003116,64912.87,0.06521466,4233.27074667,1704153979507,false,true
4000003117,64913.82,0.01942360,1260.86007415,1704153979538,false,true
4000003118,64912.54,0.02863033,1858.46744134,1704153979668,false,true
4000003119,64915.39,0.02361011,1532.65949859,1704153979709,true,true
4000003120,64914.22,0.03230211,2096.86627500,1704153979852,true,true
4000003121,64913.22,0.03492423,2267.04422532,1704153979927,true,true
4000003122,64913.94,0.04227824,2744.44713467,1704153979982,true,true
4000003123,64915.19,0.09801146,6362.43254808,1704153980409,false,true
4000003124,64918.15,0.04966621,3224.23847071,1704153980411,false,true
4000003125,64918.42,0.03650893,2370.10205149,1704153980566,false,true
4000003126,64917.43,0.04474721,2904.87387287,1704153980795,false,true
4000003127,64915.37,0.15668161,10171.04468535,1704153980862,false,true
4000003128,64915.21,0.02619427,1700.40653785,1704153980918,false,true
4000003129,64914.55,0.08559631,5556.44594531,1704153980946,true,true
4000003130,64914.74,0.07327706,4756.76129786,1704153981204,false,true
4000003131,64913.67,0.02478573,1608.93269793,1704153981303,true,true
4000003132,64913.80,0.02710744,1759.64693867,1704153981333,true,true
4000003133,64914.23,0.06250725,4057.61000317,1704153981377,true,true
4000003134,64915.46,0.02036156,1321.78003372,1704153981383,true,true
4000003135,64915.83,0.10520856,6829.70099550,1704153981443,false,true
4000003136,64914.93,0.04796642,3113.73679665,1704153981591,false,true
4000003137,64913.33,0.08969034,5822.09863823,1704153981762,false,true
4000003138,64912.56,0.04366787,2834.59323145,1704153981952,false,true
4000003139,64913.03,0.08972463,5824.29759893,1704153982205,false,true
4000003140,64915.29,0.13802500,8959.93290225,1704153982542,false,true
4000003141,64913.51,0.02650932,1720.81300891,1704153982682,true,true
4000003142,64913.65,0.03904751,2534.71639751,1704153982929,false,true
4000003143,64916.30,0.07326617,4756.16867157,1704153983219,false,true
4000003144,64916.54,0.06940827,4505.74473579,1704153983448,false,true
4000003145,64914.50,0.13552482,8797.52592789,1704153983668,true,true
4000003146,64912.30,0.05785233,3755.32780066,1704153983681,false,true
4000003147,64909.45,0.03066126,1990.20552291,1704153983748,false,true
4000003148,64907.51,0.04227331,2743.85529156,1704153983848,false,true
4000003149,64903.49,0.06928688,4496.96032321,1704153984140,true,true
4000003150,64905.58,0.04379899,2842.79884936,1704153984213,false,true
4000003151,64905.61,0.03617324,2347.84620788,1704153984272,false,true
4000003152,64905.75,0.05557622,3607.21624127,1704153984484,true,true
4000003153,64907.47,0.03578490,2322.70732320,1704153984764,false,true
4000003154,64910.87,0.03818799,2478.81565445,1704153985035,true,true
4000003155,64913.85,0.04543542,2949.38803857,1704153985053,false,true
4000003156,64913.41,0.08847081,5742.94196256,1704153985671,false,true
4000003157,64913.95,0.02110080,1369.73627616,1704153985719,true,true
4000003158,64913.11,0.01208750,784.63721713,1704153985834,false,true
4000003159,64913.19,0.04512945,2929.49656245,1704153985901,true,true
4000003160,64914.55,0.13908691,9028.76417354,1704153985942,false,true
4000003161,64911.39,0.04214376,2735.61004143,1704153986237,false,true
4000003162,64912.39,0.05764523,3741.88965140,1704153986311,false,true
4000003163,64912.01,0.05365304,3482.72666901,1704153986489,true,true
4000003164,64911.45,0.05329837,3459.67447934,1704153986506,true,true
4000003165,64913.43,0.04459670,2894.92476368,1704153986508,true,true
4000003166,64911.16,0.12129973,7873.70618199,1704153986512,false,true
4000003167,64910.12,0.02207378,1432.81170865,1704153986715,false,true
4000003168,64911.64,0.02167916,1407.22982942,1704153986767,false,true
4000003169,64913.77,0.03574191,2320.14212510,1704153986850,true,true
4000003170,64913.44,0.18713122,12147.33122160,1704153986861,true,true
4000003171,64912.81,0.03174108,2060.40269523,1704153986876,true,true
4000003172,64913.78,0.01823361,1183.61254815,1704153986885,false,true
4000003173,64913.20,0.06406303,4158.53627900,1704153987073,true,true
4000003174,64913.33,0.04694183,3047.15050159,1704153987278,false,true
4000003175,64914.69,0.02728261,1771.04217054,1704153987400,false,true
4000003176,64915.79,0.03087069,2003.99522920,1704153987592,true,true
4000003177,64916.36,0.06039219,3920.44114723,1704153987619,true,true
4000003178,64916.35,0.03906546,2535.98707427,1704153987996,false,true
4000003179,64918.88,0.05129874,3330.25674621,1704153988002,false,true
4000003180,64919.98,0.06435214,4177.73964176,1704153988082,true,true
4000003181,64921.36,0.27001295,17529.60793161,1704153988107,true,true
4000003182,64920.85,0.11998647,7789.62362090,1704153988114,true,true
4000003183,64920.91,0.05319610,3453.53922045,1704153988141,false,true
4000003184,64922.02,0.09013319,5851.62876384,1704153988291,true,true
4000003185,64921.85,0.03981291,2584.72777108,1704153988339,false,true
4000003186,64922.70,0.04910841,3188.25056991,1704153988451,true,true
4000003187,64921.33,0.03269351,2122.50615157,1704153988520,false,true
4000003188,64922.38,0.02087872,1355.49619375,1704153988652,true,true
4000003189,64923.45,0.04565768,2964.25410460,1704153988660,true,true
4000003190,64924.66,0.06179691,4012.14337080,1704153988780,true,true
4000003191,64924.90,0.04000124,2597.07650688,1704153988937,true,true
4000003192,64927.26,0.05387438,3497.91587760,1704153989047,false,true
4000003193,64928.43,0.03759347,2440.88498535,1704153989188,true,true
4000003194,64929.45,0.06035961,3919.11627951,1704153989262,true,true
4000003195,64929.37,0.02518447,1635.21177088,1704153989442,false,true
4000003196,64927.29,0.39636798,25735.09878417,1704153989552,false,true
4000003197,64928.58,0.05799844,3765.75635142,1704153989629,false,true
4000003198,64931.04,0.02921270,1896.81099221,1704153989706,true,true
4000003199,64932.30,0.03385448,2198.24925170,1704153989879,false,true
4000003200,64932.02,0.05333933,3463.43044235,1704153989926,false,true
4000003201,64934.04,0.04734553,3074.33653884,1704153989927,false,true
4000003202,64934.58,0.02129019,1382.46954577,1704153990039,false,true
4000003203,64934.84,0.06388707,4148.49666852,1704153990059,false,true
4000003204,64934.68,0.05565726,3614.08636778,1704153990104,false,true
4000003205,64936.42,0.04051101,2630.63995998,1704153990187,false,true
4000003206,64936.17,0.02662077,1728.65084625,1704153990208,true,true
4000003207,64936.66,0.04800881,3117.53177197,1704153990216,true,true
4000003208,64935.94,0.09218055,5985.83066397,1704153990249,false,true
4000003209,64938.36,0.03428471,2226.39284048,1704153990250,false,true
4000003210,64938.06,0.06951034,4513.86662954,1704153990394,true,true
4000003211,64937.40,0.05705379,3704.92478275,1704153990435,false,true
4000003212,64936.99,0.01706706,1108.28350455,1704153990492,true,true
4000003213,64937.50,0.04803829,3119.48645687,1704153990559,false,true
4000003214,64937.82,0.08376274,5439.36973283,1704153990815,false,true
4000003215,64936.60,0.17155642,11140.29062297,1704153991008,true,true
4000003216,64934.83,0.03829627,2486.76178208,1704153991035,false,true
4000003217,64935.71,0.07303304,4742.45230586,1704153991478,true,true
4000003218,64935.96,0.11097581,7206.32075913,1704153991692,false,true
4000003219,64934.35,0.05248057,3407.79170058,1704153991781,false,true
4000003220,64936.32,0.08794918,5711.09609622,1704153991791,true,true
4000003221,64934.38,0.05237330,3400.82776405,1704153992188,true,true
4000003222,64934.22,0.09599321,6233.24421665,1704153992383,true,true
4000003223,64934.09,0.06947355,4511.20174832,1704153992390,true,true
4000003224,64934.13,0.11691546,7591.80367865,1704153992607,false,true
4000003225,64933.33,0.05187923,3368.69116174,1704153992655,false,true
4000003226,64935.27,0.04636483,3010.71275455,1704153992872,true,true
4000003227,64933.08,0.01509892,980.41938027,1704153992888,true,true
4000003228,64932.84,0.01889309,1226.78199008,1704153993088,false,true
4000003229,64932.33,0.14134638,9177.94979047,1704153993301,false,true
4000003230,64933.44,0.05162458,3352.16156796,1704153993304,false,true
4000003231,64932.03,0.02182375,1417.06038971,1704153993382,false,true
4000003232,64932.71,0.04167789,2706.25834478,1704153993483,true,true
4000003233,64930.71,0.02849187,1849.99734833,1704153993522,false,true
4000003234,64930.35,0.12631594,8201.73819478,1704153993544,false,true
4000003235,64932.82,0.14784291,9599.85706331,1704153993796,false,true
4000003236,64931.52,0.04148441,2693.64579760,1704153993955,false,true
4000003237,64929.60,0.03848700,2498.94551520,1704153994017,true,true
4000003238,64928.34,0.13747126,8925.78070951,1704153994058,false,true
4000003239,64926.64,0.03660915,2376.90910276,1704153994065,true,true
4000003240,64926.48,0.03658584,2375.38980904,1704153994073,false,true
4000003241,64927.49,0.09061905,5883.66746268,1704153994106,true,true
4000003242,64927.60,0.01003066,651.26668022,1704153994172,false,true
4000003243,64927.61,0.02486000,1614.10038460,1704153994264,true,true
4000003244,64926.71,0.03129428,2031.83464222,1704153994480,false,true
4000003245,64927.32,0.02739176,1778.47356688,1704153994782,false,true
4000003246,64927.25,0.07784683,5054.38059312,1704153994883,true,true
4000003247,64929.85,0.07266293,4717.99314546,1704153994888,false,true
4000003248,64930.05,0.07674091,4982.79112335,1704153995143,false,true
4000003249,64928.79,0.04990289,3240.13426520,1704153995281,true,true
4000003250,64931.21,0.05656336,3672.72740647,1704153995419,false,true
4000003251,64930.62,0.02441542,1585.30835816,1704153995530,false,true
4000003252,64931.10,0.10765474,6990.14068841,1704153995681,false,true
4000003253,64929.91,0.03771514,2448.84064584,1704153995703,true,true
4000003254,64930.32,0.10308612,6693.41475916,1704153995873,true,true
4000003255,64929.96,0.10585104,6872.90379316,1704153995894,true,true
4000003256,64930.55,0.10940524,7103.74240608,1704153995943,false,true
4000003257,64930.50,0.06760231,4389.45178945,1704153995946,false,true
4000003258,64928.85,0.02952449,1916.99118254,1704153996011,true,true
4000003259,64929.02,0.05870886,3811.90874512,1704153996180,true,true
4000003260,64929.69,0.03760438,2441.64073604,1704153996351,true,true
4000003261,64930.76,0.02293536,1489.21035567,1704153996563,true,true
4000003262,64930.45,0.05831433,3786.37568835,1704153996667,true,true
4000003263,64931.27,0.03689552,2395.67297091,1704153996713,true,true
4000003264,64931.46,0.07243475,4703.29407224,1704153996799,false,true
4000003265,64931.03,0.01952563,1267.81926730,1704153996860,false,true
4000003266,64931.11,0.01295069,840.90267697,1704153996973,false,true
4000003267,64931.70,0.02127521,1381.43555316,1704153996983,true,true
4000003268,64931.73,0.05043759,3274.99997573,1704153996989,false,true
4000003269,64932.87,0.05171961,3358.30271258,1704153997062,false,true
4000003270,64932.38,0.01097960,712.93155945,1704153997119,false,true
4000003271,64930.06,0.01409891,915.44307223,1704153997177,true,true
4000003272,64929.67,0.11795221,7658.59807107,1704153997181,false,true
4000003273,64930.25,0.06275982,4075.01080255,1704153997517,false,true
4000003274,64933.41,0.04348828,2823.84231543,1704153997643,false,true
4000003275,64935.84,0.03654455,2373.05105167,1704153997979,true,true
4000003276,64936.16,0.06490771,4214.85744179,1704153998054,true,true
4000003277,64937.83,0.02730080,1772.85470926,1704153998056,false,true
4000003278,64937.35,0.04597410,2985.43622263,1704153998086,true,true
4000003279,64936.24,0.07099639,4610.23862017,1704153998156,false,true
4000003280,64935.37,0.05414212,3515.73859478,1704153998440,false,true
4000003281,64933.36,0.01411318,916.41619768,1704153998594,true,true
4000003282,64933.17,0.03364524,2184.69208861,1704153998733,false,true
4000003283,64934.07,0.04575225,2970.87980416,1704153998940,true,true
4000003284,64934.50,0.04976487,3231.45695101,1704153999183,true,true
4000003285,64932.42,0.03564646,2314.61091223,1704153999340,true,true
4000003286,64932.36,0.03055553,1984.04267395,1704153999397,false,true
4000003287,64933.13,0.02534409,1645.67109070,1704153999687,false,true
4000003288,64932.86,0.02385144,1548.74221432,1704153999814,false,true
4000003289,64931.29,0.07733277,5021.31651537,1704154000327,false,true
4000003290,64931.38,0.03569084,2317.45549456,1704154000602,true,true
4000003291,64930.72,0.02889080,1875.90044538,1704154000613,true,true
4000003292,64930.70,0.06930279,4499.87866665,1704154000742,true,true
4000003293,64929.00,0.06276489,4075.26154281,1704154001017,true,true
4000003294,64927.23,0.15293119,9929.39854730,1704154001036,true,true
4000003295,64926.13,0.10192789,6617.78343677,1704154001274,true,true
4000003296,64922.61,0.02392512,1553.28123496,1704154001491,true,true
4000003297,64920.49,0.09843190,6390.24717963,1704154002073,true,true
4000003298,64918.82,0.04100672,2662.10787447,1704154002109,true,true
4000003299,64915.57,0.03198741,2076.48095297,1704154002253,true,true
4000003300,64915.96,0.02543223,1650.95762539,1704154002479,false,true
4000003301,64913.61,0.13698968,8892.49466154,1704154002692,true,true
4000003302,64913.87,0.08645035,5611.82678135,1704154002866,false,true
4000003303,64915.48,0.08512192,5525.73029532,1704154003090,false,true
4000003304,64916.21,0.03944506,2560.62379842,1704154003287,false,true
4000003305,64915.53,0.04959556,3219.52206305,1704154003296,false,true
4000003306,64916.54,0.04356927,2828.36625873,1704154003514,false,true
4000003307,64915.92,0.04659704,3024.88972088,1704154003516,true,true
4000003308,64916.63,0.05304844,3443.72595156,1704154003703,false,true
4000003309,64917.62,0.06099668,3959.75929350,1704154003771,true,true
4000003310,64916.71,0.08044761,5222.39416856,1704154003815,true,true
4000003311,64915.97,0.06523367,4234.70696471,1704154003926,false,true
4000003312,64914.01,0.05592179,3630.10763528,1704154004010,false,true
4000003313,64915.24,0.05545786,3600.06029179,1704154004160,false,true
4000003314,64916.15,0.03181412,2065.25018604,1704154004172,true,true
4000003315,64915.40,0.02306879,1497.51973037,1704154004616,false,true
4000003316,64915.06,0.05043163,3273.77228735,1704154004699,false,true
4000003317,64916.41,0.03420418,2220.41257259,1704154004709,true,true
4000003318,64916.04,0.01954918,1269.05535085,1704154004784,true,true
4000003319,64916.03,0.03200995,2077.95887450,1704154004788,true,true
4000003320,64915.12,0.13151846,8537.53661312,1704154004818,true,true
4000003321,64914.95,0.05235220,3398.44044539,1704154005066,false,true
4000003322,64915.59,0.01259518,817.62354086,1704154005153,false,true
4000003323,64913.44,0.06184664,4014.67815484,1704154005476,false,true
4000003324,64913.18,0.04277961,2776.96052426,1704154005625,true,true
4000003325,64910.10,0.05375045,3488.94708454,1704154005647,false,true
4000003326,64909.78,0.08420540,5465.75398881,1704154005668,false,true
4000003327,64910.28,0.03554985,2307.55071746,1704154005668,false,true
4000003328,64910.70,0.01708560,1109.03825592,1704154005853,true,true
4000003329,64911.57,0.05546528,3600.33840529,1704154005996,false,true
4000003330,64912.15,0.03499448,2271.56693493,1704154006146,false,true
4000003331,64912.71,0.04319374,2803.82271844,1704154006314,false,true
4000003332,64914.45,0.03879280,2518.21327596,1704154006371,false,true
4000003333,64914.36,0.04452410,2890.25345608,1704154006518,true,true
4000003334,64913.91,0.04039942,2622.48431393,1704154006558,false,true
4000003335,64912.51,0.04007178,2601.15981997,1704154006596,false,true
4000003336,64913.79,0.04180728,2713.86899439,1704154006910,false,true
4000003337,64916.22,0.02537779,1647.43019875,1704154006932,false,true
4000003338,64914.31,0.03420146,2220.16417689,1704154007639,false,true
4000003339,64913.53,0.06989306,4537.00524710,1704154007834,false,true
4000003340,64914.11,0.08836107,5735.88021770,1704154007867,true,true
4000003341,64914.57,0.06461536,4194.47830980,1704154007868,true,true
4000003342,64916.91,0.07377900,4789.50470289,1704154008005,false,true
4000003343,64916.75,0.04799196,3115.48206933,1704154008023,true,true
4000003344,64919.24,0.02830478,1837.52480597,1704154008049,true,true
4000003345,64917.63,0.05571144,3616.65464869,1704154008110,false,true
4000003346,64916.44,0.02864733,1859.68267911,1704154008129,true,true
4000003347,64917.63,0.08350234,5420.77401225,1704154008137,true,true
4000003348,64913.42,0.04307780,2796.32732408,1704154008172,true,true
4000003349,64913.48,0.01586410,1029.79393807,1704154008203,false,true
4000003350,64913.44,0.06167341,4003.43319963,1704154008458,false,true
4000003351,64913.50,0.04348959,2823.06150046,1704154008791,true,true
4000003352,64911.99,0.08403556,5454.91543036,1704154008963,true,true
4000003353,64913.37,0.09061673,5882.23732268,1704154009237,true,true
4000003354,64911.91,0.02247400,1458.83026534,1704154009351,false,true
4000003355,64911.33,0.13654921,8863.59083155,1704154009354,false,true
4000003356,64911.88,0.05538476,3595.12889495,1704154009373,true,true
4000003357,64911.01,0.03196891,2075.13423670,1704154009451,false,true
4000003358,64912.13,0.01425926,925.59893882,1704154009546,false,true
4000003359,64911.56,0.07886905,5119.51307122,1704154009635,true,true
4000003360,64909.37,0.11094264,7201.21686854,1704154009783,true,true
4000003361,64911.10,0.03424657,2222.98252993,1704154009889,true,true
4000003362,64910.49,0.05257381,3412.59176827,1704154009941,false,true
4000003363,64908.48,0.04568025,2965.03559352,1704154009980,false,true
4000003364,64908.32,0.08170524,5303.34986360,1704154010026,true,true
4000003365,64910.91,0.02409826,1564.23998602,1704154010079,true,true
4000003366,64909.98,0.14317287,9293.34812824,1704154010145,true,true
4000003367,64909.85,0.09366219,6079.59870357,1704154010327,true,true
4000003368,64910.46,0.04058638,2634.48059553,1704154010370,true,true
4000003369,64909.94,0.02959177,1920.80001519,1704154010418,true,true
4000003370,64910.50,0.02346735,1523.27742218,1704154010579,false,true
4000003371,64911.95,0.02741505,1779.56435485,1704154010774,false,true
4000003372,64912.39,0.03580563,2324.22901876,1704154010859,true,true
4000003373,64912.44,0.09971520,6472.75693709,1704154010963,false,true
4000003374,64911.66,0.04622029,3000.23574958,1704154010999,true,true
4000003375,64914.22,0.03974609,2580.08643040,1704154010999,true,true
4000003376,64915.47,0.18303324,11881.68880022,1704154011074,true,true
4000003377,64917.36,0.04777043,3101.13020166,1704154011178,false,true
4000003378,64917.51,0.06011975,3902.82447182,1704154011678,false,true
4000003379,64916.17,0.03403651,2209.51986937,1704154011693,false,true
4000003380,64916.74,0.08374661,5436.55690725,1704154011700,true,true
4000003381,64917.40,0.03364235,2183.97389189,1704154011739,true,true
4000003382,64918.09,0.01312613,852.12328869,1704154011767,true,true
4000003383,64919.52,0.03064362,1989.36910146,1704154011818,false,true
4000003384,64918.70,0.03557223,2309.30292770,1704154011850,false,true
4000003385,64917.33,0.02948879,1914.33351173,1704154011950,false,true
4000003386,64917.77,0.03742423,2429.49755557,1704154011997,true,true
4000003387,64918.26,0.14529104,9432.04151039,1704154012025,true,true
4000003388,64915.61,0.01847893,1199.57101310,1704154012193,false,true
4000003389,64916.73,0.04692088,3045.95009832,1704154012205,false,true
4000003390,64917.30,0.03523005,2287.03972487,1704154012227,false,true
4000003391,64917.77,0.07277970,4724.69582527,1704154012261,false,true
4000003392,64917.09,0.10450069,6783.88069779,1704154012322,true,true
4000003393,64917.24,0.06541239,4246.39182060,1704154012477,false,true
4000003394,64915.05,0.07077897,4594.62037650,1704154012596,false,true
4000003395,64913.75,0.08344836,5416.94597895,1704154012862,false,true
4000003396,64911.23,0.05290204,3433.93648591,1704154012910,true,true
4000003397,64909.25,0.05025292,3261.87934751,1704154013026,true,true
4000003398,64907.69,0.09770552,6341.83960345,1704154013176,true,true
4000003399,64905.88,0.10424701,6766.24392142,1704154013223,false,true
4000003400,64904.98,0.06451276,4187.19939754,1704154013255,false,true
4000003401,64903.68,0.03355867,2178.08117891,1704154013597,false,true
4000003402,64903.76,0.12638369,8202.77668367,1704154013798,false,true
4000003403,64902.75,0.07130573,4627.93796776,1704154013882,false,true
4000003404,64902.24,0.01366765,887.06110054,1704154013918,false,true
4000003405,64902.42,0.08825441,5727.92478467,1704154013999,true,true
4000003406,64903.79,0.13943162,9049.64058384,1704154014113,true,true
4000003407,64904.81,0.01700478,1103.69201499,1704154014169,true,true
4000003408,64904.85,0.03855443,2502.36949599,1704154014181,true,true
4000003409,64904.70,0.04171918,2707.77086215,1704154014517,false,true
4000003410,64903.56,0.05781100,3752.13970716,1704154014557,true,true
4000003411,64904.45,0.04020369,2609.39838742,1704154014648,false,true
4000003412,64904.52,0.06499526,4218.48615258,1704154014780,false,true
4000003413,64905.28,0.01168461,758.39288374,1704154014804,true,true
4000003414,64902.02,0.03269508,2121.97673606,1704154014837,true,true
4000003415,64902.35,0.03454063,2241.76805748,1704154014845,true,true
4000003416,64904.47,0.09661677,6270.86024996,1704154014861,false,true
4000003417,64902.12,0.06335327,4111.76153193,1704154014881,true,true
4000003418,64903.10,0.04150141,2693.57016337,1704154015122,false,true
4000003419,64903.28,0.02443021,1585.60076009,1704154015209,false,true
4000003420,64904.00,0.05597953,3633.29541512,1704154015230,false,true
4000003421,64905.92,0.12074542,7837.09257089,1704154015336,true,true
4000003422,64905.72,0.07787348,5054.43428831,1704154015350,false,true
4000003423,64905.74,0.11789478,7652.04793804,1704154015358,true,true
4000003424,64905.71,0.05071247,3291.52887120,1704154015558,false,true
4000003425,64905.08,0.02913061,1890.72457250,1704154015622,true,true
4000003426,64901.47,0.03930681,2551.06975001,1704154015676,true,true
4000003427,64899.68,0.02777546,1802.61846585,1704154015850,true,true
4000003428,64898.23,0.04568620,2964.95351543,1704154015936,true,true
4000003429,64898.56,0.03403904,2209.08467978,1704154015993,true,true
4000003430,64897.98,0.10902583,7075.55613482,1704154016051,false,true
4000003431,64897.11,0.07252483,4706.65187024,1704154016053,false,true
4000003432,64895.24,0.07005444,4546.19969687,1704154016303,false,true
4000003433,64895.84,0.01903441,1235.25402585,1704154016347,true,true
4000003434,64895.85,0.05575673,3618.38038657,1704154016419,false,true
4000003435,64894.25,0.05286975,3430.94277394,1704154016686,false,true
4000003436,64892.81,0.05763959,3740.39496235,1704154017054,false,true
4000003437,64895.39,0.02205671,1431.37879757,1704154017060,false,true
4000003438,64894.01,0.05688843,3691.71834530,1704154017131,true,true
4000003439,64892.92,0.03612328,2344.14511918,1704154017212,true,true
4000003440,64895.56,0.03071639,1993.35733023,1704154017266,false,true
4000003441,64896.68,0.17815924,11561.94318732,1704154017871,false,true
4000003442,64898.05,0.10590483,6873.01695258,1704154017874,false,true
4000003443,64898.39,0.10211096,6626.83690535,1704154017938,false,true
4000003444,64898.87,0.02647958,1718.49482007,1704154017979,true,true
4000003445,64900.51,0.06278191,4074.57797777,1704154018051,false,true
4000003446,64898.09,0.05415616,3514.63134573,1704154018239,false,true
4000003447,64897.84,0.02318186,1504.45264118,1704154018669,false,true
4000003448,64899.11,0.03936759,2554.92155384,1704154018741,true,true
4000003449,64898.92,0.03137557,2036.24060738,1704154019049,false,true
4000003450,64900.09,0.06929473,4497.23421353,1704154019054,false,true
4000003451,64898.93,0.20382597,13228.08735921,1704154019159,false,true
4000003452,64896.61,0.08712561,5654.15673318,1704154019257,false,true
4000003453,64896.51,0.18999382,12329.93583957,1704154019265,false,true
4000003454,64897.22,0.03469722,2251.75311973,1704154019273,false,true
4000003455,64893.27,0.06986988,4534.08498771,1704154019358,true,true
4000003456,64894.66,0.06889647,4471.01299585,1704154019477,true,true
4000003457,64897.43,0.04301025,2791.25468866,1704154019514,true,true
4000003458,64894.63,0.03179408,2063.26505779,1704154019564,true,true
4000003459,64893.74,0.02658831,1725.41487618,1704154019789,true,true
4000003460,64891.91,0.03075409,1995.69164041,1704154019977,true,true
4000003461,64891.99,0.15045425,9763.27568646,1704154020016,false,true
4000003462,64893.11,0.04147463,2691.41772680,1704154020609,true,true
4000003463,64894.93,0.06447985,4184.41535216,1704154020646,true,true
4000003464,64895.75,0.02527177,1640.03046798,1704154020676,true,true
4000003465,64897.29,0.04166848,2704.17143042,1704154020688,false,true
4000003466,64895.98,0.04306306,2794.61948050,1704154020755,true,true
4000003467,64895.69,0.06201638,4024.59577140,1704154020837,false,true
4000003468,64896.17,0.04539384,2945.88635759,1704154021112,false,true
4000003469,64893.75,0.07715765,5007.04924969,1704154021192,false,true
4000003470,64897.06,0.06549914,4250.70161853,1704154021225,false,true
4000003471,64898.27,0.03091501,2006.33066603,1704154021335,true,true
4000003472,64895.97,0.09619554,6242.70287797,1704154021452,false,true
4000003473,64896.40,0.06776391,4397.63380892,1704154021511,false,true
4000003474,64896.91,0.05657578,3671.59330284,1704154021512,true,true
4000003475,64895.30,0.04195599,2722.74655785,1704154021950,false,true
4000003476,64896.04,0.02224553,1443.64680470,1704154021950,true,true
4000003477,64896.38,0.06672083,4329.94033760,1704154022007,true,true
4000003478,64895.33,0.01779823,1155.02200927,1704154022113,false,true
4000003479,64898.26,0.06876731,4462.87876388,1704154022117,false,true
4000003480,64894.56,0.02054839,1333.47872776,1704154022332,true,true
4000003481,64894.87,0.07041278,4569.42820444,1704154022961,false,true
4000003482,64896.37,0.08271857,5368.13492459,1704154023054,true,true
4000003483,64896.95,0.03260777,2116.14481930,1704154023170,false,true
4000003484,64896.82,0.11816032,7668.22901818,1704154023182,true,true
4000003485,64895.11,0.02831007,1837.18510676,1704154023420,false,true
4000003486,64893.99,0.02256097,1464.07136157,1704154023475,true,true
4000003487,64892.80,0.04862491,3155.40655965,1704154023539,true,true
4000003488,64893.17,0.03313389,2150.16315653,1704154023585,true,true
4000003489,64892.68,0.07419314,4814.59169222,1704154023606,false,true
4000003490,64894.35,0.07328705,4755.91547317,1704154023620,false,true
4000003491,64893.58,0.05568278,3613.45493855,1704154023803,false,true
4000003492,64892.86,0.02409896,1563.85043743,1704154023874,true,true
4000003493,64894.34,0.09118157,5917.16780531,1704154023974,true,true
4000003494,64891.47,0.02387024,1548.97496285,1704154024054,false,true
4000003495,64892.29,0.05383337,3493.37065772,1704154024062,false,true
4000003496,64895.04,0.06294156,4084.59505386,1704154024087,false,true
4000003497,64892.94,0.05066265,3287.64830669,1704154024241,false,true
4000003498,64892.60,0.06660737,4322.32541846,1704154024666,false,true
4000003499,64891.50,0.06385310,4143.52343865,1704154024770,true,true
4000003500,64891.45,0.04663315,3026.09272157,1704154025155,true,true
4000003501,64890.02,0.07094113,4603.37134452,1704154025175,true,true
4000003502,64890.81,0.03720378,2414.18341926,1704154025568,true,true
4000003503,64892.72,0.02951389,1915.23659988,1704154025752,false,true
4000003504,64891.19,0.02493544,1618.09037477,1704154025810,true,true
4000003505,64892.83,0.05059600,3283.31762668,1704154025896,true,true
4000003506,64893.14,0.08439027,5476.34960575,1704154026062,true,true
4000003507,64891.38,0.04885823,3170.47796906,1704154026694,true,true
4000003508,64889.88,0.02924768,1897.87844548,1704154027068,false,true
4000003509,64890.37,0.02667454,1730.92077018,1704154027167,true,true
4000003510,64888.04,0.03920846,2544.16012082,1704154027217,false,true
4000003511,64886.36,0.07947197,5156.64685533,1704154027297,true,true
4000003512,64888.73,0.01922304,1247.35865234,1704154027414,true,true
4000003513,64888.88,0.08396399,5448.32927143,1704154027488,true,true
4000003514,64888.23,0.11451616,7430.75092880,1704154027520,false,true
4000003515,64889.13,0.03856255,2502.29032008,1704154027614,false,true
4000003516,64892.54,0.07257688,4709.69808848,1704154027677,false,true
4000003517,64889.27,0.09527236,6182.15389158,1704154027716,true,true
4000003518,64889.98,0.02498829,1621.48963833,1704154027803,false,true
4000003519,64892.41,0.03655202,2371.94866817,1704154027848,true,true
4000003520,64892.04,0.04458712,2893.34917452,1704154027878,true,true
4000003521,64891.42,0.03287536,2133.32879341,1704154027911,false,true
4000003522,64893.25,0.04747525,3080.82326706,1704154028009,false,true
4000003523,64893.92,0.11909653,7728.64069010,1704154028139,false,true
4000003524,64894.20,0.04801959,3116.19287738,1704154028311,false,true
4000003525,64894.09,0.12019806,7800.14372347,1704154028378,true,true
4000003526,64894.89,0.03989154,2588.75710023,1704154028390,false,true
4000003527,64896.01,0.04033782,2617.76357010,1704154028489,true,true
4000003528,64899.71,0.10216379,6630.40034350,1704154028728,true,true
4000003529,64900.77,0.05046641,3275.30886814,1704154028925,true,true
4000003530,64904.25,0.02935870,1905.50440448,1704154029000,false,true
4000003531,64906.01,0.10136889,6579.45018803,1704154029078,true,true
4000003532,64907.54,0.09280143,6023.51252978,1704154029088,false,true
4000003533,64907.86,0.02903819,1884.80677117,1704154029114,false,true
4000003534,64910.02,0.03605189,2340.12890094,1704154029235,true,true
4000003535,64912.41,0.04112507,2669.52740512,1704154029257,true,true
4000003536,64911.46,0.09205772,5975.60100947,1704154029283,true,true
4000003537,64913.86,0.04726050,3067.86148053,1704154029334,false,true
4000003538,64912.01,0.09545283,6196.03505549,1704154029423,false,true
4000003539,64912.38,0.03406665,2211.34733013,1704154029549,false,true
4000003540,64912.73,0.01867182,1212.03881027,1704154030169,false,true
4000003541,64913.03,0.11915675,7734.82568745,1704154030254,true,true
4000003542,64913.21,0.02774994,1801.33768271,1704154030281,true,true
4000003543,64914.73,0.05936901,3853.92325452,1704154030335,false,true
4000003544,64918.05,0.04486736,2912.70151985,1704154030402,true,true
4000003545,64920.03,0.01293576,839.78992727,1704154030413,true,true
4000003546,64921.09,0.02552216,1656.92644635,1704154030428,true,true
4000003547,64922.19,0.08476276,5502.98400964,1704154030589,true,true
4000003548,64921.11,0.10144434,6585.87915602,1704154030814,false,true
4000003549,64920.60,0.08028492,5212.14517735,1704154030857,true,true
4000003550,64920.90,0.04275844,2775.91640740,1704154031272,false,true
4000003551,64921.62,0.07106611,4613.72698830,1704154031292,false,true
4000003552,64920.83,0.08428883,5472.10080333,1704154031386,false,true
4000003553,64921.92,0.06319744,4102.89914388,1704154031388,false,true
4000003554,64923.19,0.04695480,3048.45540181,1704154031642,true,true
4000003555,64924.96,0.03556520,2309.06918739,1704154031698,true,true
4000003556,64925.89,0.06514284,4229.45686413,1704154031972,false,true
4000003557,64926.30,0.07296264,4737.19425343,1704154032004,true,true
4000003558,64925.84,0.15565463,10106.00760264,1704154032101,true,true
4000003559,64927.50,0.02141493,1390.41786757,1704154032208,true,true
4000003560,64927.06,0.03127839,2030.81390423,1704154032252,true,true
4000003561,64928.95,0.02709290,1759.11354946,1704154032565,false,true
4000003562,64927.11,0.07629167,4953.39765017,1704154032571,false,true
4000003563,64930.28,0.09227730,5991.59092664,1704154032585,true,true
4000003564,64928.69,0.05511228,3578.36814331,1704154032682,false,true
4000003565,64928.52,0.11115768,7217.30364903,1704154032879,true,true
4000003566,64929.28,0.05983360,3884.95256781,1704154032984,true,true
4000003567,64930.63,0.02664582,1730.12987947,1704154033014,false,true
4000003568,64930.40,0.03512990,2280.99845896,1704154033263,true,true
4000003569,64926.08,0.04477761,2907.23468907,1704154033355,false,true
4000003570,64925.71,0.14377006,9334.37322224,1704154033380,true,true
4000003571,64925.23,0.04700320,3051.69357074,1704154033517,false,true
4000003572,64925.85,0.09943741,6456.05836605,1704154033581,false,true
4000003573,64923.20,0.02452998,1592.56479754,1704154033616,false,true
4000003574,64923.66,0.03920305,2545.20548916,1704154033746,false,true
4000003575,64919.71,0.05122302,3325.38360372,1704154033772,false,true
4000003576,64919.70,0.06846013,4444.41110156,1704154033899,false,true
4000003577,64921.26,0.09223952,5988.30586020,1704154033904,false,true
4000003578,64923.62,0.04942539,3208.87523871,1704154034048,true,true
4000003579,64924.29,0.06831773,4435.48011466,1704154034154,true,true
4000003580,64922.97,0.02296620,1491.03391361,1704154034155,true,true
4000003581,64923.73,0.06445505,4184.66226334,1704154034316,false,true
4000003582,64924.37,0.01537693,998.33749278,1704154034382,false,true
4000003583,64923.21,0.02329889,1512.63872824,1704154034410,false,true
4000003584,64922.57,0.03680332,2389.36611893,1704154034664,false,true
4000003585,64923.89,0.02513292,1631.72693346,1704154035036,false,true
4000003586,64922.88,0.05957109,3867.52672754,1704154035057,false,true
4000003587,64923.41,0.01640474,1065.05166096,1704154035149,true,true
4000003588,64923.61,0.06603233,4287.05724031,1704154035190,false,true
4000003589,64924.69,0.12561918,8155.78631955,1704154035369,false,true
4000003590,64926.13,0.06507000,4224.74327910,1704154035400,false,true
4000003591,64927.00,0.15660127,10167.65065729,1704154035813,true,true
4000003592,64926.80,0.09882243,6416.22414812,1704154035830,false,true
4000003593,64927.20,0.02142568,1391.10941050,1704154036368,false,true
4000003594,64925.26,0.03799105,2466.57879892,1704154036406,false,true
4000003595,64924.50,0.06981323,4532.58905113,1704154036653,false,true
4000003596,64923.27,0.04739766,3077.21107755,1704154036661,false,true
4000003597,64923.93,0.04634242,3008.73203211,1704154036697,true,true
4000003598,64924.06,0.22588356,14665.27780245,1704154036939,true,true
4000003599,64921.16,0.02704273,1755.64540117,1704154037062,true,true
4000003600,64921.28,0.04965310,3223.54280797,1704154037111,true,true
4000003601,64920.61,0.02462756,1598.83621801,1704154037111,true,true
4000003602,64920.85,0.06546785,4250.22846967,1704154037291,false,true
4000003603,64920.83,0.14785166,9598.65248408,1704154037414,true,true
4000003604,64919.07,0.01313540,852.73795208,1704154037469,true,true
4000003605,64917.61,0.08888025,5769.89340620,1704154037518,true,true
4000003606,64918.45,0.03222377,2091.91720156,1704154037613,true,true
4000003607,64916.93,0.05138923,3336.03104666,1704154037759,true,true
4000003608,64919.36,0.10807346,7016.05985619,1704154038010,false,true
4000003609,64919.77,0.09056846,5879.68359245,1704154038019,true,true
4000003610,64918.13,0.01131001,734.22469948,1704154038037,false,true
4000003611,64918.05,0.03284926,2132.50990314,1704154038074,false,true
4000003612,64919.33,0.03694508,2398.44984040,1704154038202,true,true
4000003613,64921.66,0.02224339,1444.07780283,1704154038523,false,true
4000003614,64921.18,0.04210973,2733.81336108,1704154038637,false,true
4000003615,64921.10,0.01213784,788.00192442,1704154038717,false,true
4000003616,64920.95,0.07148878,4641.11951194,1704154038880,true,true
4000003617,64922.43,0.03663188,2378.23066507,1704154039078,true,true
4000003618,64922.93,0.04180509,2714.10893171,1704154039110,true,true
4000003619,64922.91,0.04981314,3234.01400504,1704154039451,true,true
4000003620,64922.95,0.02327317,1510.96285225,1704154039618,false,true
4000003621,64924.80,0.04549159,2953.53238243,1704154039644,true,true
4000003622,64925.26,0.03372231,2189.42974455,1704154039668,false,true
4000003623,64925.70,0.03515848,2282.68892494,1704154039675,false,true
4000003624,64923.81,0.06485314,4210.51293926,1704154039836,false,true
4000003625,64923.59,0.02839398,1843.43911599,1704154040014,true,true
4000003626,64924.36,0.02885725,1873.53848761,1704154040238,true,true
4000003627,64925.11,0.08177133,5309.01259510,1704154040242,false,true
4000003628,64926.36,0.13989966,9083.17568904,1704154040253,false,true
4000003629,64926.67,0.06080098,3947.60516414,1704154040324,false,true
4000003630,64926.40,0.03545285,2301.82592024,1704154040480,true,true
4000003631,64927.71,0.03056264,1984.36222675,1704154040591,true,true
4000003632,64929.55,0.04139412,2687.70158425,1704154040666,false,true
4000003633,64930.46,0.02460216,1597.42956579,1704154040696,true,true
4000003634,64929.63,0.05615190,3645.92209080,1704154040769,true,true
4000003635,64928.85,0.10588648,6875.08737695,1704154040969,true,true
4000003636,64929.33,0.03556715,2309.35121951,1704154041154,false,true
4000003637,64928.72,0.05295368,3438.21466169,1704154041353,true,true
4000003638,64929.05,0.05766659,3744.23690544,1704154041448,true,true
4000003639,64930.19,0.02741169,1779.84623992,1704154041579,false,true
4000003640,64929.57,0.01707111,1108.41983172,1704154041603,false,true
4000003641,64931.39,0.02347448,1524.23061593,1704154041609,false,true
4000003642,64932.52,0.02787828,1810.20697367,1704154041705,false,true
4000003643,64934.03,0.07217224,4686.43439733,1704154041742,false,true
4000003644,64931.47,0.03556753,2309.45200717,1704154041826,false,true
4000003645,64931.88,0.03778059,2453.16473621,1704154041975,true,true
4000003646,64932.56,0.05990464,3889.76163108,1704154042043,false,true
4000003647,64932.17,0.04164641,2704.19177401,1704154042120,true,true
4000003648,64930.29,0.00903517,586.65620830,1704154042124,false,true
4000003649,64930.63,0.05051372,3279.88766324,1704154042127,true,true
4000003650,64930.76,0.04352724,2826.25677390,1704154042304,false,true
4000003651,64931.44,0.02375093,1542.18208624,1704154042330,false,true
4000003652,64932.06,0.04618926,2999.16380168,1704154042426,true,true
4000003653,64930.32,0.10720568,6960.89910822,1704154042542,true,true
4000003654,64929.50,0.00861951,559.66047455,1704154042681,false,true
4000003655,64929.97,0.02526204,1640.26349934,1704154042724,false,true
4000003656,64930.94,0.09431309,6123.83758800,1704154042861,false,true
4000003657,64929.80,0.04422118,2871.27237316,1704154043043,true,true
4000003658,64931.36,0.12393312,8047.14603064,1704154043164,false,true
4000003659,64932.71,0.05835487,3789.13985080,1704154043235,false,true
4000003660,64934.62,0.05712519,3709.40250508,1704154043272,false,true
4000003661,64934.66,0.08684385,5639.17587284,1704154043328,false,true
4000003662,64932.91,0.04645695,3016.58495322,1704154043431,false,true
4000003663,64932.98,0.07023439,4560.52824118,1704154043463,false,true
4000003664,64932.06,0.11071928,7189.23093212,1704154043678,false,true
4000003665,64932.36,0.02833524,1839.87400437,1704154043834,false,true
4000003666,64932.03,0.04346444,2822.23432201,1704154043899,false,true
4000003667,64933.16,0.02735849,1776.47320853,1704154044092,true,true
4000003668,64935.15,0.05468073,3550.70140466,1704154044440,true,true
4000003669,64935.96,0.04197795,2725.87848208,1704154044478,false,true
4000003670,64936.66,0.05466564,3549.80407836,1704154044703,false,true
4000003671,64937.95,0.08562760,5560.48080742,1704154044703,true,true
4000003672,64937.17,0.03596634,2335.55233486,1704154044727,true,true
4000003673,64938.76,0.03995164,2594.40996157,1704154044817,true,true
4000003674,64937.01,0.10136495,6582.33677180,1704154044825,true,true
4000003675,64936.92,0.07066176,4588.55705618,1704154044974,false,true
4000003676,64936.04,0.03553890,2307.75543196,1704154045079,false,true
4000003677,64934.92,0.02137044,1387.68781176,1704154045100,false,true
4000003678,64934.99,0.09345038,6068.19949080,1704154045157,true,true
4000003679,64934.72,0.02417585,1569.85205051,1704154045203,false,true
4000003680,64934.82,0.03915298,2542.39170876,1704154045418,true,true
4000003681,64933.77,0.25912361,16825.87289331,1704154045472,false,true
4000003682,64933.77,0.01820709,1182.25499443,1704154045477,true,true
4000003683,64932.92,0.06401726,4156.82762220,1704154045528,true,true
4000003684,64932.43,0.03165811,2055.63801151,1704154045830,true,true
4000003685,64933.03,0.05187150,3368.17366564,1704154045896,false,true
4000003686,64932.81,0.08149444,5291.66298858,1704154046106,true,true
4000003687,64929.61,0.04784869,3106.79678071,1704154046270,true,true
4000003688,64928.38,0.08777504,5699.09115164,1704154046294,true,true
4000003689,64929.66,0.04709916,3058.13244509,1704154046372,true,true
4000003690,64929.91,0.04150395,2694.84773814,1704154046376,true,true
4000003691,64929.72,0.04132829,2683.43429778,1704154046410,true,true
4000003692,64930.57,0.04069975,2642.65796636,1704154046464,true,true
4000003693,64931.09,0.03324969,2158.93861386,1704154046618,false,true
4000003694,64930.29,0.06491648,4215.04587218,1704154046631,false,true
4000003695,64931.89,0.07878182,5115.45247024,1704154046790,true,true
4000003696,64932.31,0.02405516,1561.95710622,1704154046817,true,true
4000003697,64930.63,0.03129064,2031.72096830,1704154046847,false,true
4000003698,64929.58,0.06735201,4373.13772146,1704154047114,false,true
4000003699,64930.98,0.02336623,1517.19221281,1704154047426,true,true
4000003700,64929.69,0.03156698,2049.63422564,1704154047475,true,true
4000003701,64928.47,0.07669339,4979.58447181,1704154047540,true,true
4000003702,64925.77,0.03390058,2201.02125995,1704154047541,true,true
4000003703,64926.83,0.13864094,9001.51674242,1704154047544,true,true
4000003704,64928.78,0.09554997,6203.94298114,1704154047561,false,true
4000003705,64926.12,0.02287975,1485.49339407,1704154047620,false,true
4000003706,64923.92,0.05879413,3817.14539259,1704154047661,false,true
4000003707,64924.64,0.04804631,3119.38938008,1704154047728,true,true
4000003708,64926.63,0.05081374,3299.16489590,1704154047785,false,true
4000003709,64926.83,0.03665140,2379.65921706,1704154047831,false,true
4000003710,64927.49,0.05708853,3706.61496069,1704154048015,true,true
4000003711,64927.08,0.10344400,6716.31686352,1704154048078,false,true
4000003712,64924.38,0.05881705,3818.66050468,1704154048254,true,true
4000003713,64923.65,0.06118685,3972.47363400,1704154048609,true,true
4000003714,64922.32,0.03213190,2086.07749401,1704154048684,false,true
4000003715,64921.56,0.08555964,5554.66530184,1704154049023,false,true
4000003716,64920.61,0.01639574,1064.42144220,1704154049114,false,true
4000003717,64918.63,0.08645278,5612.39603729,1704154049238,true,true
4000003718,64918.86,0.02925279,1899.05777862,1704154049300,false,true
4000003719,64916.54,0.07603622,4936.00831708,1704154049447,false,true
4000003720,64917.10,0.06172043,4006.71132635,1704154049449,true,true
4000003721,64918.00,0.05541631,3597.51601258,1704154049540,true,true
4000003722,64918.41,0.08854612,5748.27332207,1704154049551,true,true
4000003723,64918.64,0.04514704,2930.88443683,1704154049627,false,true
4000003724,64917.63,0.12257538,7957.30316595,1704154049651,false,true
4000003725,64918.23,0.17553279,11395.27803376,1704154049863,false,true
4000003726,64917.32,0.04892334,3175.97211825,1704154049946,true,true
4000003727,64918.18,0.02984040,1937.18445847,1704154050236,true,true
4000003728,64915.20,0.01521497,987.68282054,1704154050278,true,true
4000003729,64915.89,0.04669641,3031.33901495,1704154050379,false,true
4000003730,64917.02,0.00936171,607.73431530,1704154050431,true,true
4000003731,64917.25,0.16472112,10693.24212732,1704154050597,true,true
4000003732,64915.81,0.04480318,2908.43472028,1704154050726,false,true
4000003733,64915.26,0.04079035,2647.91617574,1704154050783,false,true
4000003734,64915.16,0.04493613,2917.03606873,1704154050871,true,true
4000003735,64917.04,0.04833617,3137.84108134,1704154050913,false,true
4000003736,64914.05,0.02663914,1729.25446592,1704154050988,true,true
4000003737,64913.96,0.14845948,9637.09274634,1704154051101,false,true
4000003738,64910.89,0.02654017,1722.74605545,1704154051223,false,true
4000003739,64911.92,0.01613025,1047.04549758,1704154051444,true,true
4000003740,64910.40,0.02274862,1476.62202365,1704154051584,true,true
4000003741,64910.60,0.01544722,1002.68831853,1704154051676,false,true
4000003742,64912.13,0.11468182,7444.24120848,1704154051802,true,true
4000003743,64911.40,0.04339680,2816.94704352,1704154051845,true,true
4000003744,64911.82,0.01444728,937.79923885,1704154052041,true,true
4000003745,64914.02,0.01562749,1014.44319841,1704154052055,true,true
4000003746,64915.40,0.01988648,1290.93880379,1704154052244,false,true
4000003747,64915.65,0.02669860,1733.15697309,1704154052648,true,true
4000003748,64917.53,0.06631940,4305.29163908,1704154052750,false,true
4000003749,64918.68,0.10165801,6599.50382063,1704154052817,false,true
4000003750,64920.27,0.02909616,1888.93056316,1704154052847,false,true
4000003751,64915.98,0.02400590,1558.36652428,1704154052963,false,true
4000003752,64915.01,0.10973295,7123.31554658,1704154053094,true,true
4000003753,64916.40,0.03243248,2105.39984467,1704154053196,true,true
4000003754,64919.03,0.05646989,3665.97048301,1704154053196,false,true
4000003755,64918.21,0.08313091,5396.70987287,1704154053695,true,true
4000003756,64919.72,0.03197937,2076.09174618,1704154053698,false,true
4000003757,64920.56,0.01859077,1206.92319923,1704154053878,false,true
4000003758,64919.79,0.04554869,2957.01138958,1704154053890,true,true
4000003759,64918.02,0.03914603,2541.28275846,1704154054014,false,true
4000003760,64918.91,0.04118501,2673.68595754,1704154054220,true,true
4000003761,64921.11,0.09620991,6246.05415020,1704154054401,true,true
4000003762,64921.55,0.03071391,1993.99464376,1704154054722,false,true
4000003763,64923.56,0.11036565,7165.33089971,1704154054785,true,true
4000003764,64924.69,0.09510696,6174.78989484,1704154055021,true,true
4000003765,64924.27,0.17851186,11589.75219684,1704154055244,true,true
4000003766,64925.50,0.11820669,7674.62845160,1704154055381,false,true
4000003767,64923.57,0.04657875,3024.05873614,1704154055442,true,true
4000003768,64924.28,0.04985400,3236.73505512,1704154055503,true,true
4000003769,64924.45,0.06329816,4109.59822401,1704154055621,false,true
4000003770,64925.64,0.01839478,1194.29286416,1704154055984,false,true
4000003771,64925.30,0.05773525,3748.47842683,1704154055994,true,true
4000003772,64924.92,0.04216813,2737.76246680,1704154056000,true,true
4000003773,64924.17,0.06138614,3985.44418900,1704154056027,true,true
4000003774,64922.82,0.03624846,2353.35224386,1704154056046,false,true
4000003775,64922.69,0.03284688,2132.50780771,1704154056048,false,true
4000003776,64921.14,0.05097356,3309.26162506,1704154056070,false,true
4000003777,64920.79,0.02639863,1713.81991452,1704154056134,false,true
4000003778,64922.18,0.02536168,1646.53555406,1704154056186,true,true
4000003779,64921.59,0.04569417,2966.53817013,1704154056347,true,true
4000003780,64923.08,0.01496726,971.72061836,1704154056849,true,true
4000003781,64920.04,0.02865644,1860.37723106,1704154057036,false,true
4000003782,64923.37,0.06110741,3967.29898917,1704154057074,true,true
4000003783,64924.31,0.04643138,3014.52530885,1704154057085,false,true
4000003784,64926.54,0.13980897,9077.31268306,1704154057418,false,true
4000003785,64927.47,0.17913939,11631.06737004,1704154057496,false,true
4000003786,64928.90,0.03718318,2414.26297590,1704154058189,false,true
4000003787,64930.70,0.03046981,1978.42609217,1704154058211,false,true
4000003788,64929.97,0.06675584,4334.45468852,1704154058428,false,true
4000003789,64931.21,0.04674797,3035.40225714,1704154058526,false,true
4000003790,64932.58,0.04588119,2979.18404017,1704154058600,false,true
4000003791,64933.97,0.03109535,2019.14452404,1704154058712,false,true
4000003792,64933.84,0.03486351,2263.82158018,1704154058718,true,true
4000003793,64934.62,0.03428268,2226.13279838,1704154058930,false,true
4000003794,64933.56,0.06143201,3988.99910726,1704154059005,false,true
4000003795,64932.44,0.01782267,1157.26945041,1704154059100,false,true
4000003796,64935.23,0.02823574,1833.49427112,1704154059186,true,true
4000003797,64932.06,0.04470203,2902.59489408,1704154059410,false,true
4000003798,64930.18,0.01945366,1263.12964546,1704154059521,true,true
4000003799,64930.49,0.03907486,2537.14980648,1704154059612,false,true
4000003800,64931.36,0.04705926,3055.62175239,1704154059777,true,true
4000003801,64929.04,0.05272703,3423.51543995,1704154059810,true,true
4000003802,64926.65,0.08270597,5369.82156710,1704154059906,true,true
4000003803,64928.63,0.02213000,1436.87058190,1704154060049,false,true
4000003804,64928.48,0.05709384,3707.01624856,1704154060222,false,true
4000003805,64928.78,0.04841011,3143.20938197,1704154060333,true,true
4000003806,64928.49,0.02681625,1741.13861996,1704154060982,true,true
4000003807,64926.36,0.06535421,4243.21096598,1704154061329,false,true
4000003808,64926.49,0.09193975,5969.32525898,1704154061348,true,true
4000003809,64926.85,0.02879783,1869.75238874,1704154061445,false,true
4000003810,64929.22,0.08942452,5806.26433247,1704154061569,false,true
4000003811,64928.82,0.06829962,4434.61373305,1704154061710,true,true
4000003812,64928.69,0.04581446,2974.67287086,1704154062272,false,true
4000003813,64930.70,0.03515753,2282.80303317,1704154062292,false,true
4000003814,64932.56,0.07347661,4771.02438742,1704154062301,true,true
4000003815,64931.41,0.03975058,2581.06120772,1704154062377,false,true
4000003816,64931.07,0.04547173,2952.52808365,1704154062562,true,true
4000003817,64930.89,0.09405352,6106.97876123,1704154062604,true,true
4000003818,64930.64,0.04845687,3146.33558150,1704154062882,false,true
4000003819,64931.89,0.05674288,3684.42244244,1704154062998,false,true
4000003820,64931.62,0.02080378,1350.82313752,1704154063459,true,true
4000003821,64929.83,0.02935801,1906.21059844,1704154063502,true,true
4000003822,64931.86,0.12360408,8025.84281799,1704154063668,false,true
4000003823,64929.85,0.04686367,3042.85106355,1704154063709,true,true
4000003824,64928.13,0.06258466,4063.50494049,1704154063916,false,true
4000003825,64930.01,0.03090103,2006.40418691,1704154063971,false,true
4000003826,64931.32,0.15788114,10251.43082330,1704154064032,false,true
4000003827,64932.14,0.13172914,8553.45496056,1704154064035,true,true
4000003828,64931.28,0.03632687,2358.75016749,1704154064448,true,true
4000003829,64933.13,0.06938328,4505.27354007,1704154064533,true,true
4000003830,64931.75,0.04440074,2883.01774949,1704154064655,false,true
4000003831,64933.21,0.03483500,2261.94837035,1704154064675,true,true
4000003832,64933.84,0.03171609,2059.44751349,1704154064760,true,true
4000003833,64933.84,0.01730747,1123.84048778,1704154064903,true,true
4000003834,64935.90,0.05017755,3258.32436905,1704154065099,true,true
4000003835,64934.40,0.09866695,6406.87919808,1704154065235,true,true
4000003836,64936.02,0.02376778,1543.38503744,1704154065397,false,true
4000003837,64935.24,0.08902819,5781.06688442,1704154065536,false,true
4000003838,64936.75,0.15317280,9946.54382040,1704154065707,false,true
4000003839,64937.43,0.03421683,2221.95300295,1704154065799,false,true
4000003840,64936.04,0.05790918,3760.39282885,1704154066017,false,true
4000003841,64935.34,0.03902929,2534.38021611,1704154066395,false,true
4000003842,64934.39,0.02034169,1320.87523172,1704154066589,true,true
4000003843,64934.88,0.03445600,2237.39622528,1704154066687,true,true
4000003844,64936.40,0.03176125,2062.46123450,1704154066751,false,true
4000003845,64936.25,0.12412407,8060.15164054,1704154066776,true,true
4000003846,64936.42,0.01918082,1245.53378346,1704154066800,true,true
4000003847,64937.76,0.04086762,2653.85169933,1704154066823,true,true
4000003848,64938.72,0.04341558,2819.35219326,1704154066875,true,true
4000003849,64937.02,0.02818302,1830.12133340,1704154067121,false,true
4000003850,64937.65,0.04499965,2922.17152182,1704154067178,true,true
4000003851,64939.68,0.05744300,3730.33003824,1704154067569,true,true
4000003852,64941.42,0.03936723,2556.56381767,1704154067617,false,true
4000003853,64939.27,0.05360138,3480.83448819,1704154067648,true,true
4000003854,64939.96,0.11044804,7172.49129968,1704154067788,false,true
4000003855,64938.09,0.04704992,3055.33193945,1704154067803,true,true
4000003856,64936.45,0.05423457,3521.80044308,1704154067895,false,true
4000003857,64935.92,0.02337024,1517.56803502,1704154067899,false,true
4000003858,64936.44,0.03523468,2288.01468374,1704154067948,false,true
4000003859,64935.22,0.05827587,3784.15643914,1704154067962,false,true
4000003860,64935.04,0.02833558,1839.97202072,1704154068174,true,true
4000003861,64932.30,0.05958338,3868.88590517,1704154068208,true,true
4000003862,64929.80,0.08442436,5481.65680993,1704154068609,false,true
4000003863,64929.53,0.15888010,10316.01021935,1704154068737,true,true
4000003864,64932.24,0.12684912,8236.59750363,1704154068741,true,true
4000003865,64931.28,0.08465297,5496.62569790,1704154069110,true,true
4000003866,64932.66,0.08728341,5667.54398517,1704154069117,false,true
4000003867,64932.58,0.03642170,2364.95494899,1704154069156,false,true
4000003868,64934.47,0.11616861,7543.34712099,1704154069398,true,true
4000003869,64933.98,0.06692642,4345.79881775,1704154069448,false,true
4000003870,64934.93,0.01806606,1173.11834148,1704154069455,false,true
4000003871,64933.82,0.12573293,8164.31944469,1704154069651,true,true
4000003872,64932.35,0.06114298,3970.15737740,1704154069673,false,true
4000003873,64931.05,0.05126278,3328.54613132,1704154069841,false,true
4000003874,64930.18,0.02597419,1686.50883205,1704154069951,false,true
4000003875,64932.67,0.03946365,2562.48016245,1704154070106,false,true
4000003876,64931.99,0.03910148,2538.93690835,1704154070502,false,true
4000003877,64935.16,0.02162726,1404.36958846,1704154070571,true,true
4000003878,64934.78,0.06629904,4305.11357661,1704154070838,true,true
4000003879,64937.26,0.06663595,4327.15601050,1704154070870,false,true
4000003880,64936.63,0.03528946,2291.57860692,1704154070887,true,true
4000003881,64938.76,0.02103534,1366.00889578,1704154071087,true,true
4000003882,64939.13,0.04230291,2747.11417187,1704154071138,false,true
4000003883,64940.08,0.05445897,3536.56986852,1704154071239,true,true
4000003884,64940.35,0.06428233,4174.51700902,1704154071477,false,true
4000003885,64938.96,0.04562856,2963.07123270,1704154072141,true,true
4000003886,64937.28,0.05212098,3384.59467213,1704154072722,true,true
4000003887,64937.55,0.09530296,6188.74073015,1704154072794,true,true
4000003888,64939.50,0.03820871,2481.25452305,1704154072794,false,true
4000003889,64938.35,0.08560941,5559.33382987,1704154072816,true,true
4000003890,64937.68,0.06760652,4390.21056167,1704154072909,true,true
4000003891,64937.98,0.03532225,2293.75556405,1704154073120,true,true
4000003892,64937.90,0.03389676,2201.18441120,1704154073147,false,true
4000003893,64939.61,0.12316037,7997.98639526,1704154073192,false,true
4000003894,64940.77,0.06891638,4475.48278281,1704154073203,false,true
4000003895,64940.81,0.07982816,5184.10537121,1704154073361,false,true
4000003896,64940.50,0.05154658,3347.46067849,1704154073440,false,true
4000003897,64939.89,0.04852247,3151.04386433,1704154073633,false,true
4000003898,64941.21,0.03338607,2168.13178294,1704154073804,false,true
4000003899,64939.90,0.09473106,6151.82556329,1704154073863,false,true
4000003900,64942.12,0.01684757,1094.11691265,1704154073983,false,true
4000003901,64939.65,0.04656575,3023.96350699,1704154074058,true,true
4000003902,64941.12,0.03190083,2071.67562913,1704154074120,true,true
4000003903,64940.26,0.04452470,2891.44559442,1704154074136,false,true
4000003904,64939.75,0.05216085,3387.31255879,1704154074163,true,true
4000003905,64940.29,0.01948735,1265.51416033,1704154074296,true,true
4000003906,64943.80,0.03656198,2374.47391672,1704154074345,true,true
4000003907,64944.68,0.10022039,6508.78115803,1704154074464,true,true
4000003908,64944.51,0.01450728,942.16819103,1704154074628,true,true
4000003909,64945.15,0.02167056,1407.39776978,1704154074755,true,true
4000003910,64945.31,0.10649898,6916.60927078,1704154074777,false,true
4000003911,64944.04,0.02321769,1507.85058807,1704154074884,false,true
4000003912,64944.80,0.03898613,2531.94641562,1704154074930,true,true
4000003913,64943.36,0.07046568,4576.27802388,1704154075097,true,true
4000003914,64944.10,0.03764552,2444.85441543,1704154075139,true,true
4000003915,64945.84,0.03783845,2457.44991955,1704154075175,false,true
4000003916,64946.76,0.01911365,1241.36963927,1704154075336,true,true
4000003917,64947.42,0.09034193,5867.47527132,1704154075582,true,true
4000003918,64946.57,0.05778744,3753.09601708,1704154075591,false,true
4000003919,64947.58,0.05832897,3788.32544539,1704154075670,true,true
4000003920,64945.92,0.04439587,2883.33062135,1704154075754,false,true
4000003921,64946.93,0.03608359,2343.51839388,1704154075856,true,true
4000003922,64947.85,0.03980768,2585.42322949,1704154076065,false,true
4000003923,64947.86,0.03804389,2470.86924158,1704154076128,true,true
4000003924,64948.58,0.01571209,1020.47793433,1704154076151,true,true
4000003925,64949.42,0.03648299,2369.54904037,1704154076267,true,true
4000003926,64952.18,0.03152608,2047.68762285,1704154076355,true,true
4000003927,64950.98,0.03959109,2571.48009477,1704154076523,false,true
4000003928,64950.59,0.02867755,1862.62379225,1704154076548,true,true
4000003929,64949.66,0.03166775,2056.80959547,1704154076775,false,true
4000003930,64949.68,0.00624551,405.64387594,1704154076803,true,true
4000003931,64949.47,0.08251570,5359.35098168,1704154076932,true,true
4000003932,64950.58,0.01692101,1099.02941369,1704154076946,true,true
4000003933,64953.06,0.07934036,5153.39916350,1704154076975,false,true
4000003934,64952.64,0.01402432,910.91660820,1704154076977,true,true
4000003935,64953.75,0.09431593,6126.17333824,1704154077140,true,true
4000003936,64952.62,0.03747934,2434.38132887,1704154077185,false,true
4000003937,64950.56,0.05640755,3663.70196073,1704154077211,true,true
4000003938,64949.84,0.03867464,2511.91168006,1704154077278,false,true
4000003939,64948.87,0.05400406,3507.50267241,1704154077290,true,true
4000003940,64949.65,0.04669770,3032.99927081,1704154077310,false,true
4000003941,64950.21,0.06979227,4533.02259288,1704154077455,false,true
4000003942,64949.72,0.02651480,1722.12883586,1704154077589,false,true
4000003943,64951.56,0.06550335,4254.54476773,1704154077600,true,true
4000003944,64952.66,0.07430883,4826.55616999,1704154077624,false,true
4000003945,64954.32,0.09684504,6290.50371857,1704154077784,false,true
4000003946,64952.60,0.01563558,1015.57157351,1704154078120,true,true
4000003947,64953.24,0.11057021,7181.89338698,1704154078124,true,true
4000003948,64951.87,0.03785369,2458.66795190,1704154078220,false,true
4000003949,64951.03,0.02858325,1856.51152825,1704154078428,true,true
4000003950,64951.14,0.03791284,2462.48217864,1704154078469,true,true
4000003951,64952.09,0.06680065,4338.84183086,1704154078612,true,true
4000003952,64951.53,0.03956513,2569.81572815,1704154078613,false,true
4000003953,64949.46,0.01157334,751.68218340,1704154078655,false,true
4000003954,64951.35,0.11482907,7458.30311574,1704154078805,true,true
4000003955,64948.84,0.16074271,10440.05255296,1704154079033,true,true
4000003956,64951.00,0.07444922,4835.55128822,1704154079237,true,true
4000003957,64951.47,0.11908702,7734.87700692,1704154079254,true,true
4000003958,64950.90,0.02582386,1677.28294847,1704154079266,false,true
4000003959,64951.61,0.04715519,3062.80551036,1704154079334,false,true
4000003960,64950.80,0.07558611,4909.37831339,1704154079379,false,true
4000003961,64951.68,0.04133519,2684.79003362,1704154079733,false,true
4000003962,64953.58,0.02549368,1655.90578337,1704154080309,false,true
4000003963,64954.94,0.03828269,2486.64983199,1704154080331,false,true
4000003964,64955.14,0.10029764,6514.84724787,1704154080445,false,true
4000003965,64957.25,0.07168927,4656.73783371,1704154080515,true,true
4000003966,64957.45,0.04536185,2946.59010328,1704154080531,false,true
4000003967,64957.04,0.11729322,7619.02038327,1704154080583,true,true
4000003968,64956.84,0.16530298,10737.55922338,1704154080727,true,true
4000003969,64956.20,0.03591446,2332.86684665,1704154080769,true,true
4000003970,64956.20,0.06814827,4426.65265577,1704154081067,true,true
4000003971,64954.81,0.07407384,4811.45220317,1704154081194,true,true
4000003972,64952.76,0.12705299,8252.44236675,1704154081202,false,true
4000003973,64950.75,0.06866534,4459.86533201,1704154081260,true,true
4000003974,64949.96,0.05910337,3838.76151737,1704154081341,false,true
4000003975,64952.10,0.10152041,6593.96382236,1704154081412,false,true
4000003976,64953.50,0.08151118,5294.43643013,1704154081611,true,true
4000003977,64953.10,0.04925517,3199.27598253,1704154081914,false,true
4000003978,64953.58,0.02396942,1556.89963952,1704154081977,false,true
4000003979,64953.63,0.03856704,2505.06924636,1704154082067,false,true
4000003980,64951.97,0.04097067,2661.12572872,1704154082205,true,true
4000003981,64951.20,0.05578738,3623.45727586,1704154082364,false,true
4000003982,64953.40,0.04298544,2792.05047850,1704154082391,false,true
4000003983,64954.92,0.05948525,3863.85965493,1704154082468,false,true
4000003984,64955.00,0.06371932,4138.88843060,1704154082723,false,true
4000003985,64953.87,0.08800141,5716.03214496,1704154082767,false,true
4000003986,64954.15,0.03512252,2281.35343246,1704154082770,true,true
4000003987,64953.32,0.04298359,2791.92687602,1704154082863,true,true
4000003988,64952.39,0.08232566,5347.24837533,1704154082899,false,true
4000003989,64953.10,0.05289999,3436.01834047,1704154082926,false,true
4000003990,64951.72,0.01714519,1113.60958023,1704154082990,false,true
4000003991,64953.13,0.01492372,969.34232524,1704154083026,false,true
4000003992,64951.81,0.06291466,4086.42104253,1704154083036,true,true
4000003993,64950.31,0.03443125,2236.32036119,1704154083186,true,true
4000003994,64949.95,0.05121284,3326.27139736,1704154083250,true,true
4000003995,64948.85,0.06313804,4100.74308925,1704154083361,false,true
4000003996,64948.93,0.01718809,1116.34805424,1704154083471,false,true
4000003997,64948.56,0.03825983,2484.92086434,1704154083473,false,true
4000003998,64947.49,0.02586968,1680.17078310,1704154083827,true,true
4000003999,64949.55,0.07411421,4813.68458811,1704154084070,true,true
4000004000,64948.78,0.03527474,2291.05132782,1704154084105,false,true
4000004001,64949.31,0.04982543,3236.12729895,1704154084110,true,true
4000004002,64948.01,0.03177284,2063.58273005,1704154084154,true,true
4000004003,64949.29,0.01884123,1223.72451123,1704154084216,true,true
4000004004,64945.89,0.01627480,1056.98137057,1704154084346,true,true
4000004005,64946.50,0.10693819,6945.26115684,1704154084556,true,true
4000004006,64945.15,0.08376168,5439.91487185,1704154084622,false,true
4000004007,64944.67,0.06019605,3909.41260255,1704154084664,false,true
4000004008,64946.23,0.06158086,3999.44469716,1704154084697,false,true
4000004009,64946.81,0.08002940,5197.65423621,1704154084863,false,true
4000004010,64948.89,0.04161201,2702.65386017,1704154084972,true,true
4000004011,64952.91,0.01767430,1147.99721721,1704154084973,false,true
4000004012,64952.16,0.01388077,901.58599396,1704154085043,false,true
4000004013,64954.26,0.04679870,3039.77492746,1704154085121,false,true
4000004014,64951.62,0.04485870,2913.64523609,1704154085144,true,true
4000004015,64952.03,0.05564748,3614.41679038,1704154085280,false,true
4000004016,64954.57,0.06019365,3909.85265248,1704154085292,true,true
4000004017,64957.62,0.02764028,1795.44680493,1704154085492,true,true
4000004018,64957.82,0.12387416,8046.59538793,1704154085597,true,true
4000004019,64955.36,0.02471976,1605.68090991,1704154085671,true,true
4000004020,64955.78,0.06310809,4099.23521026,1704154086081,true,true
4000004021,64955.57,0.02386069,1549.88471954,1704154086498,true,true
4000004022,64957.10,0.03655291,2374.37103016,1704154086736,true,true
4000004023,64960.33,0.03879865,2520.37310755,1704154086781,true,true
4000004024,64961.89,0.10814106,7025.04764420,1704154087046,false,true
4000004025,64960.83,0.08805185,5719.92125904,1704154087151,true,true
4000004026,64959.25,0.06492177,4217.26948787,1704154087152,false,true
4000004027,64960.47,0.13183223,8563.88362195,1704154087157,false,true
4000004028,64958.87,0.05576920,3622.70421280,1704154087388,false,true
4000004029,64959.64,0.03059082,1987.16865450,1704154087501,false,true
4000004030,64961.38,0.08011593,5204.44137278,1704154087522,false,true
4000004031,64963.04,0.02831665,1839.53566662,1704154087717,true,true
4000004032,64961.82,0.03454303,2243.97809711,1704154087737,true,true
4000004033,64961.61,0.02766177,1796.95311465,1704154087875,true,true
4000004034,64962.83,0.02423576,1574.42355680,1704154087880,false,true
4000004035,64961.45,0.10593439,6881.65157927,1704154088075,false,true
4000004036,64961.82,0.02717151,1765.11074175,1704154088080,false,true
4000004037,64963.48,0.03009919,1955.34812758,1704154088121,false,true
4000004038,64965.20,0.02829955,1838.48592566,1704154088171,true,true
4000004039,64964.71,0.06099705,3962.65566411,1704154088279,true,true
4000004040,64966.04,0.02529683,1643.43486965,1704154088304,true,true
4000004041,64964.14,0.01912435,1242.39695081,1704154088455,true,true
4000004042,64963.74,0.11189202,7268.92409535,1704154088490,false,true
4000004043,64963.56,0.11373240,7388.46159134,1704154088565,false,true
4000004044,64963.36,0.06124754,3978.84599013,1704154088667,false,true
4000004045,64964.00,0.06101839,3963.99868796,1704154088721,true,true
4000004046,64964.17,0.01633094,1060.92596242,1704154088818,false,true
4000004047,64965.37,0.08256321,5363.74948604,1704154089012,true,true
4000004048,64965.68,0.10382256,6744.90320974,1704154089099,true,true
4000004049,64963.46,0.02219292,1441.72887070,1704154089136,false,true
4000004050,64959.12,0.06325675,4109.10281406,1704154089209,true,true
4000004051,64957.78,0.03744400,2432.27911432,1704154089217,true,true
4000004052,64957.47,0.07433490,4828.60703670,1704154089327,true,true
4000004053,64957.57,0.01908828,1239.92828428,1704154089503,false,true
4000004054,64955.44,0.02620691,1702.28137009,1704154089761,true,true
4000004055,64955.29,0.03779706,2455.11899345,1704154089919,false,true
4000004056,64956.32,0.03566646,2316.76198903,1704154089924,true,true
4000004057,64956.27,0.10740557,6976.66520442,1704154089974,false,true
4000004058,64956.42,0.04476016,2907.45975223,1704154090270,false,true
4000004059,64956.20,0.08250108,5358.95665270,1704154090286,false,true
4000004060,64957.22,0.06758765,4390.30585033,1704154090312,false,true
4000004061,64957.14,0.05747513,3733.42006593,1704154090376,true,true
4000004062,64959.36,0.07380549,4794.35739489,1704154090679,false,true
4000004063,64959.32,0.01781092,1156.98525177,1704154090716,false,true
4000004064,64956.99,0.03937948,2557.97248857,1704154090814,true,true
4000004065,64959.22,0.03846298,2498.52517968,1704154090891,true,true
4000004066,64958.61,0.04589925,2981.55148004,1704154090930,false,true
4000004067,64953.95,0.04057003,2635.18370012,1704154091158,true,true
4000004068,64951.65,0.01959589,1272.78538872,1704154091525,true,true
4000004069,64949.75,0.03947602,2563.95762999,1704154091729,true,true
4000004070,64949.78,0.25569400,16607.26904732,1704154091849,false,true
4000004071,64946.71,0.08301502,5391.55242958,1704154091895,false,true
4000004072,64947.20,0.04247197,2758.43552998,1704154091932,false,true
4000004073,64946.38,0.11260742,7313.44429014,1704154092050,false,true
4000004074,64946.01,0.02050060,1331.43217261,1704154092195,false,true
4000004075,64944.67,0.05411819,3514.68799055,1704154092255,true,true
4000004076,64944.22,0.02958071,1921.09613800,1704154092265,false,true
4000004077,64944.01,0.04111776,2670.35221662,1704154092361,true,true
4000004078,64944.36,0.01698904,1103.34232981,1704154092408,false,true
4000004079,64942.45,0.08255553,5361.35837925,1704154092498,false,true
4000004080,64942.36,0.08912495,5787.98458788,1704154092581,false,true
4000004081,64944.19,0.06387466,4148.28805523,1704154092625,true,true
4000004082,64945.35,0.08718801,5662.45582525,1704154092649,true,true
4000004083,64944.98,0.08767238,5693.88096565,1704154092899,false,true
4000004084,64945.50,0.01912209,1241.89369609,1704154092970,true,true
4000004085,64945.04,0.05015095,3257.05545379,1704154093007,true,true
4000004086,64947.56,0.05501341,3572.98674678,1704154093075,false,true
4000004087,64945.98,0.10687468,6941.08082979,1704154093353,false,true
4000004088,64943.73,0.03177175,2063.37595363,1704154093401,false,true
4000004089,64944.19,0.13983681,9081.58835763,1704154093404,true,true
4000004090,64946.11,0.11899190,7728.06102651,1704154093604,false,true
4000004091,64947.89,0.02390796,1552.77155620,1704154093629,true,true
4000004092,64945.95,0.07883952,5120.30752394,1704154093692,false,true
4000004093,64944.96,0.10166205,6602.43777077,1704154093698,false,true
4000004094,64944.23,0.02144992,1393.04853796,1704154093723,false,true
4000004095,64944.77,0.07810741,5072.66777775,1704154093923,true,true
4000004096,64942.11,0.08582167,5573.44033352,1704154094003,true,true
4000004097,64940.13,0.09044571,5873.55616534,1704154094064,true,true
4000004098,64940.84,0.06273802,4074.25971874,1704154094077,true,true
4000004099,64938.17,0.15862984,10301.13151699,1704154094469,true,true
4000004100,64936.48,0.04299884,2792.19331368,1704154094476,false,true
4000004101,64936.74,0.00942548,612.05994414,1704154094556,false,true
4000004102,64935.31,0.04701789,3053.12126270,1704154095153,true,true
4000004103,64937.33,0.12053734,7827.37302490,1704154095266,false,true
4000004104,64938.78,0.03962281,2573.05694157,1704154095267,true,true
4000004105,64939.28,0.02695597,1750.50128350,1704154095332,true,true
4000004106,64939.21,0.07152593,4644.83738872,1704154095341,true,true
4000004107,64938.82,0.01313448,852.93763251,1704154095435,false,true
4000004108,64939.14,0.13649814,8864.07182320,1704154095467,false,true
4000004109,64938.06,0.09669071,6278.90712742,1704154095641,false,true
4000004110,64939.80,0.06273814,4074.20226397,1704154095767,true,true
4000004111,64939.04,0.07067291,4589.43092941,1704154095813,true,true
4000004112,64940.34,0.08548427,5551.37755845,1704154095900,true,true
4000004113,64941.32,0.03375407,2192.03386117,1704154096274,true,true
4000004114,64943.37,0.06503543,4223.61999360,1704154096319,false,true
4000004115,64941.97,0.09532266,6190.44132604,1704154096338,false,true
4000004116,64942.94,0.16066770,10434.23280104,1704154096699,false,true
4000004117,64944.22,0.10920495,7092.23029789,1704154096882,false,true
4000004118,64942.46,0.02618101,1700.25919468,1704154097025,true,true
4000004119,64940.55,0.02340107,1519.67835639,1704154097097,false,true
4000004120,64940.91,0.01823450,1184.16502340,1704154097140,false,true
4000004121,64939.43,0.02321452,1507.53769652,1704154097143,false,true
4000004122,64940.66,0.02843388,1846.51493356,1704154097166,false,true
4000004123,64942.12,0.06753324,4385.75177607,1704154097299,true,true
4000004124,64944.69,0.07710246,5007.39536294,1704154097360,true,true
4000004125,64944.70,0.05956802,3868.62718849,1704154097486,false,true
4000004126,64946.62,0.05928048,3850.06680798,1704154097518,true,true
4000004127,64946.29,0.02492151,1618.55961570,1704154097640,false,true
4000004128,64946.65,0.15861739,10301.66811224,1704154097641,true,true
4000004129,64948.44,0.01967964,1278.16191776,1704154097809,true,true
4000004130,64946.18,0.04580110,2974.60648480,1704154097889,false,true
4000004131,64945.47,0.17761016,11534.97531798,1704154097941,true,true
4000004132,64945.98,0.07501721,4872.06622032,1704154098330,true,true
4000004133,64945.87,0.09406838,6109.35277859,1704154098359,true,true
4000004134,64944.55,0.04415624,2867.70713649,1704154098474,false,true
4000004135,64945.00,0.12514407,8127.48162615,1704154098475,true,true
4000004136,64944.06,0.01977672,1284.38049028,1704154098613,true,true
4000004137,64944.17,0.11197286,7271.98445523,1704154098689,false,true
4000004138,64942.07,0.04935559,3205.25418067,1704154098855,true,true
4000004139,64942.69,0.02402058,1559.96108056,1704154098965,false,true
4000004140,64941.86,0.04844152,3145.88241003,1704154099111,true,true
4000004141,64946.05,0.10150578,6592.39946317,1704154099219,false,true
4000004142,64947.15,0.08309974,5397.09127874,1704154099293,false,true
4000004143,64948.05,0.07793135,5061.48921637,1704154099304,false,true
4000004144,64947.79,0.02239572,1454.55251946,1704154099364,true,true
4000004145,64947.77,0.08029385,5214.90650221,1704154099586,true,true
4000004146,64946.63,0.02619551,1701.31009563,1704154099619,false,true
4000004147,64946.02,0.04452082,2891.45006614,1704154100146,true,true
4000004148,64945.11,0.02756910,1790.47823210,1704154100358,false,true
4000004149,64946.85,0.03821634,2482.03090153,1704154100448,true,true
4000004150,64946.40,0.04912811,3190.69388330,1704154100770,true,true
4000004151,64946.76,0.06517884,4233.15447856,1704154100771,true,true
4000004152,64947.14,0.17418047,11312.52337036,1704154100918,false,true
4000004153,64945.99,0.07613452,4944.63177457,1704154101219,false,true
4000004154,64943.97,0.04793476,3113.07361540,1704154101321,true,true
4000004155,64944.50,0.02608598,1694.14092811,1704154101322,false,true
4000004156,64945.54,0.06431943,4177.26011384,1704154101521,false,true
4000004157,64944.77,0.18346491,11915.08638302,1704154101621,false,true
4000004158,64946.64,0.03428779,2226.87675353,1704154101632,true,true
4000004159,64946.20,0.04939723,3208.16237903,1704154101700,false,true
4000004160,64946.22,0.01533840,996.17110085,1704154101727,true,true
4000004161,64945.17,0.15340931,9963.19371753,1704154101950,true,true
4000004162,64945.27,0.04282900,2781.54096883,1704154102135,false,true
4000004163,64947.97,0.05641945,3664.32874602,1704154102160,false,true
4000004164,64946.17,0.11171944,7255.74974254,1704154102540,true,true
4000004165,64944.87,0.03561843,2313.23430595,1704154102542,false,true
4000004166,64944.30,0.02756389,1790.11754133,1704154102679,true,true
4000004167,64943.75,0.05659966,3675.79416913,1704154102809,false,true
4000004168,64944.79,0.03877035,2517.93223898,1704154102820,false,true
4000004169,64947.23,0.01015590,659.59757316,1704154102861,false,true
4000004170,64947.86,0.02481334,1611.57333245,1704154102980,false,true
4000004171,64949.55,0.03432521,2229.40694316,1704154103059,true,true
4000004172,64949.30,0.04926001,3199.40316749,1704154103237,true,true
4000004173,64947.67,0.06902838,4483.23244487,1704154103255,false,true
4000004174,64945.86,0.04234809,2750.33312441,1704154103276,true,true
4000004175,64943.90,0.02597870,1687.15809493,1704154103373,true,true
4000004176,64942.28,0.03858202,2505.60434581,1704154103388,true,true
4000004177,64940.15,0.04237832,2752.05445755,1704154103578,true,true
4000004178,64940.47,0.05340983,3468.45946282,1704154103647,true,true
4000004179,64938.67,0.12016545,7803.38450295,1704154103930,true,true
4000004180,64940.57,0.05626226,3653.70323389,1704154104288,false,true
4000004181,64942.56,0.12509262,8123.83497991,1704154104343,true,true
4000004182,64943.74,0.02513501,1632.36155434,1704154104565,true,true
4000004183,64943.84,0.05499358,3571.49426055,1704154104665,true,true
4000004184,64947.27,0.05271224,3423.51608358,1704154104722,true,true
4000004185,64947.63,0.05980405,3884.13131190,1704154104773,false,true
4000004186,64946.22,0.19984376,12979.09680259,1704154104849,false,true
4000004187,64945.64,0.02114223,1373.09565838,1704154104893,false,true
4000004188,64943.63,0.02666267,1731.57057529,1704154105032,false,true
4000004189,64944.55,0.02598604,1687.65167408,1704154105149,false,true
4000004190,64941.71,0.02293795,1489.62969689,1704154105173,false,true
4000004191,64943.88,0.15200785,9871.97956946,1704154105283,false,true
4000004192,64941.40,0.07047589,4576.80296285,1704154105588,true,true
4000004193,64941.19,0.13175695,8556.45312377,1704154105605,false,true
4000004194,64941.78,0.03045225,1977.62332000,1704154105688,false,true
4000004195,64942.42,0.03179686,2064.96503680,1704154105704,true,true
4000004196,64942.86,0.03800699,2468.28263059,1704154105761,true,true
4000004197,64943.95,0.02188542,1421.32562221,1704154105926,false,true
4000004198,64945.28,0.06323723,4106.95960877,1704154106211,true,true
4000004199,64942.32,0.11001137,7144.39359418,1704154106240,false,true
4000004200,64944.14,0.12029298,7812.32413414,1704154106264,false,true
4000004201,64945.09,0.09641855,6261.91140742,1704154106423,false,true
4000004202,64945.12,0.04714744,3061.99614849,1704154106514,false,true
4000004203,64947.60,0.03445479,2237.75591900,1704154106659,false,true
4000004204,64947.38,0.03234947,2101.01332089,1704154106727,false,true
4000004205,64944.82,0.12237841,7947.84380934,1704154106924,true,true
4000004206,64943.67,0.08177005,5310.44714308,1704154106978,false,true
4000004207,64941.62,0.03505529,2276.54732217,1704154106989,true,true
4000004208,64938.15,0.02402445,1560.10333777,1704154107221,true,true
4000004209,64938.67,0.04136510,2686.19457842,1704154107232,true,true
4000004210,64938.90,0.06272326,4073.17950881,1704154107402,true,true
4000004211,64939.27,0.14939337,9701.49639064,1704154107408,true,true
4000004212,64938.40,0.04221000,2741.04986400,1704154107417,false,true
4000004213,64937.28,0.06237860,4050.69661421,1704154107810,false,true
4000004214,64937.19,0.12687084,8238.63584254,1704154107821,true,true
4000004215,64934.68,0.04863716,3158.23842071,1704154107870,true,true
4000004216,64933.98,0.14359548,9324.22602641,1704154107974,false,true
4000004217,64932.10,0.05862153,3806.41904811,1704154108224,true,true
4000004218,64931.45,0.05909453,3837.09351997,1704154108616,false,true
4000004219,64931.60,0.02698837,1752.39804549,1704154109016,true,true
4000004220,64932.06,0.02494744,1619.88867093,1704154109096,false,true
4000004221,64932.94,0.01783423,1158.02898654,1704154109385,false,true
4000004222,64932.86,0.03984379,2587.17123794,1704154109390,false,true
4000004223,64931.76,0.09277261,6023.88884709,1704154109421,true,true
4000004224,64932.42,0.09255609,6009.89090944,1704154109862,false,true
4000004225,64932.91,0.01939306,1259.24781960,1704154109954,false,true
4000004226,64933.69,0.03692884,2397.92584862,1704154109974,true,true
4000004227,64932.26,0.04459257,2895.49634931,1704154110072,false,true
4000004228,64933.73,0.05831532,3786.63124374,1704154110171,false,true
4000004229,64938.53,0.04390403,2851.06316928,1704154110505,true,true
4000004230,64936.73,0.04920453,3195.18127939,1704154110552,true,true
4000004231,64937.18,0.19081284,12390.84773739,1704154110676,true,true
4000004232,64938.04,0.03045467,1977.66657865,1704154110682,false,true
4000004233,64937.26,0.08779287,5701.02842534,1704154110722,false,true
4000004234,64938.55,0.05959869,3870.25251050,1704154110776,true,true
4000004235,64937.60,0.07878353,5116.01335773,1704154110801,false,true
4000004236,64938.47,0.02437004,1582.55311144,1704154110851,true,true
4000004237,64938.54,0.03762833,2443.52881284,1704154111001,false,true
4000004238,64938.28,0.02069579,1343.94900584,1704154111276,true,true
4000004239,64938.76,0.05790483,3760.26785821,1704154111464,false,true
4000004240,64939.36,0.04540703,2948.70346770,1704154111466,true,true
4000004241,64938.79,0.07777296,5050.48191712,1704154111609,true,true
4000004242,64940.89,0.06823543,4431.26955373,1704154111612,false,true
4000004243,64940.61,0.02840657,1844.73998381,1704154111824,false,true
4000004244,64942.63,0.03405024,2211.31213773,1704154111848,false,true
4000004245,64943.22,0.05005093,3250.46855819,1704154111919,false,true
4000004246,64942.23,0.13348380,8668.73564087,1704154112175,true,true
4000004247,64943.01,0.05685672,3692.44653553,1704154112384,false,true
4000004248,64943.52,0.04440838,2884.03651470,1704154112414,false,true
4000004249,64943.35,0.03437871,2232.66859608,1704154112838,true,true
4000004250,64942.12,0.02350777,1526.64442027,1704154112963,false,true
4000004251,64941.85,0.04510325,2929.08849601,1704154113353,false,true
4000004252,64939.42,0.05252680,3411.05992646,1704154113585,true,true
4000004253,64937.66,0.05936260,3854.86833552,1704154113739,true,true
4000004254,64936.51,0.03679480,2389.32589815,1704154113771,false,true
4000004255,64936.51,0.04007360,2602.23972714,1704154113833,false,true
4000004256,64938.43,0.04006975,2602.06665549,1704154114018,true,true
4000004257,64940.61,0.05364433,3483.69551324,1704154114018,true,true
4000004258,64938.66,0.15837573,10284.70768272,1704154114087,true,true
4000004259,64936.45,0.04814315,3126.24525282,1704154114095,true,true
4000004260,64934.51,0.03998009,2596.08755391,1704154114483,true,true
4000004261,64935.80,0.04840169,3143.00246150,1704154114761,true,true
4000004262,64937.11,0.04341127,2819.00241523,1704154114795,true,true
4000004263,64935.81,0.08693333,5645.08619955,1704154114851,false,true
4000004264,64936.26,0.05471608,3553.05759706,1704154114956,true,true
4000004265,64934.44,0.03337865,2167.42394571,1704154115025,false,true
4000004266,64936.73,0.02811997,1826.01889950,1704154115123,false,true
4000004267,64936.40,0.02560799,1662.89068184,1704154115271,false,true
4000004268,64936.49,0.09910884,6435.78019757,1704154115413,false,true
4000004269,64935.75,0.01150666,747.19359709,1704154115518,true,true
4000004270,64935.29,0.10775583,6997.15607024,1704154115576,true,true
4000004271,64935.31,0.05226026,3393.53618378,1704154115635,false,true
4000004272,64935.79,0.03754985,2438.32917413,1704154115665,false,true
4000004273,64933.99,0.02169165,1408.52538418,1704154115694,false,true
4000004274,64933.19,0.06860301,4454.61228290,1704154115719,true,true
4000004275,64934.59,0.07915255,5139.73838170,1704154115726,false,true
4000004276,64935.93,0.19116894,12413.73290601,1704154115746,true,true
4000004277,64936.23,0.03035738,1971.29380988,1704154115755,true,true
4000004278,64936.20,0.04293192,2787.83574350,1704154116036,false,true
4000004279,64934.30,0.07653175,4969.53561402,1704154116036,false,true
4000004280,64934.46,0.02371846,1540.14539213,1704154116125,true,true
4000004281,64934.50,0.07049724,4577.70303078,1704154116136,true,true
4000004282,64933.71,0.06512217,4228.62410135,1704154116464,false,true
4000004283,64933.29,0.12126456,7874.10684120,1704154116785,true,true
4000004284,64930.98,0.06557025,4257.54059135,1704154116886,true,true
4000004285,64932.54,0.04642970,3014.79835244,1704154117132,true,true
4000004286,64934.18,0.07621799,4949.15268190,1704154117200,true,true
4000004287,64934.40,0.05871638,3812.71290547,1704154117234,true,true
4000004288,64932.99,0.01678503,1089.90218514,1704154117504,true,true
4000004289,64933.86,0.07824407,5080.68948721,1704154117514,true,true
4000004290,64932.31,0.05859071,3804.43014484,1704154117627,false,true
4000004291,64933.86,0.05022494,3261.29922247,1704154117679,false,true
4000004292,64935.05,0.11215624,7282.87105221,1704154117703,true,true
4000004293,64931.78,0.09382951,6092.51710083,1704154117901,false,true
4000004294,64931.65,0.03477808,2258.19811823,1704154118202,false,true
4000004295,64932.04,0.02455685,1594.52636647,1704154118362,true,true
4000004296,64931.32,0.02449145,1590.26217721,1704154118547,false,true
4000004297,64930.33,0.04959464,3220.19634143,1704154118646,false,true
4000004298,64931.99,0.07399980,4804.95427360,1704154118819,false,true
4000004299,64931.40,0.02664408,1730.03741611,1704154118831,true,true
4000004300,64930.99,0.04697645,3050.22740519,1704154119441,false,true
4000004301,64930.43,0.07256801,4711.87209354,1704154119647,true,true
4000004302,64929.64,0.03877804,2517.84417711,1704154119705,true,true
4000004303,64931.24,0.03884875,2522.49750995,1704154119991,true,true
4000004304,64931.62,0.03171825,2059.51735607,1704154120037,true,true
4000004305,64932.23,0.05464194,3548.02301573,1704154120060,true,true
4000004306,64932.25,0.03498065,2271.37231096,1704154120160,false,true
4000004307,64930.92,0.03056042,1984.31618619,1704154120388,true,true
4000004308,64931.20,0.12010803,7798.75851754,1704154120424,false,true
4000004309,64930.92,0.09901519,6429.14738067,1704154120453,false,true
4000004310,64932.53,0.10424557,6768.92860139,1704154120467,true,true
4000004311,64929.41,0.10109440,6563.99974630,1704154120582,false,true
4000004312,64929.48,0.05422402,3520.73742211,1704154120705,false,true
4000004313,64929.87,0.05067070,3290.04196381,1704154120711,false,true
4000004314,64931.91,0.03500971,2273.24733885,1704154120728,false,true
4000004315,64931.56,0.02509655,1629.55814212,1704154120745,true,true
4000004316,64932.32,0.03647182,2368.19988722,1704154120750,true,true
4000004317,64932.45,0.03656303,2374.12711732,1704154120801,false,true
4000004318,64933.50,0.05714754,3710.78978859,1704154120944,false,true
4000004319,64934.10,0.03058607,1986.07892799,1704154120976,true,true
4000004320,64934.85,0.02786633,1809.49595860,1704154121267,false,true
4000004321,64936.31,0.07627837,4953.23588061,1704154121276,false,true
4000004322,64937.15,0.05262520,3417.33050618,1704154121343,true,true
4000004323,64938.77,0.02715772,1763.58893280,1704154121422,true,true
4000004324,64937.36,0.08834562,5736.93133036,1704154121443,true,true
4000004325,64937.35,0.02389840,1551.89876524,1704154121635,false,true
4000004326,64937.11,0.15769699,10240.38678630,1704154121850,true,true
4000004327,64938.40,0.06370299,4136.77024582,1704154121954,false,true
4000004328,64938.71,0.03408141,2213.20280038,1704154122037,false,true
4000004329,64937.34,0.04980444,3234.16785379,1704154122094,true,true
4000004330,64938.83,0.01900332,1234.05336692,1704154122171,true,true
4000004331,64938.89,0.01414287,918.42227921,1704154122321,false,true
4000004332,64939.43,0.04491333,2916.64604960,1704154122383,true,true
4000004333,64938.64,0.07381428,4793.39895578,1704154122562,false,true
4000004334,64938.58,0.12008586,7798.20522648,1704154122632,false,true
4000004335,64940.74,0.04452353,2891.39098561,1704154122658,true,true
4000004336,64940.98,0.09250858,6007.59784361,1704154122788,false,true
4000004337,64939.85,0.07926582,5147.51046093,1704154122811,false,true
4000004338,64941.81,0.12659682,8221.42663104,1704154122854,false,true
4000004339,64942.41,0.06983430,4535.20774266,1704154122872,false,true
4000004340,64943.03,0.03080160,2000.34923285,1704154123020,true,true
4000004341,64942.94,0.07037597,4570.42239715,1704154123257,true,true
4000004342,64940.60,0.01617900,1050.67396740,1704154123341,true,true
4000004343,64944.09,0.04407380,2862.33283384,1704154123509,true,true
4000004344,64944.82,0.04330534,2812.45751134,1704154123555,false,true
4000004345,64945.08,0.03981142,2585.55585681,1704154123698,true,true
4000004346,64945.00,0.07462729,4846.66934905,1704154123732,false,true
4000004347,64947.48,0.15985112,10381.92741918,1704154124099,true,true
4000004348,64948.39,0.04697214,3050.76486785,1704154124106,false,true
4000004349,64947.39,0.04594598,2984.07148199,1704154124134,false,true
4000004350,64948.43,0.01837203,1193.23450441,1704154124144,false,true
4000004351,64949.84,0.01830076,1188.63143388,1704154124209,true,true
4000004352,64948.24,0.09875320,6413.84653437,1704154124287,false,true
4000004353,64947.80,0.01331857,865.01182065,1704154124326,true,true
4000004354,64947.03,0.08897764,5778.83345441,1704154124607,true,true
4000004355,64947.36,0.03177792,2063.89201029,1704154124896,true,true
4000004356,64945.08,0.01672310,1086.08306735,1704154124930,false,true
4000004357,64943.97,0.08180843,5312.96422367,1704154124992,true,true
4000004358,64945.72,0.03566561,2316.32872069,1704154125401,true,true
4000004359,64946.62,0.05865472,3809.42581105,1704154125411,false,true
4000004360,64945.86,0.08084470,5250.52856794,1704154125709,true,true
4000004361,64942.93,0.02736677,1777.27822844,1704154126020,true,true
4000004362,64942.72,0.06361934,4131.61298420,1704154126198,false,true
4000004363,64941.68,0.03702113,2404.21437770,1704154126305,true,true
4000004364,64939.48,0.10040538,6520.27316640,1704154126545,false,true
4000004365,64939.58,0.09653179,6268.73389925,1704154126563,true,true
4000004366,64938.04,0.10106417,6562.90911403,1704154126601,true,true
4000004367,64935.55,0.12598847,8181.13059311,1704154127360,false,true
4000004368,64937.54,0.03894705,2529.12561726,1704154127395,true,true
4000004369,64940.26,0.02118542,1375.78668301,1704154127439,true,true
4000004370,64939.76,0.08009034,5201.04745792,1704154127446,true,true
4000004371,64938.84,0.04210717,2734.39077548,1704154127478,true,true
4000004372,64940.94,0.04013966,2606.70725168,1704154127573,false,true
4000004373,64940.66,0.03772024,2449.57728096,1704154127788,true,true
4000004374,64941.35,0.04258669,2765.63714063,1704154127845,false,true
4000004375,64940.75,0.04615458,2997.31304113,1704154127886,true,true
4000004376,64941.50,0.08031438,5215.73630877,1704154127926,true,true
4000004377,64942.71,0.03393085,2203.56135160,1704154128125,true,true
4000004378,64942.54,0.15865223,10303.27879286,1704154128266,true,true
4000004379,64944.14,0.06178107,4012.31845943,1704154128288,true,true
4000004380,64942.57,0.02063196,1339.89250654,1704154128382,false,true
4000004381,64943.41,0.01548493,1005.64415781,1704154128413,true,true
4000004382,64941.93,0.06257693,4063.86660767,1704154128476,true,true
4000004383,64941.52,0.07070685,4591.81031341,1704154128490,false,true
4000004384,64943.27,0.03161405,2053.11978494,1704154128670,false,true
4000004385,64942.46,0.01750831,1137.03272184,1704154129006,true,true
4000004386,64945.49,0.08487563,5512.28937941,1704154129136,false,true
4000004387,64945.25,0.04287379,2784.44901000,1704154129156,false,true
4000004388,64945.81,0.03722417,2417.55387223,1704154129202,false,true
4000004389,64944.91,0.11136033,7232.28660942,1704154129217,true,true
4000004390,64946.10,0.05438592,3532.15339891,1704154129364,true,true
4000004391,64948.39,0.12806136,8317.37915321,1704154129458,true,true
4000004392,64947.97,0.04160854,2702.39020766,1704154129756,true,true
4000004393,64948.27,0.07296706,4739.08431399,1704154129810,true,true
4000004394,64949.67,0.11754768,7634.68302527,1704154129969,false,true
4000004395,64948.93,0.03978988,2584.31013083,1704154130211,true,true
4000004396,64949.21,0.02918612,1895.61543697,1704154130635,true,true
4000004397,64947.40,0.13812718,8971.00121033,1704154130664,true,true
4000004398,64947.48,0.07190769,4670.22325812,1704154130848,true,true
4000004399,64945.40,0.06939068,4506.60546887,1704154130940,false,true
4000004400,64945.34,0.04900527,3182.66392194,1704154131020,false,true
4000004401,64944.29,0.01516688,985.00225312,1704154131210,true,true
4000004402,64944.45,0.07648584,4967.33081159,1704154131298,false,true
4000004403,64946.04,0.04442225,2885.04922539,1704154131304,false,true
4000004404,64946.47,0.04864926,3159.59770511,1704154131420,false,true
4000004405,64946.64,0.03719487,2415.68183174,1704154131441,true,true
4000004406,64947.49,0.03132101,2034.22098376,1704154131525,false,true
4000004407,64947.86,0.06283381,4080.92149515,1704154131904,true,true
4000004408,64948.87,0.04746476,3082.78252682,1704154132045,true,true
4000004409,64948.26,0.03773483,2450.81154990,1704154132289,false,true
4000004410,64946.88,0.01846297,1199.11229703,1704154132442,false,true
4000004411,64946.66,0.16358646,10624.39419822,1704154132523,true,true
4000004412,64945.58,0.12260916,7962.92300951,1704154132552,false,true
4000004413,64946.56,0.04620539,3000.88113396,1704154132572,true,true
4000004414,64949.63,0.03358585,2181.38853074,1704154132697,true,true
4000004415,64949.66,0.03037294,1972.71212620,1704154132750,true,true
4000004416,64952.48,0.04654749,3023.37491328,1704154132907,true,true
4000004417,64951.37,0.02279785,1480.75159055,1704154132931,true,true
4000004418,64952.78,0.04268510,2772.51590958,1704154133146,false,true
4000004419,64949.45,0.01394455,905.69085300,1704154133279,false,true
4000004420,64950.31,0.03846834,2498.53060819,1704154133474,true,true
4000004421,64947.77,0.05767288,3745.72494548,1704154133604,false,true
4000004422,64946.65,0.04550822,2955.60643646,1704154133688,true,true
4000004423,64947.48,0.06543478,4249.82406535,1704154133735,false,true
4000004424,64949.66,0.01583951,1028.77078907,1704154133867,true,true
4000004425,64949.55,0.05463253,3548.35823886,1704154133898,true,true
4000004426,64948.46,0.07465494,4848.72338439,1704154134089,false,true
4000004427,64947.93,0.03449359,2240.28726877,1704154134169,true,true
4000004428,64947.59,0.05881464,3819.86912472,1704154134364,true,true
4000004429,64948.79,0.05789894,3760.46609528,1704154134564,true,true
4000004430,64950.73,0.03556049,2309.67978466,1704154134633,false,true
4000004431,64950.63,0.03980704,2585.49232644,1704154134946,true,true
4000004432,64949.80,0.08502269,5522.20671096,1704154135284,false,true
4000004433,64951.72,0.08412990,5464.38170843,1704154135313,true,true
4000004434,64950.94,0.09881370,6418.04269988,1704154135338,false,true
4000004435,64950.89,0.05013963,3256.61359277,1704154135374,false,true
4000004436,64950.12,0.05755460,3738.17817655,1704154135495,false,true
4000004437,64949.75,0.04011791,2605.64822502,1704154135506,true,true
4000004438,64948.55,0.18992594,12335.41441039,1704154135680,true,true
4000004439,64945.42,0.09280837,6027.47856917,1704154135774,false,true
4000004440,64944.54,0.03065671,1990.98592886,1704154135866,true,true
4000004441,64944.72,0.07108961,4616.89481636,1704154135948,false,true
4000004442,64946.42,0.07398954,4805.35574045,1704154135965,true,true
4000004443,64945.18,0.02398924,1557.98550986,1704154136364,false,true
4000004444,64943.94,0.01165722,757.06579625,1704154136444,true,true
4000004445,64942.66,0.04281978,2780.83041381,1704154136787,true,true
4000004446,64944.69,0.03587647,2329.98622244,1704154136936,true,true
4000004447,64944.43,0.06595570,4283.45534175,1704154137119,false,true
4000004448,64943.99,0.07032369,4567.10102012,1704154137258,true,true
4000004449,64944.44,0.02174204,1412.02461226,1704154137274,false,true
4000004450,64945.14,0.05450593,3539.89525468,1704154137504,false,true
4000004451,64945.39,0.02522290,1638.11107743,1704154138127,false,true
4000004452,64943.93,0.03872738,2515.10825580,1704154138208,true,true
4000004453,64943.91,0.04859944,3156.23765741,1704154138310,false,true
4000004454,64942.93,0.06848873,4447.85879818,1704154138381,true,true
4000004455,64941.41,0.07889282,5123.41096968,1704154138702,true,true
4000004456,64941.87,0.04211684,2735.14634809,1704154138762,true,true
4000004457,64940.61,0.10603538,6886.00225878,1704154139005,false,true
4000004458,64942.04,0.05673184,3684.28142255,1704154139155,false,true
4000004459,64941.65,0.05156783,3348.89996712,1704154139616,true,true
4000004460,64939.83,0.03594212,2334.07516264,1704154139688,true,true
4000004461,64941.40,0.08602493,5586.57938910,1704154139706,true,true
4000004462,64941.06,0.03346208,2173.06294500,1704154139854,false,true
4000004463,64939.16,0.02942380,1910.75685601,1704154139907,false,true
4000004464,64939.61,0.06763304,4392.06324071,1704154139935,false,true
4000004465,64938.31,0.27084201,17588.02240640,1704154140054,true,true
4000004466,64940.03,0.03285092,2133.33973033,1704154140159,true,true
4000004467,64939.30,0.08373875,5437.93580788,1704154140225,true,true
4000004468,64938.20,0.06117786,3972.78010825,1704154140262,false,true
4000004469,64940.84,0.02265795,1471.42630568,1704154140307,true,true
4000004470,64940.81,0.06314150,4100.46015462,1704154140425,true,true
4000004471,64938.21,0.11582071,7521.18958833,1704154140599,true,true
4000004472,64938.32,0.12766302,8290.22204493,1704154140639,true,true
4000004473,64937.34,0.05697363,3699.71598234,1704154140901,true,true
4000004474,64937.19,0.10377693,6738.98222103,1704154141034,true,true
4000004475,64936.44,0.04404504,2860.12809726,1704154141083,false,true
4000004476,64934.73,0.07411780,4812.81933119,1704154141425,false,true
4000004477,64936.85,0.04683558,3041.35503312,1704154141609,true,true
4000004478,64934.05,0.04234262,2749.47780421,1704154141644,false,true
4000004479,64934.19,0.05235448,3399.59575167,1704154141749,true,true
4000004480,64935.70,0.09741530,6325.73069621,1704154141830,false,true
4000004481,64936.93,0.05772156,3748.26090121,1704154141921,true,true
4000004482,64937.64,0.11041158,7169.86743387,1704154141978,true,true
4000004483,64935.77,0.05730396,3721.07676665,1704154141994,true,true
4000004484,64935.78,0.05971701,3877.77062362,1704154142064,false,true
4000004485,64934.68,0.18344303,11911.81445128,1704154142182,false,true
4000004486,64932.25,0.03176911,2062.83979280,1704154142349,false,true
4000004487,64931.77,0.06457105,4192.71256726,1704154142514,false,true
4000004488,64929.02,0.06645068,4314.57753073,1704154142608,true,true
4000004489,64928.25,0.04016816,2608.04833452,1704154142731,true,true
4000004490,64930.22,0.01352411,878.12343760,1704154142801,true,true
4000004491,64931.34,0.01398564,908.10634596,1704154143162,true,true
4000004492,64931.25,0.08805795,5717.71276594,1704154143199,false,true
4000004493,64930.59,0.08459092,5492.53834424,1704154143230,false,true
4000004494,64929.26,0.04299925,2791.90948306,1704154143273,true,true
4000004495,64930.35,0.14012485,9098.35555420,1704154143411,false,true
4000004496,64932.21,0.12209856,7928.12933862,1704154143487,false,true
4000004497,64932.81,0.08750099,5681.68515848,1704154143489,true,true
4000004498,64932.99,0.09603034,6235.53710692,1704154143576,true,true
4000004499,64932.09,0.01820947,1182.37894489,1704154143791,false,true
4000004500,64932.27,0.04368786,2836.75192124,1704154144350,true,true
4000004501,64930.96,0.02318583,1505.47820030,1704154144455,true,true
4000004502,64930.50,0.13393307,8696.34120163,1704154144475,true,true
4000004503,64930.71,0.03914059,2541.42629852,1704154144558,true,true
4000004504,64931.11,0.04345336,2821.47489803,1704154145188,false,true
4000004505,64930.23,0.14877658,9660.09755801,1704154145220,false,true
4000004506,64930.97,0.01672136,1085.73412452,1704154145242,true,true
4000004507,64931.75,0.02350022,1525.91040998,1704154145303,false,true
4000004508,64932.75,0.12411697,8059.25618377,1704154145478,true,true
4000004509,64932.80,0.03354739,2178.32596539,1704154146117,false,true
4000004510,64932.06,0.03678645,2388.61997859,1704154146135,false,true
4000004511,64928.46,0.14680667,9531.93100083,1704154146397,false,true
4000004512,64928.59,0.07601768,4935.72077747,1704154146475,false,true
4000004513,64930.59,0.07313108,4748.44417174,1704154146544,true,true
4000004514,64927.39,0.07297620,4738.15419812,1704154146786,false,true
4000004515,64928.41,0.08519125,5531.33240841,1704154146959,true,true
4000004516,64927.19,0.16233161,10539.73528548,1704154146999,false,true
4000004517,64926.86,0.05799807,3765.63257116,1704154147022,true,true
4000004518,64927.09,0.10977894,7127.62711748,1704154147233,true,true
4000004519,64927.26,0.05682371,3689.40779333,1704154147545,false,true
4000004520,64927.38,0.04180728,2714.43715533,1704154147621,true,true
4000004521,64929.80,0.03507519,2277.42507166,1704154147820,true,true
4000004522,64930.03,0.04736339,3075.30633360,1704154147842,false,true
4000004523,64931.35,0.12507128,8121.04705663,1704154148108,false,true
4000004524,64933.80,0.07426296,4822.17619205,1704154148418,true,true
4000004525,64933.63,0.17298594,11232.60502316,1704154148605,false,true
4000004526,64936.20,0.11108738,7213.59232516,1704154148751,true,true
4000004527,64935.72,0.07612276,4943.08622899,1704154148944,false,true
4000004528,64933.42,0.02466585,1601.63799771,1704154148950,true,true
4000004529,64932.28,0.08913812,5787.94136651,1704154149266,true,true
4000004530,64933.50,0.10519422,6830.62888437,1704154149317,true,true
4000004531,64933.86,0.04273093,2774.68422629,1704154149431,false,true
4000004532,64934.48,0.02355900,1529.79141432,1704154149491,true,true
4000004533,64934.54,0.03070873,1994.05725653,1704154149579,false,true
4000004534,64934.31,0.01170684,760.17557768,1704154149702,false,true
4000004535,64931.97,0.06811554,4422.87619981,1704154149727,false,true
4000004536,64932.39,0.06018643,3908.04874547,1704154149821,false,true
4000004537,64932.80,0.04817244,3127.97141203,1704154150326,true,true
4000004538,64930.34,0.03507090,2277.16546111,1704154150332,true,true
4000004539,64933.72,0.02197009,1426.59967243,1704154150573,false,true
4000004540,64934.79,0.02960385,1922.31978294,1704154150772,true,true
4000004541,64936.55,0.03582754,2326.51684259,1704154150882,false,true
4000004542,64935.75,0.03661159,2377.40105534,1704154150995,false,true
4000004543,64935.47,0.01397344,907.37189392,1704154151008,false,true
4000004544,64936.87,0.15991724,10384.52502464,1704154151180,true,true
4000004545,64936.87,0.10758257,6986.07536236,1704154151182,false,true
4000004546,64937.38,0.03828016,2485.81329638,1704154151206,false,true
4000004547,64936.44,0.02195196,1425.48213342,1704154151470,false,true
4000004548,64933.77,0.13827341,8978.61380206,1704154151638,true,true
4000004549,64935.55,0.05035522,3269.84390607,1704154152105,false,true
4000004550,64935.12,0.09330071,6058.49279994,1704154152107,true,true
4000004551,64933.39,0.04950036,3214.22618102,1704154152215,true,true
4000004552,64932.84,0.07588147,4927.19935047,1704154152237,false,true
4000004553,64934.10,0.02643965,1716.83487706,1704154152325,false,true
4000004554,64932.95,0.09770799,6344.46802927,1704154152351,true,true
4000004555,64932.25,0.02637065,1712.30563846,1704154152643,true,true
4000004556,64930.63,0.08345275,5418.63963273,1704154153011,false,true
4000004557,64929.61,0.03698094,2401.15801163,1704154153036,false,true
4000004558,64931.04,0.03620160,2350.60753766,1704154153057,true,true
4000004559,64930.52,0.06542010,4247.76111145,1704154153328,false,true
4000004560,64930.17,0.06129247,3979.73049682,1704154153345,true,true
4000004561,64929.11,0.02624118,1703.81646275,1704154153365,true,true
4000004562,64928.99,0.06261676,4065.64298387,1704154153752,true,true
4000004563,64929.11,0.03290832,2136.70792920,1704154153799,false,true
4000004564,64929.21,0.01969828,1278.99375876,1704154153870,false,true
4000004565,64926.99,0.06224360,4041.28959476,1704154153935,false,true
4000004566,64928.05,0.02133536,1385.26332085,1704154154319,true,true
4000004567,64929.39,0.05837632,3790.33884804,1704154154356,false,true
4000004568,64927.34,0.04624776,3002.74403776,1704154154368,true,true
4000004569,64927.53,0.06575775,4269.48828586,1704154154546,true,true
4000004570,64928.63,0.05639491,3661.64424527,1704154154783,true,true
4000004571,64928.39,0.03571705,2319.05055205,1704154154793,true,true
4000004572,64928.77,0.04030204,2616.76188569,1704154154983,true,true
4000004573,64927.94,0.07180288,4662.01308447,1704154155251,true,true
4000004574,64927.51,0.02424156,1573.94412932,1704154155349,true,true
4000004575,64923.21,0.03309135,2148.39666523,1704154155350,false,true
4000004576,64923.27,0.03747905,2433.26248249,1704154155451,false,true
4000004577,64924.42,0.06018793,3907.66644625,1704154155468,false,true
4000004578,64924.45,0.04888853,3174.06092156,1704154155492,true,true
4000004579,64927.31,0.02792177,1812.88541654,1704154155619,false,true
4000004580,64924.63,0.05745028,3729.93817240,1704154155805,true,true
4000004581,64926.60,0.04037178,2621.20241135,1704154156060,false,true
4000004582,64926.58,0.01773609,1151.54366627,1704154156131,false,true
4000004583,64927.40,0.07203137,4676.80957254,1704154156248,false,true
4000004584,64927.06,0.02671850,1734.75365261,1704154156257,false,true
4000004585,64927.56,0.07982060,5182.55679574,1704154156298,false,true
4000004586,64926.21,0.03101937,2013.97013069,1704154156312,true,true
4000004587,64925.85,0.01226537,796.33957281,1704154156417,true,true
4000004588,64927.70,0.01997484,1296.92041907,1704154156665,false,true
4000004589,64925.18,0.07236207,4698.12041992,1704154156782,false,true
4000004590,64926.32,0.04660086,3025.62234864,1704154156794,true,true
4000004591,64927.50,0.10984293,7131.82683758,1704154156893,false,true
4000004592,64930.23,0.07679829,4986.53063331,1704154156895,false,true
4000004593,64929.90,0.03569895,2317.92925361,1704154156895,false,true
4000004594,64932.09,0.03390496,2201.51991417,1704154156921,true,true
4000004595,64929.78,0.10487999,6809.83467710,1704154157045,false,true
4000004596,64929.36,0.06985944,4535.92872916,1704154157139,false,true
4000004597,64929.57,0.12794366,8307.32682803,1704154157239,true,true
4000004598,64930.35,0.08502031,5520.39848541,1704154157262,true,true
4000004599,64930.78,0.01824059,1184.37573636,1704154157336,false,true
4000004600,64929.29,0.04367418,2835.73349873,1704154157512,true,true
4000004601,64931.87,0.03092539,2008.04340318,1704154157613,false,true
4000004602,64934.14,0.02261307,1468.36025321,1704154157892,true,true
4000004603,64932.76,0.01663726,1080.30321064,1704154158102,false,true
4000004604,64930.78,0.08632402,5605.08595134,1704154158227,true,true
4000004605,64933.51,0.01779017,1155.17818160,1704154158400,true,true
4000004606,64933.61,0.03446212,2237.74985985,1704154158435,false,true
4000004607,64930.10,0.03031766,1968.52869557,1704154158887,false,true
4000004608,64930.88,0.11391869,7396.84079015,1704154158915,true,true
4000004609,64931.18,0.11266256,7315.31296262,1704154159012,false,true
4000004610,64927.38,0.04610195,2993.27882639,1704154159037,false,true
4000004611,64927.19,0.01903973,1236.19616726,1704154159117,false,true
4000004612,64926.56,0.01867008,1212.18406932,1704154159119,true,true
4000004613,64928.13,0.04086519,2653.30036879,1704154159250,false,true
4000004614,64926.35,0.07425554,4821.14117948,1704154159359,false,true
4000004615,64929.41,0.05259605,3415.03049483,1704154159372,true,true
4000004616,64928.77,0.03387796,2199.65427291,1704154159493,true,true
4000004617,64927.25,0.05714665,3710.37483121,1704154159570,false,true
4000004618,64926.56,0.04971164,3227.60577716,1704154159637,true,true
4000004619,64927.80,0.02516612,1633.98080614,1704154159681,true,true
4000004620,64927.32,0.03636856,2361.31313306,1704154160265,true,true
4000004621,64927.68,0.03672743,2384.62682226,1704154160322,false,true
4000004622,64929.06,0.04197096,2725.13498010,1704154160345,false,true
4000004623,64930.34,0.02820888,1831.61216942,1704154160393,false,true
4000004624,64930.90,0.11091189,7201.60883840,1704154160670,true,true
4000004625,64931.56,0.07877513,5114.99208010,1704154160809,true,true
4000004626,64931.43,0.04716756,3062.65712041,1704154160853,false,true
4000004627,64933.29,0.12329824,8006.16037441,1704154160892,false,true
4000004628,64930.89,0.05859119,3804.37811286,1704154161003,false,true
4000004629,64931.41,0.04979762,3233.42968124,1704154161123,false,true
4000004630,64929.58,0.05391265,3500.52572119,1704154161236,true,true
4000004631,64928.82,0.11674479,7580.10145585,1704154161290,false,true
4000004632,64927.45,0.02953492,1917.62704155,1704154161299,false,true
4000004633,64924.88,0.04701767,3052.61658263,1704154161533,true,true
4000004634,64926.09,0.07717489,5010.66385388,1704154161609,false,true
4000004635,64927.32,0.04132486,2683.11240918,1704154161717,false,true
4000004636,64927.56,0.03831469,2487.67933386,1704154161904,false,true
4000004637,64926.46,0.04528662,2940.29992197,1704154162100,false,true
4000004638,64927.48,0.10508701,6823.03474003,1704154162360,true,true
4000004639,64927.07,0.06923883,4495.47436213,1704154162898,true,true
4000004640,64927.47,0.06629634,4304.45362646,1704154162961,false,true
4000004641,64926.99,0.11004206,7144.69972920,1704154163189,false,true
4000004642,64927.75,0.09769115,6342.86656441,1704154163280,false,true
4000004643,64927.76,0.04902715,3183.22302868,1704154163386,true,true
4000004644,64928.54,0.11418193,7413.66600928,1704154163468,false,true
4000004645,64927.65,0.02614033,1697.23019712,1704154163580,false,true
4000004646,64924.98,0.06026157,3912.48122702,1704154163594,true,true
4000004647,64922.61,0.20552466,13343.19734656,1704154163614,false,true
4000004648,64925.05,0.03847197,2497.79457585,1704154163620,true,true
4000004649,64925.55,0.12063943,7832.58134444,1704154163798,true,true
4000004650,64923.98,0.07910695,5135.93803966,1704154163911,true,true
4000004651,64923.82,0.04576240,2971.06982037,1704154163966,true,true
4000004652,64923.33,0.10470551,6797.83037855,1704154163992,true,true
4000004653,64921.68,0.06637627,4309.25896053,1704154164574,true,true
4000004654,64919.99,0.06905055,4482.76101549,1704154164655,true,true
4000004655,64919.94,0.04447383,2887.23837517,1704154164734,false,true
4000004656,64918.18,0.07769712,5043.95562164,1704154164748,false,true
4000004657,64918.18,0.02652530,1721.97419995,1704154164764,true,true
4000004658,64918.56,0.19006464,12338.72273572,1704154165197,false,true
4000004659,64919.86,0.09052349,5876.77229751,1704154165279,false,true
4000004660,64918.05,0.01381851,897.07072311,1704154165609,true,true
4000004661,64918.63,0.02948997,1914.44845114,1704154165613,false,true
4000004662,64920.19,0.11234387,7293.38538574,1704154165914,false,true
4000004663,64919.02,0.03306963,2146.84797136,1704154165961,false,true
4000004664,64918.22,0.05924744,3846.23834436,1704154165985,true,true
4000004665,64917.23,0.03556096,2308.51901934,1704154166111,false,true
4000004666,64916.40,0.02899275,1882.10495610,1704154166197,false,true
4000004667,64914.99,0.05379378,3492.02269076,1704154166341,true,true
4000004668,64914.11,0.10266600,6664.47201726,1704154166390,true,true
4000004669,64916.30,0.09451918,6135.83544463,1704154166421,false,true
4000004670,64918.99,0.05221566,3389.78790938,1704154166463,true,true
4000004671,64918.86,0.03294553,2138.78624970,1704154166683,false,true
4000004672,64919.25,0.04431624,2876.97706362,1704154166745,true,true
4000004673,64917.37,0.01478909,960.06882749,1704154166753,true,true
4000004674,64917.04,0.02573946,1670.92955440,1704154166880,true,true
4000004675,64915.97,0.03040601,1973.83563298,1704154167065,false,true
4000004676,64914.22,0.04221121,2740.10777241,1704154167118,false,true
4000004677,64913.29,0.11258546,7308.29261476,1704154167141,true,true
4000004678,64912.24,0.03858443,2504.60178042,1704154167194,true,true
4000004679,64911.95,0.03016301,1957.93979697,1704154167668,false,true
4000004680,64911.31,0.08308725,5393.30224180,1704154167676,false,true
4000004681,64911.07,0.05917806,3841.31119512,1704154167682,true,true
4000004682,64910.84,0.06401120,4155.02076141,1704154167727,false,true
4000004683,64908.45,0.05992443,3889.60186843,1704154167782,true,true
4000004684,64909.42,0.08239746,5348.37133807,1704154167952,true,true
4000004685,64909.34,0.03738274,2426.48898079,1704154168029,true,true
4000004686,64908.59,0.07443332,4831.36185022,1704154168134,true,true
4000004687,64908.96,0.08009066,5198.60144631,1704154168162,true,true
4000004688,64908.13,0.09123834,5922.11003370,1704154168193,true,true
4000004689,64908.84,0.06729095,4367.77750700,1704154168386,false,true
4000004690,64908.44,0.03314056,2151.10205033,1704154168699,true,true
4000004691,64909.94,0.04625815,3002.61374101,1704154168779,false,true
4000004692,64909.07,0.04610564,2992.67421415,1704154168787,true,true
4000004693,64909.52,0.02585402,1678.17202827,1704154168788,false,true
4000004694,64910.23,0.02836154,1840.95408455,1704154168796,false,true
4000004695,64910.88,0.09037436,5866.27923704,1704154168845,false,true
4000004696,64909.14,0.01564459,1015.47688255,1704154168927,true,true
4000004697,64909.73,0.02546049,1652.63353157,1704154169030,false,true
4000004698,64910.90,0.07416015,4813.80208063,1704154169073,false,true
4000004699,64912.04,0.02989392,1940.47533080,1704154169146,true,true
4000004700,64911.42,0.06397507,4152.71263830,1704154169257,true,true
4000004701,64912.55,0.06145872,3989.44223494,1704154169320,false,true
4000004702,64910.95,0.03314526,2151.49031460,1704154169443,true,true
4000004703,64907.49,0.09888450,6418.34469490,1704154169560,false,true
4000004704,64905.24,0.03087278,2003.80519537,1704154169574,true,true
4000004705,64903.46,0.04288322,2783.26935394,1704154169681,false,true
4000004706,64902.44,0.04589935,2978.97980941,1704154169835,true,true
4000004707,64903.59,0.11153473,7239.00438668,1704154169900,true,true
4000004708,64900.52,0.04177329,2711.10824311,1704154169943,false,true
4000004709,64899.95,0.20159731,13083.65533913,1704154169987,true,true
4000004710,64899.97,0.01376080,893.07550718,1704154170148,true,true
4000004711,64898.64,0.03629474,2355.47926515,1704154170409,true,true
4000004712,64899.98,0.01620277,1051.55944894,1704154170563,false,true
4000004713,64898.97,0.09037584,5865.29892888,1704154170732,true,true
4000004714,64899.23,0.04248971,2757.54946192,1704154170804,false,true
4000004715,64897.23,0.03066967,1990.37662801,1704154171088,true,true
4000004716,64898.78,0.01943755,1261.47328119,1704154171132,true,true
4000004717,64896.80,0.04030998,2615.98871006,1704154171207,true,true
4000004718,64897.01,0.05257959,3412.25817803,1704154171315,false,true
4000004719,64895.88,0.22028833,14295.80502908,1704154171523,true,true
4000004720,64896.51,0.01777076,1153.26030405,1704154171608,false,true
4000004721,64897.73,0.02972612,1929.15770971,1704154171700,false,true
4000004722,64899.73,0.08088978,5249.72488176,1704154171729,true,true
4000004723,64897.34,0.04913338,3188.62566721,1704154171744,true,true
4000004724,64898.27,0.06241822,4050.83449448,1704154171828,true,true
4000004725,64897.16,0.04451985,2889.21182863,1704154171935,true,true
4000004726,64897.39,0.04599764,2985.12678216,1704154172068,true,true
4000004727,64899.23,0.02115698,1373.07171113,1704154172301,true,true
4000004728,64900.01,0.02844657,1846.18267747,1704154172358,true,true
4000004729,64901.71,0.12997778,8435.78018400,1704154172467,true,true
4000004730,64902.17,0.14166097,9194.10435730,1704154172687,false,true
4000004731,64901.52,0.09635374,6253.50418368,1704154172862,true,true
4000004732,64899.20,0.06227808,4041.79756954,1704154173000,true,true
4000004733,64899.92,0.11637168,7552.51272227,1704154173170,false,true
4000004734,64900.69,0.06809591,4419.47154518,1704154173171,true,true
4000004735,64902.39,0.04132014,2681.77584113,1704154173693,true,true
4000004736,64901.66,0.11233498,7290.72667807,1704154173709,false,true
4000004737,64901.59,0.04201953,2727.13430805,1704154173803,false,true
4000004738,64902.77,0.01930970,1253.25301787,1704154173960,true,true
4000004739,64904.00,0.05761720,3739.58674880,1704154174004,true,true
4000004740,64903.79,0.03357817,2179.35049426,1704154174056,false,true
4000004741,64902.97,0.01843805,1196.68420601,1704154174115,false,true
4000004742,64900.38,0.10789134,7002.18896471,1704154174261,false,true
4000004743,64898.45,0.04759831,3089.05654162,1704154174290,true,true
4000004744,64898.55,0.11490852,7457.39633065,1704154174413,true,true
4000004745,64894.81,0.03183905,2066.18910033,1704154174643,true,true
4000004746,64893.57,0.06378751,4139.39924531,1704154174717,true,true
4000004747,64893.62,0.11934055,7744.44030229,1704154174931,true,true
4000004748,64893.73,0.09989084,6482.28920043,1704154174984,false,true
4000004749,64894.20,0.04121199,2674.41912146,1704154175046,false,true
4000004750,64894.02,0.04262350,2766.01026147,1704154175134,false,true
4000004751,64894.12,0.09978759,6475.62783997,1704154175375,false,true
4000004752,64892.68,0.04201076,2726.19080524,1704154175434,true,true
4000004753,64895.85,0.05199564,3374.30125409,1704154175526,false,true
4000004754,64895.06,0.06884687,4467.82175946,1704154175678,false,true
4000004755,64894.74,0.05437531,3528.67160487,1704154176565,false,true
4000004756,64891.35,0.07077533,4592.70671040,1704154176593,true,true
4000004757,64888.78,0.03915611,2540.79220745,1704154176658,true,true
4000004758,64888.40,0.25383586,16471.00281802,1704154176662,true,true
4000004759,64887.53,0.02584520,1677.03119036,1704154177151,false,true
4000004760,64888.32,0.05087248,3301.02976143,1704154177219,false,true
4000004761,64889.88,0.03741628,2427.93791925,1704154177344,false,true
4000004762,64889.18,0.02771175,1798.19273387,1704154177452,true,true
4000004763,64887.05,0.02791529,1811.34081799,1704154177559,true,true
4000004764,64886.66,0.04603113,2986.80628173,1704154177596,false,true
4000004765,64886.78,0.01310416,850.28674700,1704154177719,true,true
4000004766,64886.74,0.04767689,3093.59796544,1704154177807,false,true
4000004767,64886.84,0.03085406,2002.02245457,1704154177882,true,true
4000004768,64886.69,0.08434159,5472.64660444,1704154177896,true,true
4000004769,64885.97,0.01680288,1090.27116759,1704154177992,true,true
4000004770,64886.57,0.04084400,2650.22706508,1704154178067,false,true
4000004771,64886.80,0.04613958,2993.84969954,1704154178272,true,true
4000004772,64890.82,0.03238302,2101.36072188,1704154178449,true,true
4000004773,64892.23,0.01948210,1264.23691408,1704154178630,true,true
4000004774,64893.42,0.05592714,3629.30338542,1704154178717,false,true
4000004775,64892.90,0.04845952,3144.67878541,1704154178816,false,true
4000004776,64890.68,0.07079785,4594.12062904,1704154178847,true,true
4000004777,64890.83,0.09184161,5959.67830144,1704154178921,true,true
4000004778,64891.13,0.03954874,2566.36242868,1704154179037,true,true
4000004779,64890.63,0.04075450,2644.58518034,1704154179063,true,true
4000004780,64891.96,0.01691837,1097.86618931,1704154179088,true,true
4000004781,64892.49,0.06297570,4086.64998249,1704154179110,false,true
4000004782,64893.57,0.05609002,3639.88163917,1704154179133,true,true
4000004783,64895.64,0.01976508,1282.66751625,1704154179293,true,true
4000004784,64894.66,0.08451490,5484.56570043,1704154179470,false,true
4000004785,64895.11,0.05431926,3525.05435282,1704154179616,true,true
4000004786,64895.71,0.03332966,2162.95194976,1704154179637,true,true
4000004787,64893.99,0.10653622,6913.56039532,1704154179765,true,true
4000004788,64895.52,0.06430292,4172.97143092,1704154179778,true,true
4000004789,64894.99,0.03892420,2525.98556976,1704154179876,true,true
4000004790,64893.13,0.05933272,3850.28591221,1704154179956,true,true
4000004791,64892.99,0.00903163,586.08947527,1704154180062,true,true
4000004792,64893.24,0.07166222,4650.39364139,1704154180147,false,true
4000004793,64893.00,0.06881000,4465.28733000,1704154180185,false,true
4000004794,64894.59,0.02882932,1870.86690138,1704154180252,false,true
4000004795,64896.68,0.10134487,6576.94559803,1704154180278,false,true
4000004796,64895.56,0.07678817,4983.21129353,1704154180308,true,true
4000004797,64894.76,0.05275358,3423.43091324,1704154180456,false,true
4000004798,64896.37,0.17038835,11057.58540529,1704154180460,false,true
4000004799,64894.31,0.02788388,1809.50515272,1704154180739,false,true
4000004800,64893.65,0.05905295,3832.16146877,1704154180766,true,true
4000004801,64895.48,0.04073207,2643.32723404,1704154180844,false,true
4000004802,64895.20,0.04566269,2963.28940009,1704154180878,false,true
4000004803,64893.92,0.12654701,8212.13154318,1704154180881,true,true
4000004804,64892.00,0.06102197,3959.83767724,1704154181055,false,true
4000004805,64893.53,0.05762054,3739.20024111,1704154181069,false,true
4000004806,64892.18,0.04312240,2798.30654283,1704154181157,false,true
4000004807,64893.74,0.02797825,1815.61328115,1704154181182,false,true
4000004808,64896.37,0.05953350,3863.50804340,1704154181500,false,true
4000004809,64896.72,0.01878431,1219.04010646,1704154182340,true,true
4000004810,64897.38,0.06312046,4096.35247839,1704154182756,true,true
4000004811,64897.22,0.05055189,3280.67712675,1704154182791,false,true
4000004812,64900.96,0.08674208,5629.64426440,1704154182969,true,true
4000004813,64900.29,0.13809806,8962.60414244,1704154182994,true,true
4000004814,64901.56,0.09893636,6421.12410472,1704154183046,false,true
4000004815,64901.98,0.10897776,7072.87239996,1704154183065,true,true
4000004816,64901.61,0.01232397,799.84549459,1704154183174,true,true
4000004817,64900.71,0.14300501,9281.12668256,1704154183254,true,true
4000004818,64901.55,0.10614975,6889.28330711,1704154183279,false,true
4000004819,64900.71,0.03236418,2100.45826057,1704154183599,false,true
4000004820,64900.14,0.05230637,3394.69073589,1704154183812,false,true
4000004821,64900.08,0.04389457,2848.76110457,1704154183829,true,true
4000004822,64902.62,0.03485979,2262.49170365,1704154183926,false,true
4000004823,64902.92,0.05562708,3610.35992307,1704154184032,false,true
4000004824,64905.66,0.13005506,8441.30950564,1704154184351,true,true
4000004825,64907.84,0.08992838,5837.05690050,1704154184415,true,true
4000004826,64907.89,0.03058609,1985.27856525,1704154184510,true,true
4000004827,64906.49,0.07122671,4623.07574035,1704154184773,false,true
4000004828,64908.62,0.04483931,2910.45773385,1704154184850,false,true
4000004829,64911.74,0.04964205,3222.35184267,1704154184889,true,true
4000004830,64911.44,0.05181580,3363.43819275,1704154184961,true,true
4000004831,64909.29,0.01267939,823.01020253,1704154184975,true,true
4000004832,64910.45,0.05532022,3590.86037430,1704154184992,true,true
4000004833,64910.06,0.05356641,3476.99888708,1704154185158,false,true
4000004834,64910.35,0.01244487,807.80086740,1704154185514,true,true
4000004835,64910.94,0.10944392,7104.10772448,1704154185531,true,true
4000004836,64911.35,0.08277804,5373.23432675,1704154185628,false,true
4000004837,64910.22,0.04854641,3151.15815331,1704154185632,true,true
4000004838,64910.78,0.07148572,4640.19384406,1704154185698,true,true
4000004839,64910.64,0.07327068,4756.04673204,1704154185699,true,true
4000004840,64911.43,0.05784406,3754.74065161,1704154185783,true,true
4000004841,64912.18,0.04401172,2856.89669075,1704154186074,false,true
4000004842,64913.16,0.05019225,3258.13755501,1704154186081,false,true
4000004843,64914.88,0.05431142,3525.61931193,1704154186124,false,true
4000004844,64914.56,0.02759271,1791.16862886,1704154186138,false,true
4000004845,64916.28,0.05110884,3317.79576792,1704154186326,true,true
4000004846,64917.01,0.04993029,3241.32513523,1704154186526,false,true
4000004847,64920.53,0.06208435,4030.54890671,1704154186586,true,true
4000004848,64920.57,0.02151258,1396.60895577,1704154186604,true,true
4000004849,64917.24,0.05248764,3407.35272291,1704154186713,true,true
4000004850,64914.82,0.04069064,2641.42557128,1704154186881,true,true
4000004851,64913.77,0.03348035,2173.33573942,1704154187046,true,true
4000004852,64912.44,0.27725955,17997.59390380,1704154187403,true,true
4000004853,64913.64,0.02850850,1850.59050594,1704154187440,false,true
4000004854,64913.65,0.06066713,3938.12484332,1704154187651,true,true
4000004855,64915.35,0.04415257,2866.17953495,1704154187686,true,true
4000004856,64915.82,0.06008595,3900.52871473,1704154188068,true,true
4000004857,64916.38,0.05714802,3709.84258257,1704154188115,true,true
4000004858,64915.43,0.02609166,1693.75132831,1704154188152,false,true
4000004859,64913.02,0.04960443,3219.97335668,1704154188198,true,true
4000004860,64913.93,0.04680071,3038.01801289,1704154188433,false,true
4000004861,64915.28,0.05220012,3388.58540583,1704154188467,false,true
4000004862,64914.98,0.05400444,3505.69714251,1704154188826,false,true
4000004863,64914.13,0.03763225,2442.86476869,1704154188978,true,true
4000004864,64915.12,0.03083676,2001.77197581,1704154188984,false,true
4000004865,64915.85,0.05623929,3650.82131375,1704154189143,true,true
4000004866,64916.68,0.02088336,1355.67839844,1704154189155,true,true
4000004867,64913.46,0.04711880,3058.64433905,1704154189245,true,true
4000004868,64911.45,0.02789825,1810.91585996,1704154189265,true,true
4000004869,64912.06,0.04054723,2632.00422659,1704154189351,true,true
4000004870,64913.07,0.06102416,3961.26556977,1704154189369,false,true
4000004871,64913.52,0.18564385,12050.79576985,1704154189395,true,true
4000004872,64912.19,0.19575566,12706.92859550,1704154190077,false,true
4000004873,64913.38,0.05281067,3428.11908976,1704154190089,false,true
4000004874,64913.85,0.01164446,755.88672977,1704154190139,true,true
4000004875,64911.77,0.03791337,2461.02395336,1704154190262,true,true
4000004876,64912.65,0.01026080,666.05571912,1704154190264,false,true
4000004877,64911.12,0.01677005,1088.56272796,1704154190268,false,true
4000004878,64910.26,0.05424255,3520.89802356,1704154190337,false,true
4000004879,64910.86,0.05190095,3368.93529932,1704154190429,true,true
4000004880,64910.52,0.05194336,3371.67050815,1704154190600,true,true
4000004881,64912.36,0.23247178,15090.29187320,1704154190766,false,true
4000004882,64913.71,0.03753502,2436.53740312,1704154190782,false,true
4000004883,64913.08,0.03389527,2200.24637313,1704154190840,true,true
4000004884,64911.56,0.05044956,3274.75964091,1704154190871,true,true
4000004885,64912.75,0.01567153,1017.28210901,1704154191046,true,true
4000004886,64911.88,0.12203154,7921.29668070,1704154191091,true,true
4000004887,64912.23,0.06756227,4385.61760956,1704154191639,false,true
4000004888,64912.95,0.03332121,2162.97803867,1704154191642,true,true
4000004889,64912.02,0.03437888,2231.60254614,1704154191728,false,true
4000004890,64911.94,0.02157017,1400.16158083,1704154191892,false,true
4000004891,64911.13,0.05088309,3302.87886979,1704154191994,false,true
4000004892,64909.66,0.06946904,4509.21176693,1704154192017,false,true
4000004893,64911.90,0.03452748,2241.24432901,1704154192033,true,true
4000004894,64908.48,0.07304209,4741.05103792,1704154192574,false,true
4000004895,64905.71,0.04668619,3030.20030914,1704154192635,true,true
4000004896,64904.40,0.10566438,6858.08318527,1704154192655,false,true
4000004897,64907.21,0.17520017,11371.75422623,1704154192776,true,true
4000004898,64902.54,0.10571228,6860.99548119,1704154192848,true,true
4000004899,64903.24,0.03441775,2233.82348851,1704154192928,true,true
4000004900,64904.25,0.02303087,1494.80134420,1704154193055,true,true
4000004901,64904.00,0.05665811,3677.33797144,1704154193069,true,true
4000004902,64902.32,0.04777365,3100.62071987,1704154193113,false,true
4000004903,64902.96,0.07082814,4596.95593729,1704154193321,true,true
4000004904,64902.53,0.08086759,5248.51118600,1704154193488,false,true
4000004905,64901.94,0.06347798,4119.84404928,1704154193499,false,true
4000004906,64902.32,0.02694364,1748.70474524,1704154193666,false,true
4000004907,64901.49,0.07784469,5052.23636959,1704154193689,true,true
4000004908,64903.55,0.04236542,2749.66615524,1704154193730,false,true
4000004909,64904.57,0.01972179,1280.03429958,1704154193884,false,true
4000004910,64903.63,0.05087053,3301.68205702,1704154193978,true,true
4000004911,64903.53,0.05048566,3276.69754838,1704154194011,true,true
4000004912,64903.86,0.12193248,7913.88861137,1704154194097,true,true
4000004913,64905.56,0.02202259,1429.38853660,1704154194190,true,true
4000004914,64905.12,0.14475556,9395.37699247,1704154194811,true,true
4000004915,64902.75,0.09824455,6376.34146751,1704154195045,false,true
4000004916,64904.58,0.00889694,577.45215399,1704154195066,false,true
4000004917,64905.47,0.03492374,2266.74175886,1704154195106,true,true
4000004918,64905.77,0.03471038,2252.90394089,1704154195121,true,true
4000004919,64904.76,0.06753048,4383.04959708,1704154195214,true,true
4000004920,64908.21,0.05194529,3371.67579183,1704154195227,false,true
4000004921,64907.85,0.01494467,970.02639866,1704154195774,false,true
4000004922,64908.00,0.06144120,3988.02540960,1704154195787,true,true
4000004923,64905.47,0.07238008,4697.86311104,1704154196091,true,true
4000004924,64906.06,0.05413700,3513.81937022,1704154196439,false,true
4000004925,64906.86,0.18394060,11939.00677252,1704154196454,false,true
4000004926,64908.57,0.08854663,5747.43513162,1704154196565,true,true
4000004927,64906.54,0.05994959,3891.12046132,1704154196754,false,true
4000004928,64908.13,0.08398826,5451.52089855,1704154197081,false,true
4000004929,64908.35,0.01208894,784.67314865,1704154197200,true,true
4000004930,64908.35,0.04118322,2673.13485789,1704154197212,true,true
4000004931,64906.70,0.01973973,1281.24073319,1704154197427,true,true
4000004932,64906.05,0.08269164,5367.18772042,1704154197443,false,true
4000004933,64906.47,0.09287910,6028.45451778,1704154197537,false,true
4000004934,64906.39,0.04418886,2868.13938082,1704154197639,true,true
4000004935,64905.17,0.01799889,1168.22101526,1704154197639,true,true
4000004936,64906.21,0.08350221,5419.81197772,1704154197795,true,true
4000004937,64902.83,0.06678859,4334.76850271,1704154197798,false,true
4000004938,64902.58,0.03813541,2475.08649836,1704154198263,true,true
4000004939,64904.29,0.14276352,9265.96490350,1704154198527,true,true
4000004940,64900.68,0.01959876,1271.97285116,1704154198611,false,true
4000004941,64901.37,0.06575676,4267.70381076,1704154198643,false,true
4000004942,64899.96,0.06125043,3975.15045698,1704154198930,true,true
4000004943,64902.52,0.05240763,3401.38725423,1704154199070,true,true
4000004944,64902.23,0.02855034,1852.98073326,1704154199322,false,true
4000004945,64901.98,0.04998372,3244.04239577,1704154199460,true,true
4000004946,64901.29,0.14069435,9131.24481071,1704154199721,false,true
4000004947,64902.12,0.04615324,2995.44312087,1704154199782,true,true
4000004948,64906.52,0.07838974,5088.00522710,1704154199962,true,true
4000004949,64903.89,0.03455325,2242.64033714,1704154200099,false,true
4000004950,64906.44,0.05720275,3712.82686071,1704154200154,true,true
4000004951,64904.42,0.07127279,4625.91909673,1704154200390,false,true
4000004952,64905.59,0.03730871,2421.54383469,1704154200652,true,true
4000004953,64906.38,0.07547202,4898.61560949,1704154200880,true,true
4000004954,64908.48,0.02515892,1633.02725564,1704154200880,false,true
4000004955,64909.38,0.04158281,2699.11441576,1704154201364,false,true
4000004956,64911.37,0.03924494,2547.44282097,1704154201643,true,true
4000004957,64912.91,0.13195668,8565.69209274,1704154201791,true,true
4000004958,64910.82,0.02195449,1425.08394858,1704154201833,true,true
4000004959,64911.86,0.02855563,1853.59905677,1704154201834,false,true
4000004960,64913.86,0.02997784,1945.97730886,1704154202041,true,true
4000004961,64914.35,0.03089224,2005.34967964,1704154202060,false,true
4000004962,64913.98,0.05925735,3846.63043275,1704154202116,false,true
4000004963,64914.62,0.02460025,1596.91588066,1704154202158,false,true
4000004964,64914.37,0.03227456,2095.08272943,1704154202501,true,true
4000004965,64915.05,0.03587265,2328.67486838,1704154202513,true,true
4000004966,64913.83,0.13424255,8714.19806947,1704154202553,true,true
4000004967,64912.72,0.05019490,3258.28748913,1704154202637,true,true
4000004968,64913.53,0.02434581,1580.37246781,1704154203036,false,true
4000004969,64913.07,0.07523974,4884.04250940,1704154203206,false,true
4000004970,64913.67,0.04306849,2795.73374726,1704154203215,true,true
4000004971,64912.09,0.06230435,4044.30557459,1704154203232,true,true
4000004972,64910.05,0.02857545,1854.83388827,1704154203244,false,true
4000004973,64909.51,0.06516408,4229.76850240,1704154203371,true,true
4000004974,64909.71,0.01674707,1087.04745705,1704154203403,false,true
4000004975,64909.10,0.06304051,4091.90276764,1704154203474,true,true
4000004976,64908.77,0.00800702,519.72581957,1704154203542,true,true
4000004977,64908.00,0.05401144,3505.77454752,1704154203614,false,true
4000004978,64908.95,0.05357943,3477.78454290,1704154203691,true,true
4000004979,64907.28,0.11459335,7437.94265459,1704154203772,true,true
4000004980,64909.67,0.04842140,3143.01709494,1704154203932,false,true
4000004981,64910.01,0.09846059,6391.07788151,1704154203964,false,true
4000004982,64910.92,0.05196091,3372.83047214,1704154204179,false,true
4000004983,64911.83,0.02749580,1784.80269531,1704154204255,false,true
4000004984,64912.02,0.05950818,3862.79617032,1704154204305,true,true
4000004985,64912.20,0.02755245,1788.49014489,1704154204802,true,true
4000004986,64912.92,0.03938128,2556.35387814,1704154204846,true,true
4000004987,64914.34,0.05964520,3871.82879217,1704154204847,false,true
4000004988,64913.54,0.03099539,2012.02048858,1704154204928,false,true
4000004989,64916.01,0.07993726,5189.20796953,1704154204979,false,true
4000004990,64915.46,0.01061657,689.17952517,1704154205046,false,true
4000004991,64916.72,0.09328684,6055.87567196,1704154205140,false,true
4000004992,64916.24,0.01626271,1055.71398541,1704154205205,true,true
4000004993,64916.07,0.04385902,2847.15521245,1704154205518,false,true
4000004994,64914.66,0.04580768,2973.58997259,1704154205542,true,true
4000004995,64913.80,0.01876142,1217.87506560,1704154205579,true,true
4000004996,64913.61,0.05590714,3629.13428218,1704154205803,true,true
4000004997,64913.83,0.02548589,1654.38673086,1704154205972,true,true
4000004998,64915.06,0.04335330,2814.28207070,1704154206042,true,true
4000004999,64915.05,0.05415604,3515.54204440,1704154206175,false,true
4000005000,64914.37,0.09027940,5860.43037498,1704154206261,true,true
4000005001,64915.61,0.03101682,2013.47579056,1704154206297,false,true
4000005002,64915.08,0.05490180,3563.95473914,1704154206300,true,true
4000005003,64915.93,0.02634560,1710.24912541,1704154206324,false,true
4000005004,64916.29,0.09018156,5854.25230161,1704154206399,true,true
4000005005,64916.43,0.06122337,3974.40261297,1704154206758,false,true
4000005006,64916.83,0.06253825,4059.78494375,1704154206983,true,true
4000005007,64917.83,0.02331757,1513.72604527,1704154207099,false,true
4000005008,64918.50,0.04729365,3070.23281752,1704154207287,false,true
4000005009,64920.13,0.14137697,9178.21127141,1704154207329,false,true
4000005010,64920.89,0.02968761,1927.34606317,1704154207333,true,true
4000005011,64921.19,0.06423732,4170.36325681,1704154207441,false,true
4000005012,64921.94,0.15634052,10149.92985901,1704154207444,false,true
4000005013,64922.57,0.08761012,5687.87414841,1704154207549,true,true
4000005014,64921.96,0.04604108,2989.07715412,1704154207587,true,true
4000005015,64921.47,0.03260193,2116.56522044,1704154207594,true,true
4000005016,64918.71,0.03533858,2294.13502683,1704154207862,false,true
4000005017,64918.90,0.01294282,840.23363730,1704154207872,true,true
4000005018,64920.28,0.03703833,2404.53875433,1704154208145,true,true
4000005019,64918.93,0.01345849,873.71077022,1704154208172,false,true
4000005020,64920.01,0.14214607,9228.12428586,1704154208482,false,true
4000005021,64919.28,0.06740852,4376.11258427,1704154208688,false,true
4000005022,64919.90,0.07528787,4887.68099161,1704154209170,false,true
4000005023,64920.03,0.04846026,3146.04153301,1704154209273,false,true
4000005024,64919.90,0.01827186,1186.20732401,1704154209280,false,true
4000005025,64921.35,0.02843578,1846.08922590,1704154209819,true,true
4000005026,64920.34,0.11445494,7430.45361948,1704154209935,false,true
4000005027,64921.89,0.09752988,6331.82414107,1704154210019,true,true
4000005028,64921.30,0.04684890,3041.49149157,1704154210034,true,true
4000005029,64920.29,0.07167587,4653.21826640,1704154210494,false,true
4000005030,64918.89,0.03910428,2538.60645185,1704154210564,false,true
4000005031,64917.63,0.06685942,4340.35508957,1704154210587,false,true
4000005032,64918.81,0.02806907,1822.21062221,1704154211059,false,true
4000005033,64917.86,0.03904044,2534.42181826,1704154211169,true,true
4000005034,64920.13,0.05755799,3736.67219334,1704154211267,true,true
4000005035,64920.10,0.05217239,3387.03677604,1704154211900,true,true
4000005036,64920.16,0.01565410,1016.26667666,1704154211905,false,true
4000005037,64922.42,0.05314765,3450.47405531,1704154212306,false,true
4000005038,64923.50,0.02561562,1663.05570507,1704154212490,false,true
4000005039,64925.54,0.02775311,1801.88565343,1704154212757,true,true
4000005040,64925.57,0.05832401,3786.71959394,1704154212863,false,true
4000005041,64926.57,0.05484163,3560.67892911,1704154212916,true,true
4000005042,64926.91,0.07322119,4754.02561322,1704154212938,false,true
4000005043,64926.65,0.05722889,3715.68011092,1704154213233,true,true
4000005044,64927.10,0.02978539,1933.87899507,1704154213248,true,true
4000005045,64927.87,0.03761099,2442.00146929,1704154213297,false,true
4000005046,64927.26,0.01425925,925.81403215,1704154213361,false,true
4000005047,64925.44,0.04898161,3180.15258116,1704154213509,true,true
4000005048,64925.68,0.07312323,4747.57543155,1704154213535,true,true
4000005049,64927.14,0.13523762,8780.59188701,1704154213557,false,true
4000005050,64926.99,0.05163261,3352.34995314,1704154213610,true,true
4000005051,64926.95,0.02371648,1539.83871114,1704154213626,true,true
4000005052,64928.19,0.01989263,1291.59246024,1704154213637,true,true
4000005053,64928.55,0.04339527,2817.59195796,1704154213810,true,true
4000005054,64926.11,0.11316449,7347.33012583,1704154213929,true,true
4000005055,64926.79,0.04567857,2965.76292189,1704154214014,false,true
4000005056,64927.32,0.09587893,6225.16196937,1704154214072,false,true
4000005057,64928.99,0.15064632,9781.31340482,1704154214185,false,true
4000005058,64930.36,0.02644148,1716.85481533,1704154214474,true,true
4000005059,64928.08,0.21718122,14101.15962666,1704154214491,false,true
4000005060,64927.63,0.05783716,3755.22972473,1704154214573,false,true
4000005061,64927.79,0.09141680,5935.49079287,1704154214814,true,true
4000005062,64927.60,0.08405494,5457.48552234,1704154214902,true,true
4000005063,64928.55,0.03989797,2590.51734004,1704154215197,false,true
4000005064,64927.64,0.01501788,975.07550620,1704154215271,false,true
4000005065,64927.67,0.04354695,2827.40199911,1704154215292,true,true
4000005066,64927.58,0.02386774,1549.67459827,1704154215551,false,true
4000005067,64927.46,0.07366314,4782.76057582,1704154215559,true,true
4000005068,64926.43,0.01648924,1070.58748661,1704154215606,false,true
4000005069,64926.13,0.12913544,8384.26436505,1704154215715,false,true
4000005070,64926.96,0.06557242,4257.41789044,1704154215806,true,true
4000005071,64923.98,0.08084460,5248.75319351,1704154215824,false,true
4000005072,64920.21,0.07038692,4569.53362765,1704154215992,false,true
4000005073,64920.74,0.03829233,2485.96639992,1704154216090,false,true
4000005074,64920.46,0.03207485,2082.31401643,1704154216138,true,true
4000005075,64922.76,0.03215486,2087.58225861,1704154216304,true,true
4000005076,64923.95,0.04532443,2942.64102710,1704154216388,true,true
4000005077,64922.11,0.07133333,4631.11029693,1704154216415,true,true
4000005078,64922.38,0.07641217,4960.85993736,1704154216526,false,true
4000005079,64921.13,0.04091035,2655.94615070,1704154216646,false,true
4000005080,64922.35,0.06060456,3934.59045592,1704154216782,true,true
4000005081,64923.46,0.04436609,2880.40006947,1704154216832,true,true
4000005082,64920.95,0.04887181,3172.80433342,1704154216926,true,true
4000005083,64921.81,0.02590363,1681.71054517,1704154216974,true,true
4000005084,64919.46,0.07530858,4888.99234697,1704154217168,false,true
4000005085,64921.15,0.05419645,3518.49585992,1704154217184,false,true
4000005086,64920.40,0.04157900,2699.32531160,1704154217214,false,true
4000005087,64920.95,0.01503736,976.23969669,1704154217224,true,true
4000005088,64920.20,0.04147652,2692.66397370,1704154217249,false,true
4000005089,64918.79,0.11270564,7316.71377498,1704154217303,true,true
4000005090,64919.74,0.01308274,849.32807929,1704154217479,false,true
4000005091,64921.29,0.04776628,3101.04851610,1704154217505,true,true
4000005092,64921.48,0.01454396,944.21540826,1704154217516,true,true
4000005093,64923.87,0.03502832,2274.17409400,1704154217555,false,true
4000005094,64923.43,0.10708187,6952.12229121,1704154217748,true,true
4000005095,64921.78,0.02917530,1894.11240803,1704154217970,false,true
4000005096,64921.06,0.05594028,3631.70227430,1704154218008,false,true
4000005097,64921.70,0.03094187,2008.79880158,1704154218419,true,true
4000005098,64921.09,0.06761011,4389.32203622,1704154218644,false,true
4000005099,64920.92,0.04555174,2957.26086840,1704154218653,false,true
4000005100,64920.87,0.03889451,2525.06542742,1704154218710,false,true
4000005101,64921.47,0.11063417,7182.53294863,1704154218754,false,true
4000005102,64920.88,0.05297827,3439.39590928,1704154218814,true,true
4000005103,64921.32,0.05033884,3268.06394007,1704154219149,true,true
4000005104,64922.34,0.08605888,5587.14386738,1704154219212,false,true
4000005105,64919.71,0.11104982,7209.32210995,1704154219434,true,true
4000005106,64923.38,0.08691244,5642.64936885,1704154219495,true,true
4000005107,64923.72,0.10256330,6658.79097148,1704154219496,true,true
4000005108,64922.79,0.04135271,2684.73330726,1704154219535,false,true
4000005109,64925.05,0.09130524,5927.99727226,1704154219778,true,true
4000005110,64924.60,0.03485919,2263.21896707,1704154219805,true,true
4000005111,64924.41,0.05259857,3414.93112409,1704154219925,true,true
4000005112,64924.28,0.06482143,4208.48467132,1704154219943,false,true
4000005113,64924.48,0.06489741,4213.43059760,1704154220230,false,true
4000005114,64923.73,0.18277796,11866.62692499,1704154220254,false,true
4000005115,64920.75,0.06353779,4124.92098014,1704154220334,true,true
4000005116,64917.94,0.09537072,6191.27067872,1704154220578,false,true
4000005117,64918.22,0.07769015,5043.50624953,1704154220700,false,true
4000005118,64919.33,0.05722443,3714.97165523,1704154220708,false,true
4000005119,64918.72,0.08105259,5261.83039548,1704154220780,true,true
4000005120,64921.44,0.04929031,3199.99790325,1704154220899,false,true
4000005121,64921.89,0.07996208,5191.28936193,1704154221166,false,true
4000005122,64921.66,0.07539376,4894.68805284,1704154221350,false,true
4000005123,64923.14,0.06953535,4514.45326300,1704154221402,false,true
4000005124,64923.63,0.01749801,1136.03432698,1704154221463,true,true
4000005125,64923.57,0.10900240,7076.82494657,1704154221485,true,true
4000005126,64925.30,0.02399409,1557.82349148,1704154221516,false,true
4000005127,64925.72,0.03807305,2471.92018385,1704154221521,true,true
4000005128,64925.39,0.03550851,2305.40386007,1704154221686,true,true
4000005129,64925.18,0.11913612,7734.93403550,1704154221686,true,true
4000005130,64924.29,0.09108854,5913.85878664,1704154221957,false,true
4000005131,64920.88,0.05896960,3828.35832525,1704154222018,false,true
4000005132,64920.66,0.08408293,5458.71931033,1704154222020,true,true
4000005133,64921.22,0.02347399,1523.96006907,1704154222115,false,true
4000005134,64921.11,0.09404836,6105.72392488,1704154222349,false,true
4000005135,64919.56,0.02395149,1554.92019214,1704154222425,false,true
4000005136,64921.23,0.04100515,2662.10477433,1704154222501,false,true
4000005137,64920.13,0.07118315,4621.21935181,1704154222576,true,true
4000005138,64918.50,0.01907242,1238.15289777,1704154222613,true,true
4000005139,64917.12,0.07067759,4588.18559134,1704154222674,true,true
4000005140,64917.30,0.10669621,6926.42987343,1704154223091,true,true
4000005141,64919.21,0.07169861,4654.61711930,1704154223102,true,true
4000005142,64918.01,0.08404817,5456.23994054,1704154223106,true,true
4000005143,64919.47,0.06367843,4133.96992603,1704154223128,true,true
4000005144,64919.59,0.04640058,3012.30662936,1704154223178,true,true
4000005145,64918.92,0.02197028,1426.28684970,1704154223238,true,true
4000005146,64918.66,0.07659964,4972.74598528,1704154223505,false,true
4000005147,64921.66,0.06529150,4238.83256389,1704154223540,false,true
4000005148,64921.50,0.09363920,6079.19732280,1704154223569,true,true
4000005149,64919.86,0.08436566,5477.00683601,1704154223571,true,true
4000005150,64918.03,0.08461692,5493.16375107,1704154223587,true,true
4000005151,64918.86,0.04278344,2777.45215168,1704154223653,false,true
4000005152,64920.83,0.01785237,1158.99067787,1704154223840,true,true
4000005153,64918.98,0.02538120,1647.72161518,1704154223970,false,true
4000005154,64918.07,0.05968124,3874.39091601,1704154224110,true,true
4000005155,64918.23,0.04204760,2729.65576775,1704154224138,false,true
4000005156,64917.18,0.06492295,4214.61483128,1704154224286,true,true
4000005157,64916.18,0.01609673,1044.93822209,1704154224368,true,true
4000005158,64914.28,0.08942832,5805.17500441,1704154225012,false,true
4000005159,64914.15,0.05600156,3635.29366607,1704154225057,true,true
4000005160,64915.89,0.11806282,7664.15303621,1704154225064,true,true
4000005161,64914.79,0.02698075,1751.44972029,1704154225244,true,true
4000005162,64913.40,0.04218990,2738.68985466,1704154225247,true,true
4000005163,64912.69,0.06385248,4144.83623997,1704154225256,false,true
4000005164,64912.84,0.02279708,1479.82320651,1704154225539,true,true
4000005165,64913.77,0.05185446,3366.06848991,1704154225647,true,true
4000005166,64913.95,0.02454148,1593.08440565,1704154225786,true,true
4000005167,64912.33,0.03694565,2398.22822486,1704154225801,false,true
4000005168,64913.59,0.10788732,7003.35325668,1704154225984,true,true
4000005169,64913.74,0.03242713,2104.96628577,1704154226151,false,true
4000005170,64915.30,0.03527910,2290.15336023,1704154226197,true,true
4000005171,64915.19,0.09200049,5972.22928844,1704154226200,false,true
4000005172,64914.81,0.02277179,1478.22642121,1704154226336,true,true
4000005173,64915.41,0.04784402,3105.81417435,1704154226731,true,true
4000005174,64914.01,0.27778986,18032.45374994,1704154226733,true,true
4000005175,64913.51,0.13799979,8958.05074816,1704154226800,true,true
4000005176,64914.89,0.05516627,3581.11234876,1704154226919,false,true
4000005177,64915.54,0.02786333,1808.76311315,1704154226956,false,true
4000005178,64914.87,0.04000895,2597.17578809,1704154226988,true,true
4000005179,64916.88,0.02982692,1936.27058641,1704154227180,false,true
4000005180,64917.72,0.02118381,1375.20464611,1704154227327,true,true
4000005181,64917.97,0.04038433,2621.66872341,1704154227341,true,true
4000005182,64915.18,0.06181414,4012.67602465,1704154227466,false,true
4000005183,64916.27,0.04362343,2831.87036021,1704154227481,false,true
4000005184,64917.57,0.03054556,1982.94352949,1704154227658,true,true
4000005185,64918.16,0.04377385,2841.71779812,1704154227694,true,true
4000005186,64918.61,0.01311139,851.17321397,1704154227983,true,true
4000005187,64918.25,0.04018380,2608.66197435,1704154228333,false,true
4000005188,64918.36,0.03732904,2423.34005717,1704154228447,false,true
4000005189,64919.48,0.10106647,6561.18267784,1704154228711,false,true
4000005190,64919.97,0.09963912,6468.56868123,1704154228802,true,true
4000005191,64922.89,0.02009350,1304.52809022,1704154228823,false,true
4000005192,64923.40,0.06698120,4348.64724008,1704154228922,true,true
4000005193,64921.97,0.02163858,1404.81924160,1704154229152,true,true
4000005194,64920.37,0.18138691,11775.70531036,1704154229154,true,true
4000005195,64921.39,0.08847092,5743.65510098,1704154229205,true,true
4000005196,64919.51,0.03554968,2307.86780626,1704154229245,false,true
4000005197,64921.10,0.07028117,4562.73086569,1704154229357,false,true
4000005198,64922.57,0.08467049,5497.02581396,1704154229601,true,true
4000005199,64923.34,0.09087719,5900.05070461,1704154229602,false,true
4000005200,64924.09,0.05342737,3468.72337834,1704154229724,false,true
4000005201,64922.13,0.06300644,4090.51228852,1704154230369,true,true
4000005202,64920.25,0.07652345,4967.92150486,1704154230410,true,true
4000005203,64920.76,0.14436249,9372.12256629,1704154230541,false,true
4000005204,64919.95,0.03282030,2130.69223499,1704154230756,true,true
4000005205,64919.80,0.05031644,3266.53322151,1704154230922,false,true
4000005206,64919.21,0.11677124,7580.69665152,1704154230966,true,true
4000005207,64918.45,0.03076680,1997.33296746,1704154230968,false,true
4000005208,64921.21,0.10415819,6762.07572621,1704154231044,true,true
4000005209,64921.22,0.07319070,4751.62953665,1704154231149,true,true
4000005210,64919.04,0.09299367,6037.05978248,1704154231184,true,true
4000005211,64917.31,0.10170522,6602.42929536,1704154231497,false,true
4000005212,64916.93,0.08756870,5684.69116809,1704154231677,false,true
4000005213,64916.77,0.04246430,2756.64519631,1704154231826,false,true
4000005214,64915.27,0.06896869,4477.12113290,1704154231921,false,true
4000005215,64914.00,0.06184434,4014.56348676,1704154232063,true,true
4000005216,64916.86,0.04004788,2599.78261926,1704154232102,true,true
4000005217,64918.08,0.03033311,1969.16726163,1704154232156,false,true
4000005218,64917.76,0.02626914,1705.33372593,1704154232247,false,true
4000005219,64917.39,0.12724077,8260.13868999,1704154233118,false,true
4000005220,64918.39,0.04496364,2918.96711734,1704154233182,false,true
4000005221,64915.98,0.06325592,4106.32003760,1704154233247,true,true
4000005222,64915.33,0.04255272,2762.32386120,1704154233351,true,true
4000005223,64912.20,0.05680474,3687.32064383,1704154233645,true,true
4000005224,64912.50,0.05779027,3751.31090137,1704154233761,false,true
4000005225,64911.85,0.06328127,4107.70430605,1704154233881,false,true
4000005226,64913.33,0.05221528,3389.46770168,1704154233956,false,true
4000005227,64915.05,0.03588620,2329.55446731,1704154234234,false,true
4000005228,64912.08,0.16884925,10960.35602394,1704154234603,true,true
4000005229,64911.62,0.03740872,2428.26061733,1704154234718,true,true
4000005230,64913.34,0.03982200,2584.97902548,1704154234892,false,true
4000005231,64913.07,0.01512564,981.85172811,1704154234982,false,true
4000005232,64912.68,0.02645716,1717.40516079,1704154235292,false,true
4000005233,64911.57,0.06138430,3984.55128635,1704154235385,false,true
4000005234,64914.88,0.07765036,5040.66380136,1704154235666,true,true
4000005235,64915.13,0.03901117,2532.41517200,1704154235759,false,true
4000005236,64916.03,0.12898549,8373.22593840,1704154236348,false,true
4000005237,64915.74,0.05439342,3530.98911043,1704154236390,true,true
4000005238,64919.52,0.08340948,5414.90340505,1704154236722,true,true
4000005239,64920.72,0.09697924,6295.96208585,1704154236730,true,true
4000005240,64921.34,0.01930436,1253.26491904,1704154236969,true,true
4000005241,64922.93,0.02468379,1602.54397030,1704154236999,true,true
4000005242,64923.64,0.06577405,4270.29074354,1704154237084,true,true
4000005243,64924.81,0.10037443,6516.79079661,1704154237101,true,true
4000005244,64923.31,0.03330152,2162.04490643,1704154237324,true,true
4000005245,64922.68,0.06332208,4111.03913677,1704154237675,true,true
4000005246,64924.74,0.13413715,8708.81958809,1704154238111,false,true
4000005247,64924.45,0.04246147,2756.78758594,1704154238162,false,true
4000005248,64924.66,0.10851416,7045.24494319,1704154238231,false,true
4000005249,64922.67,0.02534521,1645.47870491,1704154238268,true,true
4000005250,64923.87,0.03562742,2313.06998452,1704154238373,true,true
4000005251,64926.32,0.04298550,2790.89032836,1704154238855,true,true
4000005252,64930.47,0.07288872,4732.69884730,1704154238950,false,true
4000005253,64930.91,0.04201214,2727.88648125,1704154238985,true,true
4000005254,64932.34,0.03858813,2505.61757712,1704154238998,false,true
4000005255,64930.50,0.04399099,2856.35697620,1704154239018,true,true
4000005256,64930.79,0.01325233,860.48425624,1704154239202,true,true
4000005257,64930.89,0.04725284,3068.16895623,1704154239552,false,true
4000005258,64930.17,0.05089074,3304.34439963,1704154239583,false,true
4000005259,64931.01,0.05947557,3861.80883043,1704154239630,true,true
4000005260,64930.82,0.05278152,3427.14737445,1704154239715,false,true
4000005261,64930.47,0.04165703,2704.81053670,1704154239768,true,true
4000005262,64930.56,0.06431383,4175.93299764,1704154239904,true,true
4000005263,64931.35,0.04654364,3022.14137911,1704154240025,false,true
4000005264,64932.34,0.02496086,1620.76704821,1704154240052,false,true
4000005265,64931.36,0.05207299,3381.17005997,1704154240096,false,true
4000005266,64931.84,0.07904238,5132.36717138,1704154240136,true,true
4000005267,64930.13,0.06361550,4130.56268502,1704154240175,false,true
4000005268,64928.72,0.06563822,4261.80560768,1704154240242,true,true
4000005269,64929.43,0.06818577,4427.26318021,1704154240562,true,true
4000005270,64931.08,0.02718290,1765.01505453,1704154240610,false,true
4000005271,64931.42,0.02225754,1445.21367791,1704154240734,true,true
4000005272,64933.58,0.04393606,2852.92566689,1704154241195,true,true
4000005273,64935.44,0.08199680,5324.49828659,1704154241217,true,true
4000005274,64934.16,0.04382789,2845.92722172,1704154241277,false,true
4000005275,64934.55,0.04855822,3153.10616450,1704154241379,true,true
4000005276,64934.50,0.05130224,3331.28530328,1704154241548,false,true
4000005277,64934.16,0.01697834,1102.47424609,1704154241773,false,true
4000005278,64934.01,0.12967275,8420.17164523,1704154241911,true,true
4000005279,64934.02,0.12164002,7898.57549148,1704154241917,true,true
4000005280,64932.40,0.05175771,3360.75232880,1704154241918,false,true
4000005281,64932.47,0.15432307,10020.57811308,1704154241964,false,true
4000005282,64933.03,0.04147567,2693.14092438,1704154241966,false,true
4000005283,64933.17,0.02213396,1437.22818745,1704154242064,true,true
4000005284,64934.30,0.13259626,8610.04532572,1704154242093,false,true
4000005285,64932.49,0.09975190,6477.13924923,1704154242260,true,true
4000005286,64934.15,0.05978721,3882.23166222,1704154242358,true,true
4000005287,64931.34,0.11862329,7702.36917491,1704154242505,true,true
4000005288,64932.88,0.05447976,3537.52771851,1704154242525,true,true
4000005289,64932.03,0.10472401,6799.94255904,1704154242966,false,true
4000005290,64930.41,0.09306919,6043.02066507,1704154242994,true,true
4000005291,64930.71,0.07628959,4953.53724431,1704154243011,true,true
4000005292,64931.58,0.05711417,3708.51329849,1704154243055,true,true
4000005293,64932.57,0.02816043,1828.52909221,1704154243061,true,true
4000005294,64932.75,0.02652844,1722.56456241,1704154243220,false,true
4000005295,64931.45,0.03276044,2127.18287184,1704154243333,true,true
4000005296,64933.54,0.06297696,4089.31695124,1704154243483,false,true
4000005297,64935.82,0.09393886,6099.99690397,1704154243607,true,true
4000005298,64938.66,0.04271147,2773.62562843,1704154243634,false,true
4000005299,64939.16,0.03839415,2493.28384991,1704154243647,false,true
4000005300,64938.57,0.07566838,4913.79639142,1704154243653,false,true
4000005301,64939.32,0.08389533,5448.10568138,1704154243668,false,true
4000005302,64938.11,0.03560532,2312.14218675,1704154243743,false,true
4000005303,64936.39,0.00980759,636.86948920,1704154243790,false,true
4000005304,64935.09,0.03352416,2176.89434677,1704154243871,false,true
4000005305,64934.77,0.12749574,8278.90655288,1704154244033,false,true
4000005306,64935.24,0.04743063,3079.91934240,1704154244310,true,true
4000005307,64935.69,0.01322155,858.55047212,1704154244320,true,true
4000005308,64935.70,0.03045307,1977.49141760,1704154244536,true,true
4000005309,64933.62,0.03267068,2121.42552026,1704154244604,true,true
4000005310,64934.30,0.01759595,1142.58069608,1704154244621,true,true
4000005311,64933.40,0.06413422,4164.45296095,1704154244728,true,true
4000005312,64934.60,0.03833437,2489.22698220,1704154244746,true,true
4000005313,64932.84,0.09616904,6244.52888727,1704154244763,false,true
4000005314,64931.02,0.05343011,3469.27154101,1704154244793,false,true
4000005315,64929.91,0.07403199,4806.89044782,1704154245002,false,true
4000005316,64929.58,0.05573125,3618.60665538,1704154245073,false,true
4000005317,64930.01,0.05047506,3277.34615055,1704154245345,true,true
4000005318,64931.74,0.07803272,5066.80028653,1704154245346,false,true
4000005319,64931.04,0.04592876,2982.20215271,1704154245456,true,true
4000005320,64927.47,0.01871757,1215.28446465,1704154245624,false,true
4000005321,64926.96,0.03871567,2513.69075746,1704154245741,false,true
4000005322,64925.80,0.10874389,7060.28405336,1704154245818,true,true
4000005323,64924.69,0.08145541,5288.46724307,1704154245850,true,true
4000005324,64926.27,0.08775005,5697.28343881,1704154245912,false,true
4000005325,64928.43,0.06694252,4346.47272384,1704154245929,false,true
4000005326,64929.73,0.04459595,2895.60299259,1704154246013,true,true
4000005327,64929.38,0.08304769,5392.23502213,1704154246511,true,true
4000005328,64928.73,0.04195227,2723.90761172,1704154246682,false,true
4000005329,64929.86,0.04463671,2898.25533116,1704154246731,false,true
4000005330,64929.13,0.04867938,3160.70979234,1704154246833,false,true
4000005331,64928.75,0.02266746,1471.76984348,1704154246886,false,true
4000005332,64929.47,0.16843267,10936.24399378,1704154247065,true,true
4000005333,64928.30,0.07208468,4680.33572844,1704154247178,true,true
4000005334,64927.98,0.03652715,2371.63406466,1704154247263,false,true
4000005335,64927.40,0.08783706,5703.03192944,1704154247699,false,true
4000005336,64925.21,0.09074694,5891.76413636,1704154247745,true,true
4000005337,64923.83,0.06775508,4398.91929556,1704154247994,false,true
4000005338,64924.68,0.08390323,5447.39035872,1704154247996,true,true
4000005339,64925.52,0.13816255,8970.27540328,1704154248083,false,true
4000005340,64926.89,0.05518936,3583.27350589,1704154248083,false,true
4000005341,64924.88,0.06931910,4500.53424921,1704154248094,true,true
4000005342,64924.24,0.05024748,3262.27945092,1704154248147,false,true
4000005343,64923.76,0.05410330,3512.58966441,1704154248183,false,true
4000005344,64924.72,0.06134525,3982.82317958,1704154248256,false,true
4000005345,64924.50,0.12790095,8303.90522828,1704154248420,true,true
4000005346,64924.07,0.06125233,3976.75056058,1704154248568,true,true
4000005347,64925.67,0.04742880,3079.34661730,1704154248728,false,true
4000005348,64928.05,0.13272016,8617.26118449,1704154248856,false,true
4000005349,64926.20,0.04428025,2874.94836755,1704154249273,false,true
4000005350,64928.76,0.03186265,2068.80235481,1704154249303,false,true
4000005351,64927.32,0.14924262,9689.92334638,1704154249330,true,true
4000005352,64926.46,0.10450395,6785.07152952,1704154249468,false,true
4000005353,64924.72,0.06032575,3916.63242754,1704154249613,false,true
4000005354,64925.59,0.05620378,3649.06357673,1704154249784,false,true
4000005355,64923.98,0.05485023,3561.09523552,1704154249881,true,true
4000005356,64923.99,0.05339370,3466.53204486,1704154249984,true,true
4000005357,64924.99,0.10065409,6534.96578671,1704154250018,false,true
4000005358,64925.97,0.13975529,9073.74776588,1704154250133,true,true
4000005359,64923.48,0.05741395,3727.51343455,1704154250237,false,true
4000005360,64924.24,0.03416931,2218.41648307,1704154250490,false,true
4000005361,64925.35,0.03892640,2527.31014424,1704154250701,true,true
4000005362,64928.14,0.03007226,1952.53590740,1704154250821,false,true
4000005363,64927.37,0.04035267,2619.99273558,1704154250901,false,true
4000005364,64927.65,0.20083041,13039.44656984,1704154251060,false,true
4000005365,64929.05,0.02624203,1703.87007797,1704154251094,false,true
4000005366,64929.82,0.10224126,6638.50660837,1704154251691,false,true
4000005367,64931.64,0.06963923,4521.78941224,1704154251891,false,true
4000005368,64930.45,0.04751348,3085.07163747,1704154251935,false,true
4000005369,64929.40,0.02508573,1628.80139746,1704154252210,true,true
4000005370,64931.53,0.05262680,3417.13864300,1704154252258,false,true
4000005371,64933.91,0.08946916,5809.58238322,1704154252274,true,true
4000005372,64931.48,0.11760195,7636.06866439,1704154252345,false,true
4000005373,64930.74,0.02296650,1491.23184021,1704154252745,false,true
4000005374,64930.83,0.05187251,3368.12512848,1704154252939,true,true
4000005375,64931.82,0.04804157,3119.42657576,1704154253124,false,true
4000005376,64929.99,0.07067251,4588.76536757,1704154253430,true,true
4000005377,64928.39,0.05155443,3347.34613727,1704154253780,false,true
4000005378,64926.41,0.08208957,5329.78107854,1704154253784,true,true
4000005379,64923.77,0.11366595,7379.62199463,1704154253787,true,true
4000005380,64923.81,0.04769622,3096.62032500,1704154253793,true,true
4000005381,64923.54,0.05581648,3623.80347194,1704154253816,true,true
4000005382,64922.32,0.04945342,3210.63075833,1704154253827,true,true
4000005383,64923.24,0.02322668,1507.95132004,1704154253871,true,true
4000005384,64926.12,0.07638912,4959.64917181,1704154254011,false,true
4000005385,64927.22,0.03034256,1970.05806848,1704154254099,true,true
4000005386,64925.88,0.06574486,4268.54289098,1704154254424,false,true
4000005387,64926.71,0.02934559,1905.31261171,1704154254655,false,true
4000005388,64926.75,0.09210987,5980.39450202,1704154254790,true,true
4000005389,64925.03,0.12425460,8067.23363264,1704154254854,true,true
4000005390,64926.10,0.04390350,2850.48303135,1704154254863,false,true
4000005391,64925.09,0.04047630,2627.92742037,1704154254992,true,true
4000005392,64925.53,0.10124501,6573.38593411,1704154255102,false,true
4000005393,64925.80,0.02037305,1322.73656969,1704154255330,true,true
4000005394,64925.08,0.01642769,1066.56908747,1704154255340,true,true
4000005395,64923.26,0.02896712,1880.63986321,1704154255451,false,true
4000005396,64922.35,0.03496052,2269.71911562,1704154255702,false,true
4000005397,64920.25,0.02695592,1749.98506538,1704154255918,false,true
4000005398,64920.49,0.02650486,1720.70849858,1704154255935,false,true
4000005399,64920.82,0.11014163,7150.48493574,1704154255948,true,true
4000005400,64922.66,0.08803499,5715.46572387,1704154256288,true,true
4000005401,64920.63,0.04164786,2703.80530935,1704154256589,true,true
4000005402,64920.06,0.07719652,5011.60271019,1704154256621,true,true
4000005403,64922.27,0.05498663,3569.85683925,1704154256695,false,true
4000005404,64922.04,0.00845697,549.04374462,1704154256713,true,true
4000005405,64922.71,0.10608249,6887.16273435,1704154257021,true,true
4000005406,64923.83,0.04137135,2685.98649427,1704154257351,true,true
4000005407,64924.59,0.08354672,5424.23654184,1704154257438,false,true
4000005408,64921.82,0.05312711,3449.10867254,1704154257531,true,true
4000005409,64922.45,0.04216277,2737.31032719,1704154257659,false,true
4000005410,64922.16,0.04232293,2747.69603313,1704154258108,true,true
4000005411,64921.81,0.08892145,5772.94148182,1704154258257,false,true
4000005412,64922.76,0.04844622,3145.26231397,1704154258364,true,true
4000005413,64921.92,0.07265019,4716.58982316,1704154258470,true,true
4000005414,64919.11,0.03796733,2464.80527268,1704154258473,false,true
4000005415,64918.37,0.02604162,1690.57952256,1704154258595,true,true
4000005416,64916.04,0.03220256,2090.46267306,1704154258736,false,true
4000005417,64916.05,0.05264973,3417.81250517,1704154259049,true,true
4000005418,64916.86,0.08208213,5328.51414171,1704154259277,false,true
4000005419,64919.60,0.07843292,5091.83379323,1704154259337,false,true
4000005420,64920.04,0.06122204,3974.53728568,1704154259625,false,true
4000005421,64919.80,0.02021314,1312.23300617,1704154259665,false,true
4000005422,64916.53,0.05031901,3266.53552224,1704154259713,true,true
4000005423,64916.54,0.02840910,1844.22047651,1704154259726,false,true
4000005424,64917.61,0.04536084,2944.71732039,1704154259726,false,true
4000005425,64919.26,0.06330110,4109.46056919,1704154259919,false,true
4000005426,64917.75,0.07283129,4728.04347640,1704154260062,false,true
4000005427,64916.82,0.08119940,5271.20683391,1704154260111,false,true
4000005428,64918.53,0.14168455,9197.95270971,1704154260148,true,true
4000005429,64918.77,0.02261026,1467.83026858,1704154260191,false,true
4000005430,64920.49,0.12477962,8100.75407241,1704154260285,false,true
4000005431,64924.80,0.01640683,1065.21015638,1704154260471,false,true
4000005432,64926.17,0.01929942,1253.03742382,1704154260634,true,true
4000005433,64922.72,0.07791195,5058.25571450,1704154260639,false,true
4000005434,64920.84,0.02339698,1518.95159506,1704154260949,false,true
4000005435,64919.37,0.04759928,3090.11527005,1704154261148,false,true
4000005436,64919.15,0.05892213,3825.17459579,1704154261243,true,true
4000005437,64921.07,0.05844299,3794.18144480,1704154261414,true,true
4000005438,64921.56,0.11892526,7720.81340261,1704154261597,false,true
4000005439,64919.84,0.02132530,1384.43506395,1704154261679,false,true
4000005440,64921.33,0.01987933,1290.59254311,1704154261762,true,true
4000005441,64922.03,0.03163690,2053.93177091,1704154261801,false,true
4000005442,64922.39,0.08902194,5779.51710724,1704154261802,false,true
4000005443,64922.22,0.05870666,3811.36669599,1704154261977,false,true
4000005444,64920.64,0.09478708,6153.63789733,1704154262066,false,true
4000005445,64922.50,0.04614759,2996.01691178,1704154262193,false,true
4000005446,64922.69,0.07839478,5089.59999956,1704154262244,false,true
4000005447,64923.83,0.02043356,1326.62497573,1704154262378,false,true
4000005448,64923.04,0.05813070,3774.02176133,1704154262417,true,true
4000005449,64921.52,0.02062329,1338.89533420,1704154262450,false,true
4000005450,64924.18,0.10148595,6588.89208527,1704154262629,true,true
4000005451,64923.61,0.07635294,4957.10849891,1704154262631,true,true
4000005452,64924.06,0.08113294,5267.47986454,1704154262643,false,true
4000005453,64923.98,0.02059989,1337.42684636,1704154262738,false,true
4000005454,64922.08,0.06127143,3977.86868017,1704154262753,true,true
4000005455,64921.46,0.09787882,6354.43589748,1704154262791,false,true
4000005456,64922.92,0.03369543,2187.60570626,1704154262791,false,true
4000005457,64920.65,0.04379363,2843.11092546,1704154262839,true,true
4000005458,64918.81,0.01938803,1258.64783584,1704154263043,true,true
4000005459,64918.50,0.10791983,7005.99348385,1704154263173,false,true
4000005460,64919.22,0.23996652,15578.43930451,1704154263339,false,true
4000005461,64918.06,0.08941976,5804.95734487,1704154263515,true,true
4000005462,64918.81,0.08584584,5573.00977625,1704154263844,false,true
4000005463,64919.51,0.15482063,10050.87943749,1704154263994,false,true
4000005464,64918.83,0.06440889,4181.34978040,1704154264127,true,true
4000005465,64917.47,0.02464872,1600.13254114,1704154264627,false,true
4000005466,64914.49,0.03952597,2565.80818431,1704154264706,true,true
4000005467,64913.29,0.04989725,3238.99465945,1704154264766,false,true
4000005468,64912.45,0.07589717,4926.67125277,1704154264887,false,true
4000005469,64912.19,0.04650211,3018.55379972,1704154264907,false,true
4000005470,64913.73,0.10242951,6649.08155617,1704154264987,false,true
4000005471,64912.12,0.06216725,4035.40799207,1704154265480,true,true
4000005472,64912.89,0.03750033,2434.25479625,1704154265586,true,true
4000005473,64915.44,0.06392197,4149.52280822,1704154265655,true,true
4000005474,64916.74,0.01681712,1091.71260659,1704154265778,true,true
4000005475,64914.72,0.06662544,4324.97178248,1704154265985,true,true
4000005476,64916.60,0.04628120,3004.41814792,1704154265994,true,true
4000005477,64916.98,0.02727034,1770.30811637,1704154266022,false,true
4000005478,64912.74,0.03780674,2454.13908387,1704154266120,true,true
4000005479,64912.45,0.04432906,2877.50789080,1704154266149,false,true
4000005480,64911.12,0.04756977,3087.80704884,1704154266234,false,true
4000005481,64912.88,0.06631811,4304.89951626,1704154266782,false,true
4000005482,64913.03,0.02157644,1400.59209701,1704154267001,false,true
4000005483,64913.31,0.07878255,5114.03609074,1704154267067,true,true
4000005484,64910.50,0.04145306,2690.73885113,1704154267211,true,true
4000005485,64909.84,0.06132671,3980.70693383,1704154267353,true,true
4000005486,64911.26,0.17861687,11594.24608896,1704154267468,true,true
4000005487,64910.39,0.03355406,2178.00712068,1704154267731,false,true
4000005488,64909.60,0.04520279,2934.09501778,1704154267925,true,true
4000005489,64908.20,0.04590446,2979.57587057,1704154268104,true,true
4000005490,64907.44,0.04892701,3175.72696595,1704154268234,true,true
4000005491,64904.27,0.05507403,3574.53971311,1704154268412,false,true
4000005492,64904.65,0.04827844,3133.49525075,1704154268487,false,true
4000005493,64905.76,0.08299084,5386.58354324,1704154268588,false,true
4000005494,64904.27,0.08510508,5523.68309069,1704154268628,false,true
4000005495,64903.70,0.02133406,1384.65943002,1704154268763,true,true
4000005496,64902.47,0.03309332,2147.83820850,1704154268919,false,true
4000005497,64904.07,0.06054033,3929.31381614,1704154269038,false,true
4000005498,64905.69,0.02249951,1460.34622121,1704154269746,true,true
4000005499,64906.17,0.08436247,5475.64481944,1704154269947,false,true
4000005500,64903.98,0.07090901,4602.27696686,1704154270175,true,true
4000005501,64902.37,0.01775496,1152.33898326,1704154270224,false,true
4000005502,64900.91,0.02559249,1660.97589017,1704154270296,true,true
4000005503,64902.02,0.03641608,2363.47715248,1704154270389,true,true
4000005504,64900.44,0.02723897,1767.82113815,1704154270479,true,true
4000005505,64900.16,0.03119092,2024.29569855,1704154270536,false,true
4000005506,64899.18,0.04883888,3169.60326412,1704154270582,true,true
4000005507,64898.59,0.09514981,6175.08850777,1704154270897,false,true
4000005508,64899.25,0.06149827,3991.19159930,1704154271027,false,true
4000005509,64899.05,0.05932950,3850.42818698,1704154271608,false,true
4000005510,64900.57,0.08693882,5642.37897313,1704154271948,false,true
4000005511,64900.02,0.04756918,3087.24073338,1704154272075,false,true
4000005512,64901.15,0.03174433,2060.24352298,1704154272081,false,true
4000005513,64901.92,0.03728136,2419.63184421,1704154272284,true,true
4000005514,64900.98,0.03334196,2163.92587912,1704154272322,true,true
4000005515,64902.83,0.04451304,2889.02226790,1704154272630,false,true
4000005516,64905.47,0.04652844,3019.95026657,1704154272872,false,true
4000005517,64907.99,0.03647757,2367.68574878,1704154272902,false,true
4000005518,64908.82,0.07415342,4813.21099116,1704154272988,false,true
4000005519,64907.31,0.01788020,1160.55568426,1704154273350,false,true
4000005520,64905.82,0.10073987,6538.60386904,1704154273651,false,true
4000005521,64904.80,0.02307479,1497.66462999,1704154273739,false,true
4000005522,64907.20,0.03907932,2536.52923910,1704154273743,false,true
4000005523,64906.63,0.04512332,2928.80263561,1704154274061,true,true
4000005524,64905.55,0.02404563,1560.69484025,1704154274093,true,true
4000005525,64905.83,0.06310988,4096.19914260,1704154274259,true,true
4000005526,64907.03,0.06309372,4095.22597685,1704154274355,true,true
4000005527,64904.82,0.02930304,1901.90853665,1704154274433,false,true
4000005528,64905.13,0.08083849,5246.83270245,1704154274512,false,true
4000005529,64905.10,0.07267563,4717.01903271,1704154274681,false,true
4000005530,64903.49,0.03593489,2332.29977377,1704154274999,true,true
4000005531,64901.15,0.05416919,3515.64272557,1704154275116,true,true
4000005532,64899.78,0.06717789,4359.83028186,1704154275486,false,true
4000005533,64900.24,0.04329150,2809.62873996,1704154275550,true,true
4000005534,64898.29,0.03792662,2461.37278348,1704154275827,true,true
4000005535,64900.34,0.09247421,6001.60767023,1704154275866,false,true
4000005536,64898.14,0.05633892,3656.29111761,1704154275977,false,true
4000005537,64898.54,0.03457154,2243.64247155,1704154276051,false,true
4000005538,64903.25,0.06912229,4486.26126844,1704154276209,true,true
4000005539,64904.28,0.07712432,5005.69846009,1704154276931,true,true
4000005540,64906.69,0.04151424,2694.55190627,1704154276951,false,true
4000005541,64908.66,0.04082873,2650.13815380,1704154277123,true,true
4000005542,64906.82,0.03374714,2190.41954149,1704154277336,false,true
4000005543,64909.06,0.11630624,7549.32871053,1704154277411,false,true
4000005544,64910.75,0.10011263,6498.38589777,1704154277477,true,true
4000005545,64910.82,0.04952014,3214.39289391,1704154277648,true,true
4000005546,64911.81,0.03910594,2538.43734715,1704154277966,true,true
4000005547,64913.66,0.11963265,7765.79316700,1704154278108,false,true
4000005548,64914.78,0.04695219,3047.89108437,1704154278113,true,true
4000005549,64915.57,0.03924955,2547.90691049,1704154278181,false,true
4000005550,64915.84,0.09263418,6013.42560741,1704154278349,false,true
4000005551,64918.22,0.09736084,6320.49243050,1704154278398,true,true
4000005552,64917.46,0.03477563,2257.54556950,1704154278438,false,true
4000005553,64918.30,0.05311600,3448.20042280,1704154278682,false,true
4000005554,64919.42,0.06082595,3948.78539495,1704154278737,false,true
4000005555,64920.00,0.04000068,2596.84414560,1704154278946,true,true
4000005556,64921.08,0.07285422,4729.77464496,1704154278963,false,true
4000005557,64921.45,0.10707329,6951.35324307,1704154279018,true,true
4000005558,64922.61,0.03588270,2329.59853785,1704154279068,true,true
4000005559,64921.88,0.04198973,2726.05221229,1704154279212,false,true
4000005560,64919.79,0.11953385,7760.11243989,1704154279256,true,true
4000005561,64920.75,0.05619665,3648.32866549,1704154279452,true,true
4000005562,64921.25,0.03070572,1993.45372455,1704154279621,true,true
4000005563,64920.99,0.06030992,3915.37971322,1704154279650,true,true
4000005564,64924.46,0.02715602,1763.08993425,1704154279974,true,true
4000005565,64924.39,0.10659589,6920.67313476,1704154279998,false,true
4000005566,64925.26,0.03971486,2578.49761136,1704154280077,false,true
4000005567,64925.32,0.07738855,5024.47637309,1704154280133,false,true
4000005568,64923.63,0.09891397,6421.85399011,1704154280278,false,true
4000005569,64922.92,0.14851651,9642.12549741,1704154280290,false,true
4000005570,64922.75,0.14207929,9224.17822485,1704154280380,false,true
4000005571,64921.69,0.03780231,2454.18985110,1704154280639,false,true
4000005572,64921.93,0.05025588,3262.70872345,1704154280673,false,true
4000005573,64920.40,0.05090552,3304.80672061,1704154280700,false,true
4000005574,64919.58,0.01789809,1161.93648560,1704154280707,true,true
4000005575,64919.28,0.02402674,1559.79866155,1704154280718,true,true
4000005576,64919.44,0.06370979,4136.00388932,1704154280726,false,true
4000005577,64919.66,0.09884149,6416.75592469,1704154280850,false,true
4000005578,64919.89,0.04828512,3134.66467904,1704154280860,true,true
4000005579,64919.47,0.05255143,3411.61098334,1704154280984,true,true
4000005580,64918.95,0.07916500,5139.30867675,1704154281059,false,true
4000005581,64920.89,0.06619792,4297.62788255,1704154281059,true,true
4000005582,64922.63,0.02154169,1398.54316944,1704154281094,true,true
4000005583,64922.83,0.04026481,2614.10541461,1704154281118,true,true
4000005584,64922.82,0.04551115,2954.71219944,1704154281143,false,true
4000005585,64926.23,0.08298768,5388.07719885,1704154281194,false,true
4000005586,64924.17,0.01593062,1034.28228109,1704154281196,true,true
4000005587,64922.92,0.13636245,8853.04843235,1704154281364,false,true
4000005588,64925.00,0.09100066,5908.21785050,1704154281429,false,true
4000005589,64926.21,0.05632946,3657.25834915,1704154281596,false,true
4000005590,64925.95,0.04766947,3094.98562575,1704154281660,true,true
4000005591,64926.71,0.03878458,2518.15517813,1704154281678,true,true
4000005592,64927.22,0.06387355,4147.13203303,1704154282269,false,true
4000005593,64927.66,0.25791956,16746.11349903,1704154282405,false,true
4000005594,64928.99,0.05931129,3851.02215530,1704154282417,true,true
4000005595,64927.97,0.02463447,1599.46612913,1704154282426,false,true
4000005596,64928.03,0.03153747,2047.66579828,1704154282457,false,true
4000005597,64928.86,0.06457812,4192.98371254,1704154282482,false,true
4000005598,64926.08,0.15197691,9867.26501681,1704154282503,true,true
4000005599,64925.96,0.03166344,2055.77923890,1704154282569,true,true
4000005600,64925.81,0.06782515,4403.60280212,1704154282655,false,true
4000005601,64925.04,0.14058061,9127.20172747,1704154282724,true,true
4000005602,64926.16,0.05073929,3294.30726083,1704154282794,true,true
4000005603,64925.90,0.13408202,8705.39582232,1704154282903,true,true
4000005604,64924.95,0.08279723,5375.60601789,1704154283041,false,true
4000005605,64922.92,0.02131286,1383.69310475,1704154283176,false,true
4000005606,64921.01,0.03853523,2501.74605218,1704154283255,false,true
4000005607,64921.17,0.09177295,5958.00728835,1704154283305,true,true
4000005608,64921.79,0.08496318,5515.96172969,1704154283362,true,true
4000005609,64920.42,0.13727123,8911.70590552,1704154283542,false,true
4000005610,64919.77,0.06254878,4060.65241138,1704154283799,true,true
4000005611,64917.79,0.04722635,3065.83027177,1704154283843,false,true
4000005612,64917.53,0.14185077,9208.60161700,1704154283878,false,true
4000005613,64918.82,0.02351106,1526.31027215,1704154284141,false,true
4000005614,64919.42,0.01182356,767.57865754,1704154284203,true,true
4000005615,64919.02,0.02087236,1355.01315629,1704154284305,false,true
4000005616,64918.32,0.02068058,1342.54851023,1704154284484,false,true
4000005617,64919.69,0.02925519,1899.23786569,1704154284656,true,true
4000005618,64920.24,0.06972838,4526.78316441,1704154284831,true,true
4000005619,64917.76,0.12045006,7819.34808707,1704154284844,false,true
4000005620,64916.94,0.05283651,3429.98454948,1704154284973,false,true
4000005621,64920.15,0.02762163,1793.20036284,1704154285071,true,true
4000005622,64920.33,0.08011625,5201.17338836,1704154285113,true,true
4000005623,64918.72,0.04044223,2625.45780555,1704154285251,false,true
4000005624,64921.19,0.05937897,3854.95339337,1704154285347,false,true
4000005625,64920.73,0.09562291,6207.90912192,1704154285466,true,true
4000005626,64920.76,0.01817485,1179.92507489,1704154285476,true,true
4000005627,64923.10,0.09835833,6385.72769442,1704154285562,true,true
4000005628,64925.55,0.10708555,6952.58823080,1704154285589,true,true
4000005629,64925.21,0.05176272,3360.70546617,1704154285794,false,true
4000005630,64923.83,0.05500492,3571.13007524,1704154285816,false,true
4000005631,64923.89,0.04768283,3095.75480981,1704154285912,false,true
4000005632,64922.43,0.06870182,4460.28909982,1704154286067,true,true
4000005633,64921.69,0.04463914,2898.04840895,1704154286173,true,true
4000005634,64924.63,0.15423211,10013.46267587,1704154286236,true,true
4000005635,64925.44,0.13169336,8550.24934308,1704154286308,true,true
4000005636,64926.27,0.10989034,7134.76988523,1704154286480,true,true
4000005637,64928.29,0.04778237,3102.42757625,1704154286631,false,true
4000005638,64927.47,0.08303144,5391.02132966,1704154286657,true,true
4000005639,64928.08,0.06151257,3993.89306597,1704154286903,true,true
4000005640,64925.48,0.02534401,1645.47201437,1704154286965,false,true
4000005641,64923.96,0.03652767,2371.52098597,1704154287594,true,true
4000005642,64925.54,0.08644887,5612.73956714,1704154287654,true,true
4000005643,64925.12,0.09511182,6175.14632692,1704154287729,true,true
4000005644,64924.43,0.02897138,1880.95033281,1704154287760,true,true
4000005645,64923.51,0.10222725,6636.95188765,1704154288150,false,true
4000005646,64924.55,0.07081009,4597.31322871,1704154288153,true,true
4000005647,64922.70,0.08708720,5653.93615944,1704154288192,true,true
4000005648,64920.62,0.02979669,1934.41958875,1704154288224,false,true
4000005649,64920.46,0.08026800,5211.03548328,1704154288361,false,true
4000005650,64921.50,0.02337848,1517.76598932,1704154288505,false,true
4000005651,64920.86,0.04719998,3064.26329358,1704154288608,false,true
4000005652,64921.19,0.03186156,2068.49039046,1704154288995,true,true
4000005653,64922.29,0.02957425,1920.02803503,1704154289004,false,true
4000005654,64922.28,0.10609707,6888.06368572,1704154289005,false,true
4000005655,64921.85,0.11769145,7640.74666318,1704154289139,true,true
4000005656,64921.91,0.04153122,2696.28612703,1704154289425,false,true
4000005657,64923.57,0.15375966,9982.62604919,1704154289528,false,true
4000005658,64925.63,0.02256986,1465.36237951,1704154289592,true,true
4000005659,64925.27,0.04791053,3110.60409609,1704154289853,true,true
4000005660,64924.41,0.03815461,2477.16554303,1704154290240,false,true
4000005661,64924.55,0.03157106,2049.73686352,1704154290580,true,true
4000005662,64924.19,0.07777204,5049.28670165,1704154290587,false,true
4000005663,64923.95,0.06195464,4022.33994963,1704154290668,false,true
4000005664,64924.59,0.04869458,3161.47564172,1704154290997,true,true
4000005665,64927.20,0.11039549,7167.67005833,1704154291007,false,true
4000005666,64927.35,0.03830847,2487.26743965,1704154291018,true,true
4000005667,64926.39,0.05057346,3283.55218761,1704154291170,false,true
4000005668,64925.32,0.03866355,2510.24335609,1704154291172,true,true
4000005669,64927.37,0.13337341,8659.58473923,1704154291172,true,true
4000005670,64929.08,0.04375379,2840.89333121,1704154291183,true,true
4000005671,64929.72,0.05955254,3866.72974749,1704154291421,true,true
4000005672,64929.48,0.06817135,4426.33030640,1704154291570,false,true
4000005673,64929.76,0.02218961,1440.76605179,1704154291650,true,true
4000005674,64928.10,0.04784250,3106.32262425,1704154291719,false,true
4000005675,64927.27,0.03808806,2472.95375540,1704154291729,true,true
4000005676,64928.73,0.03531005,2292.63670274,1704154291743,true,true
4000005677,64929.46,0.04866103,3159.53440094,1704154291785,true,true
4000005678,64929.46,0.07054552,4580.48251902,1704154292046,false,true
4000005679,64930.40,0.06127705,3978.74336732,1704154292076,true,true
4000005680,64932.23,0.06463011,4196.57716745,1704154292211,false,true
4000005681,64931.11,0.07422011,4819.19412662,1704154292263,false,true
4000005682,64931.74,0.07920633,5143.00482591,1704154292348,true,true
4000005683,64931.53,0.06226109,4042.70783317,1704154292404,false,true
4000005684,64928.94,0.05482119,3559.48175624,1704154292482,true,true
4000005685,64926.79,0.03897748,2530.68265869,1704154292575,false,true
4000005686,64928.06,0.03561310,2312.28949359,1704154292663,true,true
4000005687,64929.98,0.04562673,2962.54266637,1704154292666,true,true
4000005688,64933.41,0.15476069,10049.13933565,1704154292718,true,true
4000005689,64930.18,0.07660024,4973.66737124,1704154292747,true,true
4000005690,64929.07,0.08549223,5550.93098613,1704154292985,true,true
4000005691,64929.89,0.10945609,7106.97188353,1704154293006,false,true
4000005692,64927.90,0.08879330,5765.16250307,1704154293063,false,true
4000005693,64927.74,0.16922792,10987.58639050,1704154293199,false,true
4000005694,64930.20,0.09035335,5866.66108617,1704154293239,true,true
4000005695,64930.28,0.04749331,3083.75391643,1704154293327,true,true
4000005696,64931.72,0.04208792,2732.84103682,1704154293332,false,true
4000005697,64931.24,0.02690122,1746.72957211,1704154293593,true,true
4000005698,64933.28,0.05093048,3307.08311837,1704154293658,true,true
4000005699,64931.55,0.02959080,1921.37650974,1704154293861,true,true
4000005700,64932.17,0.06051387,3929.29689420,1704154293940,false,true
4000005701,64933.00,0.09268324,6018.20082292,1704154293994,false,true
4000005702,64933.23,0.03547605,2303.57451414,1704154294094,false,true
4000005703,64934.00,0.10007281,6498.12784454,1704154294189,false,true
4000005704,64931.18,0.06216707,4036.58121224,1704154294244,true,true
4000005705,64929.67,0.03036430,1971.54397878,1704154294283,false,true
4000005706,64931.99,0.06374800,4139.28449852,1704154294399,false,true
4000005707,64933.02,0.07352842,4774.42236643,1704154294551,true,true
4000005708,64934.24,0.04025582,2613.98107728,1704154294790,false,true
4000005709,64934.38,0.03386153,2198.77745640,1704154295149,true,true
4000005710,64935.15,0.04268893,2772.01207289,1704154295261,true,true
4000005711,64935.31,0.04831025,3137.04105993,1704154295303,true,true
4000005712,64933.16,0.01695418,1100.88848261,1704154295387,false,true
4000005713,64935.08,0.04529250,2941.07211090,1704154295421,false,true
4000005714,64936.32,0.08560442,5558.83601053,1704154295424,true,true
4000005715,64935.70,0.11081854,7196.07946788,1704154295579,true,true
4000005716,64935.12,0.07810988,5072.07443099,1704154295835,true,true
4000005717,64936.82,0.10319556,6701.19150452,1704154295847,true,true
4000005718,64936.16,0.03317203,2154.06424760,1704154296048,true,true
4000005719,64935.46,0.16764814,10886.30908904,1704154296052,false,true
4000005720,64936.93,0.07201066,4676.15118767,1704154296169,true,true
4000005721,64937.93,0.05309697,3448.00732107,1704154296666,false,true
4000005722,64935.83,0.03546253,2302.78881945,1704154297338,false,true
4000005723,64933.98,0.05957988,3868.75873632,1704154297357,false,true
4000005724,64934.35,0.11915718,7737.39403113,1704154297515,true,true
4000005725,64934.34,0.19113747,12411.38546372,1704154297674,false,true
4000005726,64934.14,0.04724133,3067.57513601,1704154297774,true,true
4000005727,64937.21,0.03527255,2290.50098659,1704154297886,true,true
4000005728,64936.37,0.13096231,8504.21701821,1704154297926,true,true
4000005729,64934.29,0.03188384,2070.35451287,1704154298041,true,true
4000005730,64932.45,0.07197999,4673.83710168,1704154298096,true,true
4000005731,64933.57,0.09807638,6368.44948608,1704154298097,true,true
4000005732,64933.98,0.05399893,3506.36544064,1704154298173,false,true
4000005733,64934.23,0.13626810,8848.46414706,1704154298453,false,true
4000005734,64935.32,0.06495524,4217.88929508,1704154298465,false,true
4000005735,64935.68,0.11970151,7772.89894888,1704154298575,false,true
4000005736,64934.94,0.04499608,2921.81775504,1704154298577,false,true
4000005737,64934.63,0.09797103,6361.71258377,1704154298695,false,true
4000005738,64932.86,0.02033982,1320.72268449,1704154298739,false,true
4000005739,64933.11,0.02489383,1616.43380171,1704154298787,true,true
4000005740,64933.25,0.04722953,3066.76687887,1704154298812,false,true
4000005741,64933.13,0.01377284,894.31361019,1704154298856,false,true
4000005742,64933.49,0.05022935,3261.56699593,1704154299010,false,true
4000005743,64932.68,0.12237525,7946.15294817,1704154299366,false,true
4000005744,64932.13,0.05932821,3852.30704439,1704154299413,true,true
4000005745,64931.42,0.21823402,14170.24481091,1704154299473,true,true
4000005746,64932.35,0.02566661,1666.59330383,1704154299495,false,true
4000005747,64933.15,0.08802711,5715.87753770,1704154299674,false,true
4000005748,64933.29,0.06953290,4514.99996024,1704154299814,true,true
4000005749,64933.06,0.07216238,4685.72415028,1704154299824,false,true
4000005750,64931.00,0.01761171,1143.54594201,1704154299885,false,true
4000005751,64931.28,0.05176351,3361.07096159,1704154300001,true,true
4000005752,64928.86,0.11294224,7333.21088905,1704154300115,true,true
4000005753,64928.25,0.05507941,3576.20970233,1704154300136,false,true
4000005754,64928.74,0.06378668,4141.58876118,1704154300201,false,true
4000005755,64926.37,0.03834847,2489.82695215,1704154300256,true,true
4000005756,64926.42,0.07259073,4713.05622409,1704154300371,false,true
4000005757,64922.11,0.06670934,4330.91110951,1704154300402,false,true
4000005758,64923.05,0.07461159,4844.01198815,1704154300432,false,true
4000005759,64924.06,0.02543734,1651.49538840,1704154300476,true,true
4000005760,64924.56,0.01675199,1087.61557987,1704154300496,false,true
4000005761,64922.70,0.07772432,5046.07271006,1704154300603,false,true
4000005762,64922.09,0.03617248,2348.39300208,1704154300687,true,true
4000005763,64920.15,0.05338541,3465.78882501,1704154300816,false,true
4000005764,64920.91,0.10320546,6700.19238017,1704154300829,false,true
4000005765,64922.58,0.12492118,8110.20530224,1704154300987,false,true
4000005766,64922.26,0.09924079,6442.93637099,1704154301044,true,true
4000005767,64923.47,0.04536719,2945.39539895,1704154301152,true,true
4000005768,64921.26,0.02056904,1335.36799379,1704154301194,false,true
4000005769,64921.69,0.01933589,1255.31865645,1704154301212,true,true
4000005770,64922.05,0.23075159,14980.86626356,1704154301291,true,true
4000005771,64923.58,0.03441706,2234.47874827,1704154301341,false,true
4000005772,64923.01,0.12879981,8362.07135263,1704154301414,true,true
4000005773,64923.15,0.03723270,2417.26416701,1704154301590,false,true
4000005774,64923.81,0.10914454,7086.07937750,1704154301905,true,true
4000005775,64921.95,0.01207147,783.70337177,1704154301973,false,true
4000005776,64921.50,0.05476250,3555.26364375,1704154302052,false,true
4000005777,64922.68,0.03424296,2223.14473433,1704154302243,false,true
4000005778,64923.01,0.06203342,4027.39634699,1704154302291,true,true
4000005779,64921.61,0.04176036,2711.14980538,1704154302450,false,true
4000005780,64922.32,0.05622360,3650.16655075,1704154302465,false,true
4000005781,64920.54,0.05536318,3594.20754172,1704154302468,true,true
4000005782,64919.42,0.03044096,1976.20946744,1704154302519,false,true
4000005783,64920.05,0.06750210,4382.23970710,1704154302615,false,true
4000005784,64919.58,0.04440334,2882.64618340,1704154302828,false,true
4000005785,64918.42,0.04747701,3082.13247552,1704154302894,true,true
4000005786,64918.93,0.04380215,2843.58870970,1704154302914,false,true
4000005787,64918.82,0.05615265,3645.36377787,1704154303085,false,true
4000005788,64917.58,0.05846452,3795.37515426,1704154303190,true,true
4000005789,64914.54,0.03671375,2383.25619293,1704154303224,false,true
4000005790,64914.22,0.03396720,2204.95429358,1704154303276,false,true
4000005791,64913.30,0.02757089,1789.71745384,1704154303394,false,true
4000005792,64914.44,0.08159764,5296.86510592,1704154303550,true,true
4000005793,64916.11,0.08511478,5525.32042111,1704154303693,false,true
4000005794,64914.52,0.07506942,4873.09536598,1704154303745,true,true
4000005795,64914.95,0.10152271,6590.34164351,1704154303757,false,true
4000005796,64914.50,0.16586286,10766.90462547,1704154303960,true,true
4000005797,64915.28,0.08606943,5587.22114789,1704154304030,false,true
4000005798,64917.23,0.01998604,1297.43835547,1704154304087,true,true
4000005799,64917.80,0.02604090,1690.51793802,1704154304134,true,true
4000005800,64915.73,0.17768726,11534.69819460,1704154304217,true,true
4000005801,64916.81,0.02307081,1497.68338932,1704154304390,false,true
4000005802,64913.83,0.01695274,1100.46728239,1704154304462,false,true
4000005803,64913.42,0.09189326,5965.10578155,1704154304672,false,true
4000005804,64911.44,0.03213854,2086.15891090,1704154304674,true,true
4000005805,64910.79,0.05990838,3888.70027342,1704154304740,false,true
4000005806,64912.06,0.08797138,5710.40349684,1704154304835,false,true
4000005807,64911.71,0.06421759,4168.47357898,1704154304841,true,true
4000005808,64911.05,0.05793638,3760.71125900,1704154304908,false,true
4000005809,64909.12,0.05202462,3376.87230253,1704154304956,false,true
4000005810,64910.65,0.05461466,3545.07308013,1704154304993,true,true
4000005811,64912.71,0.02161165,1402.87076907,1704154305100,false,true
4000005812,64911.80,0.15744665,10220.14545547,1704154305389,true,true
4000005813,64912.78,0.13213150,8577.02299057,1704154305474,false,true
4000005814,64910.10,0.03466015,2249.79380252,1704154305624,true,true
4000005815,64910.08,0.04677538,3036.19365783,1704154306073,true,true
4000005816,64909.81,0.02583910,1677.21107157,1704154306131,true,true
4000005817,64910.59,0.03434680,2229.47105261,1704154306207,true,true
4000005818,64911.19,0.11494545,7461.24594459,1704154306219,true,true
4000005819,64909.12,0.06517261,4230.29676320,1704154306744,true,true
4000005820,64909.78,0.07110056,4615.12170748,1704154306908,false,true
4000005821,64910.05,0.05922908,3844.56254425,1704154307059,true,true
4000005822,64909.12,0.11957061,7761.22307296,1704154307122,false,true
4000005823,64909.09,0.04562742,2961.63431125,1704154307246,false,true
4000005824,64907.76,0.01793973,1164.42768930,1704154307452,true,true
4000005825,64907.64,0.05126564,3327.53170549,1704154307470,false,true
4000005826,64907.86,0.03590822,2330.72571661,1704154307699,true,true
4000005827,64909.63,0.02732995,1773.97694242,1704154307786,true,true
4000005828,64909.47,0.09022778,5856.63737908,1704154308203,false,true
4000005829,64908.54,0.04485042,2911.17528059,1704154308271,true,true
4000005830,64906.75,0.06334519,4111.53041103,1704154308466,false,true
4000005831,64908.72,0.20859566,13539.67728816,1704154308530,true,true
4000005832,64908.39,0.02150120,1395.60827507,1704154308589,true,true
4000005833,64909.61,0.02512503,1630.85589854,1704154308900,false,true
4000005834,64911.87,0.02295141,1489.81894224,1704154308903,true,true
4000005835,64915.05,0.04421609,2870.28969315,1704154309059,false,true
4000005836,64917.77,0.07361730,4779.07094942,1704154309180,false,true
4000005837,64917.82,0.03836008,2490.25276863,1704154309210,true,true
4000005838,64919.80,0.06545677,4249.44041705,1704154309210,true,true
4000005839,64920.80,0.07017209,4555.62822047,1704154309290,false,true
4000005840,64921.21,0.02438676,1583.21796718,1704154309444,true,true
4000005841,64923.94,0.07864851,5106.17114433,1704154309536,false,true
4000005842,64921.90,0.04749157,3083.24295838,1704154309540,true,true
4000005843,64921.88,0.06263417,4066.32806864,1704154309579,false,true
4000005844,64923.22,0.06350544,4122.97765232,1704154309630,true,true
4000005845,64922.18,0.01751787,1137.29830936,1704154309755,false,true
4000005846,64923.55,0.07727348,5016.86864245,1704154309801,false,true
4000005847,64922.83,0.09529918,6187.09246228,1704154309923,false,true
4000005848,64926.05,0.05538700,3596.05913135,1704154309970,true,true
4000005849,64925.91,0.06641329,4311.94328934,1704154310044,true,true
4000005850,64925.86,0.06495275,4217.11315312,1704154310048,true,true
4000005851,64927.79,0.02524773,1639.27931142,1704154310112,true,true
4000005852,64926.06,0.02822393,1832.46857262,1704154310140,true,true
4000005853,64925.60,0.02709256,1759.00071354,1704154310230,false,true
4000005854,64922.51,0.14759580,9582.28980146,1704154310298,true,true
4000005855,64924.11,0.07446493,4834.56930646,1704154310358,true,true
4000005856,64922.66,0.10786379,7002.80416448,1704154310494,true,true
4000005857,64922.94,0.06025726,3912.07847554,1704154310652,true,true
4000005858,64923.79,0.03333929,2164.51306271,1704154310681,true,true
4000005859,64924.29,0.08438105,5478.37976070,1704154310791,true,true
4000005860,64922.93,0.06776815,4399.70685868,1704154310848,false,true
4000005861,64922.23,0.06978786,4530.78349813,1704154310981,false,true
4000005862,64922.45,0.02458423,1596.06844296,1704154311042,false,true
4000005863,64922.11,0.03992813,2592.21844795,1704154311192,true,true
4000005864,64921.89,0.05830142,3785.03837608,1704154311288,true,true
4000005865,64921.72,0.09365961,6080.54297573,1704154311404,true,true
4000005866,64922.40,0.14486062,9404.69911589,1704154311404,true,true
4000005867,64922.71,0.02937669,1907.21432563,1704154311622,false,true
4000005868,64923.75,0.12369851,8030.97113861,1704154311724,false,true
4000005869,64923.09,0.03460818,2246.86998488,1704154311781,false,true
4000005870,64923.05,0.04041795,2624.05658875,1704154312040,false,true
4000005871,64922.22,0.07223747,4689.81691958,1704154312074,false,true
4000005872,64922.75,0.02649364,1720.03996631,1704154312382,false,true
4000005873,64920.95,0.04220319,2739.87118783,1704154312653,false,true
4000005874,64922.07,0.02443117,1586.12212892,1704154312684,true,true
4000005875,64923.90,0.02098233,1362.25469469,1704154312881,true,true
4000005876,64920.75,0.06482876,4208.73172077,1704154312896,true,true
4000005877,64921.97,0.03068376,1992.05014621,1704154312913,false,true
4000005878,64921.74,0.02100915,1363.95057392,1704154312940,true,true
4000005879,64921.84,0.04053356,2631.51329695,1704154312950,false,true
4000005880,64924.24,0.08235527,5346.85331474,1704154312990,true,true
4000005881,64924.99,0.11623171,7546.34260943,1704154313264,false,true
4000005882,64926.28,0.04418791,2868.95661727,1704154313500,true,true
4000005883,64925.72,0.02717157,1764.13374578,1704154313677,false,true
4000005884,64926.98,0.02019983,1311.51395841,1704154314018,true,true
4000005885,64926.15,0.02450845,1591.23930097,1704154314076,false,true
4000005886,64925.77,0.02688913,1745.79746988,1704154314140,true,true
4000005887,64924.62,0.05748269,3732.04180483,1704154314300,true,true
4000005888,64922.60,0.11346161,7366.22272139,1704154314488,false,true
4000005889,64924.57,0.05435984,3529.28923727,1704154314510,false,true
4000005890,64925.09,0.03233202,2099.15930838,1704154314650,false,true
4000005891,64924.53,0.02971971,1929.53820349,1704154314772,true,true
4000005892,64925.41,0.04518910,2933.92084503,1704154314880,true,true
4000005893,64925.48,0.03195447,2074.65930290,1704154314881,true,true
4000005894,64927.66,0.05653316,3670.56579121,1704154314915,false,true
4000005895,64928.33,0.05478279,3556.95506744,1704154315042,false,true
4000005896,64930.68,0.11840926,7688.39377010,1704154315212,false,true
4000005897,64931.13,0.05689330,3694.14625843,1704154315512,true,true
4000005898,64930.82,0.05378624,3492.38466792,1704154315576,false,true
4000005899,64928.71,0.03508492,2278.01859605,1704154315808,true,true
4000005900,64930.34,0.03236016,2101.15619125,1704154316121,true,true
4000005901,64930.70,0.08269465,5369.42151075,1704154316277,true,true
4000005902,64928.79,0.13451862,8734.13122907,1704154316291,true,true
4000005903,64927.33,0.03739538,2427.98217774,1704154316327,false,true
4000005904,64927.47,0.17907915,11627.15613925,1704154316393,true,true
4000005905,64925.60,0.02085529,1354.04221642,1704154316427,true,true
4000005906,64927.23,0.13844485,8988.84061827,1704154317087,false,true
4000005907,64926.45,0.05053269,3280.90817065,1704154317155,true,true
4000005908,64927.50,0.08900064,5778.58905360,1704154317251,false,true
4000005909,64927.24,0.17507924,11367.41183450,1704154317809,true,true
4000005910,64926.49,0.05019219,3258.80272211,1704154318017,false,true
4000005911,64925.62,0.02018866,1310.76126747,1704154318019,true,true
4000005912,64925.27,0.05643049,3663.76479948,1704154318190,false,true
4000005913,64925.58,0.03002153,1949.16524774,1704154318292,true,true
4000005914,64925.07,0.07090035,4603.21018677,1704154318554,false,true
4000005915,64923.38,0.08321066,5402.31729923,1704154318818,true,true
4000005916,64923.06,0.03432754,2228.64893907,1704154319104,false,true
4000005917,64924.82,0.01684637,1093.74753990,1704154319259,false,true
4000005918,64925.30,0.03527698,2290.36850959,1704154319555,false,true
4000005919,64925.67,0.05299570,3440.78132962,1704154319769,false,true
4000005920,64925.22,0.04447148,2887.32062273,1704154319784,false,true
4000005921,64928.62,0.05161583,3351.34461205,1704154319878,true,true
4000005922,64930.30,0.06132171,3981.63702681,1704154319910,true,true
4000005923,64929.94,0.03155441,2048.82594804,1704154320175,false,true
4000005924,64929.21,0.04003584,2599.49546289,1704154320296,true,true
4000005925,64929.61,0.19281030,12519.09758298,1704154320421,true,true
4000005926,64929.08,0.05685447,3691.50843099,1704154320483,true,true
4000005927,64927.07,0.04170564,2707.82500767,1704154320691,true,true
4000005928,64927.56,0.06429742,4174.67459490,1704154320782,true,true
4000005929,64925.16,0.20380370,13231.98783109,1704154320827,true,true
4000005930,64923.02,0.06337984,4114.81061992,1704154320903,false,true
4000005931,64924.34,0.05065666,3288.85021710,1704154320912,true,true
4000005932,64926.71,0.00782102,507.79309744,1704154320965,false,true
4000005933,64925.77,0.04415789,2866.98500983,1704154321000,true,true
4000005934,64926.76,0.03072301,1994.74549675,1704154321116,true,true
4000005935,64925.89,0.03568857,2317.11217008,1704154321217,false,true
4000005936,64928.25,0.04622743,3001.46613190,1704154321285,false,true
4000005937,64928.81,0.43983430,28557.91769618,1704154321340,true,true
4000005938,64931.08,0.05951782,3864.55633185,1704154321423,false,true
4000005939,64928.23,0.05861541,3805.79482202,1704154321504,true,true
4000005940,64928.74,0.03986027,2588.07710716,1704154321711,true,true
4000005941,64929.42,0.19139605,12427.23451679,1704154321804,false,true
4000005942,64928.73,0.03077093,1997.91740582,1704154321936,false,true
4000005943,64930.54,0.02429975,1577.79588936,1704154322258,false,true
4000005944,64930.94,0.06826247,4432.34634382,1704154322329,false,true
4000005945,64928.76,0.04592742,2982.01043060,1704154322479,false,true
4000005946,64929.46,0.11243783,7300.52758547,1704154322541,false,true
4000005947,64929.82,0.03583129,2326.51921007,1704154322668,true,true
4000005948,64928.80,0.02139937,1389.43541486,1704154322668,true,true
4000005949,64928.31,0.10772991,6994.72099275,1704154322772,true,true
4000005950,64929.30,0.06942186,4507.51277450,1704154322853,true,true
4000005951,64930.03,0.07709081,5005.50860602,1704154322938,true,true
4000005952,64929.51,0.10326721,6705.08934437,1704154323039,false,true
4000005953,64931.22,0.04152344,2696.16761780,1704154323361,false,true
4000005954,64934.19,0.02482416,1611.93672203,1704154323546,false,true
4000005955,64936.87,0.12586143,8173.04731792,1704154323628,false,true
4000005956,64935.25,0.03392029,2202.62251122,1704154323646,true,true
4000005957,64938.00,0.03640352,2363.97178176,1704154323700,true,true
4000005958,64939.47,0.07516429,4881.12915553,1704154323715,false,true
4000005959,64941.20,0.04499194,2921.83057393,1704154323972,false,true
4000005960,64940.93,0.05735613,3724.76042340,1704154323997,true,true
4000005961,64940.65,0.12660174,8221.59928673,1704154324366,false,true
4000005962,64937.87,0.03119505,2025.74010154,1704154324443,false,true
4000005963,64938.86,0.05719657,3714.28005171,1704154324462,false,true
4000005964,64939.10,0.06686237,4341.98213167,1704154324482,true,true
4000005965,64938.75,0.04251437,2760.83004484,1704154324707,true,true
4000005966,64939.87,0.05572193,3618.57489035,1704154325141,true,true
4000005967,64938.20,0.08240974,5351.54017807,1704154325815,false,true
4000005968,64939.67,0.13543904,8795.36656272,1704154325844,false,true
4000005969,64941.02,0.08440305,5481.22015811,1704154326115,false,true
4000005970,64944.54,0.05675187,3685.72409129,1704154326117,true,true
4000005971,64945.27,0.07114574,4620.57929365,1704154326177,false,true
4000005972,64945.08,0.03637597,2362.44028173,1704154326283,true,true
4000005973,64944.03,0.08335399,5413.34402718,1704154326409,true,true
4000005974,64946.24,0.04832224,3138.34779638,1704154326678,false,true
4000005975,64945.29,0.01816609,1179.80198322,1704154326723,true,true
4000005976,64948.73,0.03007323,1953.21809550,1704154326788,false,true
4000005977,64949.01,0.02501996,1625.02163224,1704154326847,false,true
4000005978,64951.08,0.02731277,1773.99390929,1704154326892,false,true
4000005979,64952.01,0.04278326,2778.85873135,1704154326900,false,true
4000005980,64950.90,0.07705724,5004.93708952,1704154326996,true,true
4000005981,64951.49,0.03022655,1963.25946006,1704154327023,true,true
4000005982,64951.47,0.03113963,2022.56474376,1704154327066,false,true
4000005983,64951.41,0.03247006,2108.97617978,1704154327120,true,true
4000005984,64949.96,0.04155623,2699.07547625,1704154327187,false,true
4000005985,64948.43,0.05111370,3319.75456649,1704154327231,false,true
4000005986,64948.11,0.06887704,4473.43357039,1704154327439,true,true
4000005987,64946.39,0.05663477,3678.22385998,1704154327527,false,true
4000005988,64945.56,0.03765471,2445.50622759,1704154327658,true,true
4000005989,64945.82,0.02210971,1435.93324591,1704154327878,false,true
4000005990,64945.81,0.07830482,5085.56996180,1704154327948,true,true
4000005991,64944.75,0.03661052,2377.66106877,1704154328003,true,true
4000005992,64944.96,0.01737260,1128.26281210,1704154328010,false,true
4000005993,64945.32,0.04973808,3230.25552179,1704154328049,false,true
4000005994,64943.06,0.06241105,4053.16456481,1704154328125,false,true
4000005995,64942.45,0.18657684,12116.75710286,1704154328302,true,true
4000005996,64940.43,0.03420548,2221.31857956,1704154328609,false,true
4000005997,64939.64,0.05105061,3315.20823518,1704154328656,true,true
4000005998,64937.50,0.01809364,1174.95574750,1704154329092,true,true
4000005999,64939.34,0.05117323,3323.15578187,1704154329160,false,true
4000006000,64937.05,0.25314317,16438.37068745,1704154329164,false,true
4000006001,64938.54,0.09934588,6451.37640222,1704154329774,false,true
4000006002,64939.45,0.05286128,3432.78244950,1704154329820,true,true
4000006003,64937.80,0.14124053,9171.84928903,1704154329897,false,true
4000006004,64937.60,0.12378461,8038.27549034,1704154329930,true,true
4000006005,64937.87,0.09952021,6462.63045935,1704154330107,true,true
4000006006,64938.84,0.13485578,8757.37792050,1704154330120,true,true
4000006007,64940.15,0.09908280,6434.45189442,1704154330160,true,true
4000006008,64941.13,0.03202024,2079.43056847,1704154330237,false,true
4000006009,64940.97,0.10655693,6919.91039442,1704154330296,true,true
4000006010,64941.84,0.11278261,7324.31021340,1704154330302,false,true
4000006011,64941.17,0.06904687,4483.98452264,1704154330458,false,true
4000006012,64940.47,0.07486568,4861.81244607,1704154330495,true,true
4000006013,64940.63,0.00965331,626.89203299,1704154330712,true,true
4000006014,64939.30,0.02841153,1845.02487013,1704154330722,false,true
4000006015,64937.66,0.01548126,1005.31679825,1704154330777,false,true
4000006016,64937.70,0.03276743,2127.84153911,1704154330780,false,true
4000006017,64937.77,0.03621165,2351.50379902,1704154331013,false,true
4000006018,64936.95,0.06121268,3974.96474053,1704154331073,false,true
4000006019,64937.74,0.04976081,3231.35454197,1704154331120,false,true
4000006020,64934.10,0.06326602,4108.12206928,1704154331299,true,true
4000006021,64934.06,0.01811896,1176.53763578,1704154331312,false,true
4000006022,64934.07,0.04325594,2808.78423588,1704154331327,false,true
4000006023,64936.13,0.04376915,2842.19921439,1704154331328,false,true
4000006024,64935.77,0.04325644,2808.89023886,1704154331338,true,true
4000006025,64936.29,0.03395737,2205.06562596,1704154331371,true,true
4000006026,64935.34,0.03461006,2247.41601352,1704154331541,false,true
4000006027,64936.49,0.04145323,2691.82725536,1704154331591,false,true
4000006028,64935.06,0.02937036,1907.16608882,1704154331805,false,true
4000006029,64936.98,0.03095000,2009.79953100,1704154331837,false,true
4000006030,64938.13,0.01264511,821.14979704,1704154331867,true,true
4000006031,64938.66,0.01659019,1077.34470775,1704154331968,true,true
4000006032,64939.85,0.04361025,2832.04309346,1704154332311,false,true
4000006033,64938.71,0.02416589,1569.30172260,1704154332368,false,true
4000006034,64939.29,0.02867883,1862.38285823,1704154332612,false,true
4000006035,64939.84,0.06711372,4358.35423860,1704154332626,true,true
4000006036,64939.79,0.09840861,6390.63446759,1704154332698,true,true
4000006037,64937.88,0.05931827,3852.00269907,1704154332856,false,true
4000006038,64937.80,0.05684223,3691.20936329,1704154332893,false,true
4000006039,64939.17,0.03203117,2080.07759393,1704154333023,true,true
4000006040,64939.19,0.17324791,11250.57894459,1704154333331,false,true
4000006041,64939.53,0.05442325,3534.22027607,1704154333352,true,true
4000006042,64941.16,0.04611932,2995.04213921,1704154333480,false,true
4000006043,64940.53,0.08707618,5654.77327958,1704154333495,true,true
4000006044,64939.78,0.02752993,1787.78759762,1704154333786,false,true
4000006045,64942.30,0.03809901,2474.23733712,1704154333816,true,true
4000006046,64942.67,0.06407702,4161.33276444,1704154333960,false,true
4000006047,64943.08,0.05523690,3587.25441565,1704154333992,true,true
4000006048,64942.47,0.03943015,2560.69133347,1704154334027,true,true
4000006049,64941.95,0.04535798,2945.63566926,1704154334057,false,true
4000006050,64939.54,0.06456568,4192.86555899,1704154334060,false,true
4000006051,64940.66,0.08633543,5606.67980558,1704154334060,false,true
4000006052,64939.84,0.03240105,2104.11900283,1704154334180,true,true
4000006053,64939.66,0.02813921,1827.35073007,1704154334216,false,true
4000006054,64939.57,0.05410069,3513.27554530,1704154334216,true,true
4000006055,64939.80,0.02810314,1825.01229097,1704154334250,true,true
4000006056,64937.83,0.05148413,3343.26768164,1704154334420,true,true
4000006057,64937.35,0.08365915,5432.60350425,1704154334532,false,true
4000006058,64935.78,0.04938332,3206.74440319,1704154334565,false,true
4000006059,64935.99,0.03124026,2028.61721096,1704154334723,true,true
4000006060,64936.39,0.09027428,5862.08585305,1704154334865,true,true
4000006061,64936.23,0.06208622,4031.64506175,1704154334884,true,true
4000006062,64936.66,0.02415955,1568.84048410,1704154334893,false,true
4000006063,64936.73,0.10659935,6922.21320913,1704154334916,false,true
4000006064,64939.00,0.06747385,4381.68434515,1704154334951,false,true
4000006065,64938.53,0.06076282,3945.84820945,1704154334971,false,true
4000006066,64939.97,0.07695199,4997.25992204,1704154335027,true,true
4000006067,64940.00,0.05816649,3777.33186060,1704154335054,true,true
4000006068,64939.65,0.01460672,948.55528445,1704154335146,true,true
4000006069,64939.31,0.02152716,1397.95891666,1704154335375,false,true
4000006070,64939.45,0.10822244,7027.90573126,1704154335386,true,true
4000006071,64940.96,0.03860947,2507.33604689,1704154335445,false,true
4000006072,64943.33,0.05411548,3514.43947575,1704154335490,true,true
4000006073,64941.69,0.05309579,3448.13033449,1704154335492,false,true
4000006074,64942.45,0.06996141,4543.46537085,1704154335681,true,true
4000006075,64945.55,0.03790056,2461.47271451,1704154335752,false,true
4000006076,64945.39,0.08823051,5730.16488185,1704154335949,true,true
4000006077,64944.09,0.01825592,1185.61411151,1704154335973,false,true
4000006078,64942.39,0.06037762,3921.06694531,1704154335987,false,true
4000006079,64942.85,0.01867176,1212.59730892,1704154336187,true,true
4000006080,64942.48,0.07753319,5035.19764091,1704154336303,false,true
4000006081,64943.38,0.07984263,5185.25026029,1704154336519,false,true
4000006082,64942.11,0.03392627,2203.24355823,1704154336552,false,true
4000006083,64940.06,0.06765954,4393.81458717,1704154336727,false,true
4000006084,64938.58,0.04980008,3233.94647909,1704154336796,false,true
4000006085,64937.33,0.03674663,2386.22803870,1704154336860,false,true
4000006086,64938.88,0.01511999,981.87521621,1704154336890,false,true
4000006087,64940.22,0.05471584,3553.25868708,1704154336902,false,true
4000006088,64937.53,0.03618025,2349.45606978,1704154336944,false,true
4000006089,64938.39,0.04918428,3193.94795651,1704154337089,false,true
4000006090,64940.57,0.03200469,2078.40281127,1704154337148,false,true
4000006091,64941.66,0.06175893,4010.72743402,1704154337208,false,true
4000006092,64940.69,0.05074041,3295.11723628,1704154337252,false,true
4000006093,64940.46,0.04055831,2633.87530822,1704154337440,false,true
4000006094,64940.10,0.03559358,2311.45064456,1704154337498,true,true
4000006095,64939.81,0.07555399,4906.46175534,1704154338078,true,true
4000006096,64939.73,0.03326425,2160.17141365,1704154338115,true,true
4000006097,64940.80,0.05402829,3508.64037523,1704154338211,false,true
4000006098,64939.04,0.03625940,2354.65062698,1704154338538,true,true
4000006099,64939.42,0.10508009,6823.84009815,1704154338570,true,true
4000006100,64941.18,0.05708548,3707.19843207,1704154338685,false,true
4000006101,64940.26,0.03124480,2029.04543565,1704154338916,false,true
4000006102,64940.44,0.02285253,1484.05335331,1704154339295,false,true
4000006103,64940.85,0.01984631,1288.83624076,1704154339310,true,true
4000006104,64939.83,0.02910392,1890.00361713,1704154339360,false,true
4000006105,64939.92,0.06204392,4029.12720129,1704154339366,true,true
4000006106,64939.82,0.02008986,1304.63189223,1704154339376,true,true
4000006107,64939.10,0.05492945,3567.06904649,1704154339457,false,true
4000006108,64938.81,0.04929465,3201.13591037,1704154339530,true,true
4000006109,64935.09,0.02031551,1319.18947025,1704154339536,false,true
4000006110,64935.69,0.03097416,2011.32845177,1704154339654,false,true
4000006111,64936.26,0.01959782,1272.60913495,1704154339877,true,true
4000006112,64935.10,0.05365542,3484.12006324,1704154339999,true,true
4000006113,64935.89,0.05662725,3677.14087700,1704154340013,true,true
4000006114,64936.71,0.07036230,4569.09627003,1704154340208,true,true
4000006115,64938.05,0.04789826,3110.41960279,1704154340308,true,true
4000006116,64937.40,0.04709176,3058.01645582,1704154340737,true,true
4000006117,64935.88,0.06661491,4325.69780197,1704154340881,true,true
4000006118,64938.04,0.03903612,2534.92912200,1704154340915,false,true
4000006119,64939.00,0.04914523,3191.44209097,1704154341028,false,true
4000006120,64940.36,0.04671154,3033.46422375,1704154341240,false,true
4000006121,64940.28,0.01833323,1190.56508950,1704154341353,false,true
4000006122,64939.50,0.03833321,2489.33949080,1704154341441,true,true
4000006123,64941.82,0.09170731,5955.63961870,1704154341680,false,true
4000006124,64941.31,0.02156772,1400.63599051,1704154341686,true,true
4000006125,64937.90,0.03791083,2461.84968746,1704154341701,true,true
4000006126,64938.61,0.14678411,9531.95607349,1704154341770,false,true
4000006127,64937.69,0.05076692,3296.68651321,1704154341793,true,true
4000006128,64935.71,0.10008004,6498.76845423,1704154341861,true,true
4000006129,64937.69,0.10971791,7124.82762703,1704154341979,false,true
4000006130,64936.58,0.04617274,2998.29982483,1704154342214,false,true
4000006131,64935.86,0.10653193,6917.74249201,1704154342294,false,true
4000006132,64936.56,0.08101057,5260.54773944,1704154342384,false,true
4000006133,64936.05,0.07249429,4707.49284015,1704154342676,true,true
4000006134,64936.50,0.03363598,2184.20281527,1704154342786,true,true
4000006135,64936.54,0.03675128,2386.50096377,1704154342826,false,true
4000006136,64936.33,0.02220982,1442.22420076,1704154343128,false,true
4000006137,64936.84,0.01436281,932.67549492,1704154343334,false,true
4000006138,64938.59,0.07058012,4583.37347483,1704154343382,true,true
4000006139,64938.98,0.04294539,2788.82982230,1704154343880,true,true
4000006140,64940.02,0.04322612,2807.10509732,1704154343948,false,true
4000006141,64941.45,0.17763174,11535.66276162,1704154344543,true,true
4000006142,64941.06,0.02772566,1800.53374960,1704154344691,false,true
4000006143,64939.59,0.08064954,5237.34806129,1704154344728,false,true
4000006144,64940.63,0.02121070,1377.43622074,1704154344775,true,true
4000006145,64941.81,0.06964777,4523.05224626,1704154344890,true,true
4000006146,64944.27,0.05289073,3434.94984962,1704154344953,false,true
4000006147,64943.58,0.03148382,2044.67198288,1704154344958,true,true
4000006148,64941.70,0.03088159,2005.50295330,1704154345225,false,true
4000006149,64940.29,0.03628572,2356.40517966,1704154345532,true,true
4000006150,64944.36,0.07089776,4604.40964863,1704154345783,true,true
4000006151,64943.89,0.02642699,1716.27153159,1704154346061,true,true
4000006152,64942.25,0.17896487,11622.38132876,1704154346128,true,true
4000006153,64941.72,0.04942838,3209.96401401,1704154346540,false,true
4000006154,64938.44,0.06473693,4203.91524459,1704154346621,false,true
4000006155,64939.51,0.08384010,5444.53501235,1704154346664,false,true
4000006156,64942.72,0.05497391,3570.15524444,1704154346795,false,true
4000006157,64941.31,0.02297453,1491.99607483,1704154346807,true,true
4000006158,64939.12,0.02188127,1420.95041828,1704154346839,true,true
4000006159,64939.66,0.02811806,1825.97725626,1704154346864,true,true
4000006160,64939.78,0.08386395,5446.10646293,1704154346876,true,true
4000006161,64937.79,0.03939504,2558.22683456,1704154346915,false,true
4000006162,64936.69,0.23243588,15093.61668444,1704154346954,true,true
4000006163,64935.66,0.02293550,1489.33182993,1704154346994,false,true
4000006164,64936.52,0.01957766,1271.30511014,1704154347108,false,true
4000006165,64935.29,0.06155712,3997.22943876,1704154347119,true,true
4000006166,64934.45,0.02666782,1731.66022440,1704154347607,true,true
4000006167,64933.46,0.06358914,4129.06287862,1704154347714,true,true
4000006168,64934.79,0.07632983,4956.46148179,1704154347810,false,true
4000006169,64933.97,0.01457281,946.27040736,1704154347858,false,true
4000006170,64934.34,0.03773244,2450.13108799,1704154348435,true,true
4000006171,64933.54,0.02318650,1505.58152521,1704154348652,true,true
4000006172,64933.11,0.05851448,3799.52716643,1704154348841,true,true
4000006173,64934.05,0.05351848,3475.17165624,1704154348960,false,true
4000006174,64934.84,0.10227456,6641.18218967,1704154348964,true,true
4000006175,64935.87,0.04436003,2880.55714128,1704154349024,false,true
4000006176,64932.96,0.02476461,1608.03943055,1704154349047,false,true
4000006177,64933.61,0.08094945,5256.34001601,1704154349107,false,true
4000006178,64933.04,0.04475586,2906.13404761,1704154349323,false,true
4000006179,64933.23,0.03407218,2212.41670054,1704154349548,true,true
4000006180,64933.90,0.01818593,1180.88336003,1704154349589,false,true
4000006181,64933.35,0.03895466,2529.45657191,1704154349658,false,true
4000006182,64934.39,0.12185715,7912.71970239,1704154349684,false,true
4000006183,64935.13,0.02149883,1396.02932090,1704154349716,true,true
4000006184,64935.20,0.07529389,4889.22380593,1704154350065,false,true
4000006185,64935.09,0.02782412,1806.76173637,1704154350101,true,true
4000006186,64936.58,0.05801866,3767.53335658,1704154350309,true,true
4000006187,64937.07,0.07500970,4870.91013958,1704154350369,true,true
4000006188,64936.51,0.04011591,2604.98719087,1704154350371,false,true
4000006189,64936.35,0.08606696,5588.87423800,1704154350478,true,true
4000006190,64934.13,0.18856617,12244.38019638,1704154350603,true,true
4000006191,64936.52,0.03264767,2120.02607591,1704154350720,true,true
4000006192,64938.86,0.01970542,1279.64751062,1704154350970,true,true
4000006193,64938.87,0.09417237,6115.44729302,1704154351228,true,true
4000006194,64937.75,0.06428988,4174.84015497,1704154351240,false,true
4000006195,64938.69,0.03136481,2036.78967350,1704154351316,false,true
4000006196,64939.25,0.02506323,1627.58735878,1704154351495,false,true
4000006197,64939.64,0.02965725,1925.93113839,1704154351583,false,true
4000006198,64936.43,0.07371034,4786.48633369,1704154351751,true,true
4000006199,64935.32,0.03387508,2199.68915983,1704154352162,false,true
4000006200,64933.59,0.07039239,4570.83059138,1704154352199,true,true
4000006201,64935.80,0.05503147,3573.51252963,1704154352438,false,true
4000006202,64933.99,0.01934291,1256.01232451,1704154352508,true,true
4000006203,64936.62,0.07232463,4696.51701495,1704154352806,true,true
4000006204,64939.84,0.10586146,6874.62627457,1704154352898,false,true
4000006205,64940.84,0.01217552,790.68849624,1704154352972,true,true
4000006206,64939.99,0.08994492,5841.02220535,1704154353042,false,true
4000006207,64939.04,0.10857669,7050.86601498,1704154353204,false,true
4000006208,64938.79,0.05290747,3435.74708376,1704154353288,false,true
4000006209,64938.30,0.10528024,6836.71980919,1704154353312,true,true
4000006210,64938.09,0.07457912,4843.02560668,1704154353429,true,true
4000006211,64937.11,0.03053672,1982.96634568,1704154353431,true,true
4000006212,64940.34,0.04083733,2651.99009489,1704154353731,false,true
4000006213,64938.82,0.02180709,1416.12669223,1704154353884,false,true
4000006214,64939.08,0.03289207,2135.98076510,1704154353889,false,true
4000006215,64940.16,0.02053501,1333.54683500,1704154353913,false,true
4000006216,64939.65,0.04584350,2977.06084478,1704154354009,true,true
4000006217,64940.28,0.07983606,5184.57609050,1704154354053,false,true
4000006218,64941.02,0.05339909,3467.79137167,1704154354300,false,true
4000006219,64942.15,0.02806626,1822.68326686,1704154355162,true,true
4000006220,64941.36,0.05877586,3816.98428357,1704154355384,false,true
4000006221,64938.84,0.04550768,2955.21595029,1704154355562,true,true
4000006222,64938.85,0.11882809,7716.55951230,1704154355739,true,true
4000006223,64937.32,0.07631794,4955.88249152,1704154355799,false,true
4000006224,64936.73,0.08243193,5352.85998179,1704154356027,false,true
4000006225,64937.31,0.05169004,3356.61215139,1704154356099,true,true
4000006226,64935.60,0.03407823,2212.89031199,1704154356304,false,true
4000006227,64935.55,0.04868206,3161.19634123,1704154356620,false,true
4000006228,64936.06,0.03849171,2499.49999006,1704154356773,true,true
4000006229,64934.37,0.06006135,3900.04592360,1704154356779,true,true
4000006230,64934.64,0.08431509,5474.97001572,1704154357142,false,true
4000006231,64934.62,0.03291421,2137.27171895,1704154357183,false,true
4000006232,64933.86,0.03574000,2320.73615640,1704154357296,true,true
4000006233,64933.82,0.01923081,1248.72995499,1704154357392,false,true
4000006234,64933.45,0.03686864,2394.00799201,1704154357464,false,true
4000006235,64932.01,0.06904033,4482.92739796,1704154357754,true,true
4000006236,64931.05,0.05719525,3713.74763751,1704154357827,false,true
4000006237,64930.80,0.08703181,5651.04504875,1704154357896,false,true
4000006238,64929.44,0.01624207,1054.58850954,1704154358254,false,true
4000006239,64928.27,0.05972427,3877.79352811,1704154358373,false,true
4000006240,64930.95,0.02440673,1584.75216529,1704154358583,true,true
4000006241,64930.79,0.10059337,6531.60698286,1704154358641,true,true
4000006242,64930.62,0.08148482,5290.85988319,1704154358682,false,true
4000006243,64929.33,0.04958761,3219.69029360,1704154358917,true,true
4000006244,64927.83,0.06237162,4049.65394018,1704154359135,false,true
4000006245,64930.19,0.05941665,3857.93437366,1704154359196,false,true
4000006246,64928.77,0.06945794,4509.81861093,1704154359453,false,true
4000006247,64931.61,0.05925854,3847.75240845,1704154359507,false,true
4000006248,64931.06,0.09186499,5964.89117759,1704154359518,false,true
4000006249,64930.40,0.09276081,6022.99649762,1704154359705,false,true
4000006250,64932.18,0.06691898,4345.19525478,1704154359833,true,true
4000006251,64934.85,0.07006240,4549.49143464,1704154360031,true,true
4000006252,64933.91,0.07494540,4866.49785851,1704154360065,true,true
4000006253,64933.63,0.07873305,5112.42273747,1704154360575,false,true
4000006254,64934.28,0.02177369,1413.85888309,1704154360610,false,true
4000006255,64937.32,0.03419394,2220.46282384,1704154360627,true,true
4000006256,64933.83,0.12405515,8055.37602072,1704154360935,true,true
4000006257,64933.72,0.04583618,2976.31367799,1704154360972,true,true
4000006258,64939.24,0.07646449,4965.54586759,1704154360981,true,true
4000006259,64939.00,0.01668324,1083.39292236,1704154361156,true,true
4000006260,64938.03,0.08075454,5244.04074116,1704154361302,false,true
4000006261,64936.52,0.03193811,2073.94971878,1704154361526,true,true
4000006262,64937.13,0.04949026,3213.75544735,1704154361798,false,true
4000006263,64934.75,0.04925902,3198.62214894,1704154362128,false,true
4000006264,64934.28,0.05742816,3729.05622132,1704154362207,true,true
4000006265,64933.72,0.05639105,3661.68065121,1704154362337,true,true
4000006266,64931.60,0.04698044,3050.51513790,1704154362414,false,true
4000006267,64930.35,0.03689694,2395.73122813,1704154362604,true,true
4000006268,64928.14,0.11528110,7484.98740015,1704154362605,true,true
4000006269,64927.61,0.06292016,4085.25560962,1704154363081,false,true
4000006270,64927.38,0.04723552,3066.87855654,1704154363089,true,true
4000006271,64926.94,0.02003724,1300.95667925,1704154363089,true,true
4000006272,64927.88,0.11683774,7586.02676219,1704154363387,false,true
4000006273,64928.65,0.03311301,2149.98303674,1704154363529,true,true
4000006274,64927.58,0.03222605,2092.35943946,1704154363537,true,true
4000006275,64928.08,0.05392426,3501.19866722,1704154363631,true,true
4000006276,64927.21,0.07179394,4661.38021911,1704154363883,false,true
4000006277,64927.65,0.10915491,7087.17179226,1704154363958,false,true
4000006278,64927.57,0.02897448,1881.24257841,1704154364002,false,true
4000006279,64927.33,0.06731677,4370.69814032,1704154364118,false,true
4000006280,64927.28,0.05569413,3616.06837287,1704154364376,true,true
4000006281,64928.43,0.11476723,7451.65605935,1704154364457,true,true
4000006282,64928.63,0.08732731,5670.04259989,1704154364766,false,true
4000006283,64927.64,0.02001664,1299.63319593,1704154364812,false,true
4000006284,64928.77,0.02968238,1927.24042407,1704154364840,false,true
4000006285,64931.92,0.03866642,2510.68489013,1704154364980,false,true
4000006286,64933.26,0.05155297,3347.50240478,1704154365018,false,true
4000006287,64934.66,0.04041594,2624.39532248,1704154365228,false,true
4000006288,64932.61,0.16528115,10732.13645330,1704154365414,true,true
4000006289,64932.04,0.06571211,4266.82135500,1704154365513,false,true
4000006290,64930.66,0.14780330,9596.96581918,1704154365520,true,true
4000006291,64929.58,0.03939569,2557.94560551,1704154365717,true,true
4000006292,64930.36,0.05918966,3843.20593208,1704154366201,true,true
4000006293,64929.10,0.12976718,8425.66620694,1704154366652,true,true
4000006294,64930.32,0.07663021,4975.62405697,1704154366676,true,true
4000006295,64927.00,0.03560913,2311.99398351,1704154366707,false,true
4000006296,64923.52,0.03694783,2398.78317996,1704154366984,false,true
4000006297,64923.74,0.01896202,1231.08525635,1704154367387,true,true
4000006298,64924.75,0.06011595,3903.01302476,1704154367424,false,true
4000006299,64923.58,0.00980396,636.50818138,1704154367731,false,true
4000006300,64925.14,0.08197831,5322.45325371,1704154367808,false,true
4000006301,64927.28,0.01240859,805.65599734,1704154368037,true,true
4000006302,64927.22,0.03791796,2461.90773087,1704154368084,false,true
4000006303,64926.30,0.05353790,3476.01775677,1704154368095,false,true
4000006304,64926.20,0.03877625,2517.59456275,1704154368145,false,true
4000006305,64925.34,0.03216430,2088.27811336,1704154368525,true,true
4000006306,64925.17,0.05825371,3782.13202488,1704154368570,false,true
4000006307,64926.71,0.05212885,3384.55472658,1704154368725,false,true
4000006308,64928.27,0.02988792,1940.57093950,1704154368790,true,true
4000006309,64927.35,0.03578238,2323.25511009,1704154368838,true,true
4000006310,64925.07,0.09429126,6121.86665589,1704154369010,false,true
4000006311,64923.62,0.26737825,17359.16389927,1704154369201,false,true
4000006312,64923.57,0.03412918,2215.78820677,1704154369220,true,true
4000006313,64926.19,0.03204972,2080.86621017,1704154369272,true,true
4000006314,64927.34,0.05951583,3864.20452979,1704154369392,false,true
4000006315,64927.27,0.03785470,2457.80232767,1704154369405,false,true
4000006316,64926.79,0.02873280,1865.52847171,1704154369551,true,true
4000006317,64927.21,0.05612809,3644.24028633,1704154369780,true,true
4000006318,64926.69,0.02480616,1610.58186041,1704154369916,false,true
4000006319,64928.25,0.10423996,6768.11818287,1704154369935,false,true
4000006320,64929.71,0.01476193,958.48783394,1704154369945,false,true
4000006321,64930.21,0.02965215,1925.32032645,1704154369968,true,true
4000006322,64930.76,0.01636220,1062.41008127,1704154370028,true,true
4000006323,64931.83,0.08972097,5825.74677148,1704154370113,true,true
4000006324,64932.52,0.02039853,1324.52795720,1704154370114,true,true
4000006325,64931.81,0.04358006,2829.73217571,1704154370239,true,true
4000006326,64933.68,0.03602170,2339.02154086,1704154370417,false,true
4000006327,64932.18,0.04054705,2632.80834907,1704154370438,true,true
4000006328,64935.75,0.06683441,4339.94253916,1704154370743,true,true
4000006329,64935.61,0.08608647,5590.07744220,1704154370760,false,true
4000006330,64936.23,0.02434289,1580.73550390,1704154370779,true,true
4000006331,64935.53,0.07509392,4876.26349498,1704154370936,false,true
4000006332,64937.60,0.06419922,4168.94326867,1704154371260,true,true
4000006333,64936.20,0.02401676,1559.55713071,1704154371384,false,true
4000006334,64935.94,0.04946295,3211.92315342,1704154371426,false,true
4000006335,64938.43,0.06048443,3927.76392364,1704154371464,true,true
4000006336,64937.25,0.06596175,4283.37465019,1704154371545,false,true
4000006337,64934.78,0.06937988,4505.16724423,1704154371661,true,true
4000006338,64933.55,0.11157104,7244.70370439,1704154371916,false,true
4000006339,64931.01,0.01504537,976.91106992,1704154371966,true,true
4000006340,64929.31,0.08877020,5763.78783456,1704154371978,false,true
4000006341,64927.77,0.08592763,5579.08939729,1704154372182,false,true
4000006342,64928.11,0.10633042,6903.83320611,1704154372508,true,true
4000006343,64925.35,0.07722021,5013.54916132,1704154372657,false,true
4000006344,64927.02,0.03228620,2096.24675312,1704154372666,true,true
4000006345,64924.24,0.13207369,8574.78394725,1704154372683,false,true
4000006346,64926.71,0.03007301,1952.54159910,1704154372694,false,true
4000006347,64928.59,0.08725362,5665.25451900,1704154372754,false,true
4000006348,64930.04,0.03617953,2349.13833008,1704154372890,true,true
4000006349,64927.24,0.07489437,4862.68473564,1704154373009,true,true
4000006350,64927.30,0.05566249,3614.01518698,1704154373187,false,true
4000006351,64926.95,0.01545732,1003.59664277,1704154373386,true,true
4000006352,64927.17,0.01902526,1235.25629031,1704154373762,true,true
4000006353,64926.06,0.04021108,2610.74699274,1704154373937,true,true
4000006354,64925.90,0.14864873,9651.15257911,1704154374330,true,true
4000006355,64926.06,0.09511697,6175.57010124,1704154374441,true,true
4000006356,64928.72,0.01816125,1179.18671610,1704154374471,false,true
4000006357,64930.45,0.06536327,4244.06653457,1704154374487,true,true
4000006358,64930.24,0.02497063,1621.34899885,1704154374523,true,true
4000006359,64928.52,0.04766266,3094.66597306,1704154374617,true,true
4000006360,64928.86,0.01616353,1049.47957648,1704154374762,false,true
4000006361,64930.64,0.13842591,8988.08292888,1704154374898,false,true
4000006362,64929.54,0.02350302,1526.04027721,1704154374919,true,true
4000006363,64931.43,0.02944022,1911.59558411,1704154375097,true,true
4000006364,64932.20,0.06550056,4253.09546203,1704154375126,false,true
4000006365,64930.62,0.06597091,4283.53208826,1704154375221,false,true
4000006366,64929.60,0.19629865,12745.59282504,1704154375517,false,true
4000006367,64928.52,0.02902852,1884.77884139,1704154375580,true,true
4000006368,64927.71,0.09863737,6404.29855452,1704154375619,false,true
4000006369,64927.47,0.08431460,5474.33366206,1704154375669,true,true
4000006370,64928.65,0.06548678,4251.96821825,1704154376015,false,true
4000006371,64928.07,0.08206637,5328.41101601,1704154376065,true,true
4000006372,64925.83,0.01869823,1213.99810228,1704154376148,true,true
4000006373,64924.29,0.04283501,2781.03261139,1704154376574,false,true
4000006374,64926.16,0.06994758,4541.42777069,1704154376634,true,true
4000006375,64928.66,0.02040312,1324.74724142,1704154376682,false,true
4000006376,64930.39,0.09903963,6430.68180136,1704154376801,false,true
4000006377,64929.29,0.05102459,3312.99040124,1704154376919,false,true
4000006378,64928.52,0.07562892,4910.47384480,1704154377107,true,true
4000006379,64925.77,0.08172356,5305.96506014,1704154377179,true,true
4000006380,64924.91,0.03866154,2510.09700496,1704154377484,true,true
4000006381,64928.30,0.07926938,5146.82608545,1704154377571,false,true
4000006382,64929.40,0.14169680,9200.28820592,1704154377597,false,true
4000006383,64931.75,0.06337293,4114.91524753,1704154377677,false,true
4000006384,64931.19,0.03765692,2445.10862733,1704154377693,false,true
4000006385,64930.85,0.10430487,6772.60386824,1704154377738,true,true
4000006386,64930.40,0.03667086,2381.05360814,1704154377838,false,true
4000006387,64928.82,0.03703917,2404.90960188,1704154377970,false,true
4000006388,64929.39,0.05395194,3503.06655352,1704154378058,true,true
4000006389,64929.57,0.05080824,3298.95717566,1704154378358,false,true
4000006390,64929.05,0.04631434,3007.14609758,1704154378613,true,true
4000006391,64928.06,0.05914592,3840.22984252,1704154378706,true,true
4000006392,64926.14,0.08960208,5817.51719037,1704154378759,false,true
4000006393,64926.04,0.09309272,6044.14166243,1704154378794,false,true
4000006394,64926.85,0.08196028,5321.42280552,1704154378865,true,true
4000006395,64928.89,0.01675662,1087.98873675,1704154378929,true,true
4000006396,64928.38,0.02562445,1663.75402689,1704154378979,false,true
4000006397,64929.27,0.18621649,12090.90075766,1704154379023,true,true
4000006398,64928.66,0.04403410,2859.07510731,1704154379177,true,true
4000006399,64929.23,0.03028028,1966.07526458,1704154379300,false,true
4000006400,64928.17,0.01864275,1210.43964127,1704154379305,false,true
4000006401,64931.09,0.04320298,2805.21658265,1704154379742,true,true
4000006402,64930.61,0.01581445,1026.84188531,1704154379875,true,true
4000006403,64927.95,0.03290748,2136.61521607,1704154379950,true,true
4000006404,64929.22,0.02924657,1898.95697778,1704154379971,false,true
4000006405,64929.68,0.07640787,4961.13854858,1704154380028,true,true
4000006406,64927.98,0.05528106,3589.28755806,1704154380090,false,true
4000006407,64926.13,0.06581180,4272.90548233,1704154380312,true,true
4000006408,64926.42,0.04022028,2611.35879180,1704154380415,true,true
4000006409,64925.82,0.04449932,2889.15484044,1704154380491,true,true
4000006410,64925.44,0.05868798,3810.34292421,1704154380636,true,true
4000006411,64924.67,0.13806342,8963.72198257,1704154380658,true,true
4000006412,64924.85,0.06519794,4232.96647481,1704154380778,true,true
4000006413,64925.91,0.12426309,8067.89419766,1704154380869,true,true
4000006414,64924.61,0.02492618,1618.32251529,1704154380941,false,true
4000006415,64923.33,0.06323355,4105.33263372,1704154381226,false,true
4000006416,64921.98,0.05342498,3468.45548306,1704154381344,false,true
4000006417,64920.64,0.02344701,1522.19489529,1704154381389,true,true
4000006418,64922.15,0.04689667,3044.63264424,1704154381473,false,true
4000006419,64921.39,0.08481246,5506.14279252,1704154381849,true,true
4000006420,64920.98,0.01636718,1062.57336544,1704154381967,false,true
4000006421,64922.30,0.03298956,2141.75811119,1704154382114,true,true
4000006422,64922.09,0.06613832,4293.83796349,1704154382226,false,true
4000006423,64917.61,0.07461273,4843.68010718,1704154382240,true,true
4000006424,64919.56,0.03826134,2483.90935781,1704154382484,false,true
4000006425,64919.76,0.02193231,1423.84030145,1704154382620,false,true
4000006426,64920.64,0.02247075,1458.81547128,1704154382702,true,true
4000006427,64922.23,0.17795632,11553.32113699,1704154382788,false,true
4000006428,64921.68,0.05887028,3821.95747967,1704154382918,false,true
4000006429,64921.49,0.02509815,1629.40929424,1704154383013,false,true
4000006430,64922.47,0.03320510,2155.75710860,1704154383149,false,true
4000006431,64924.12,0.13202848,8571.83287894,1704154383574,true,true
4000006432,64923.96,0.05480813,3558.36083979,1704154383747,true,true
4000006433,64924.57,0.01642024,1066.07702130,1704154383860,false,true
4000006434,64925.24,0.03052202,1981.64947378,1704154383992,true,true
4000006435,64924.56,0.06110605,3967.28340959,1704154384086,true,true
4000006436,64926.25,0.03168233,2057.01487816,1704154384112,false,true
4000006437,64926.74,0.07175979,4659.12922778,1704154384305,true,true
4000006438,64925.74,0.03045066,1977.03163399,1704154384383,false,true
4000006439,64925.71,0.14842147,9636.36931899,1704154384456,true,true
4000006440,64925.48,0.03189488,2070.79039354,1704154384594,true,true
4000006441,64922.88,0.05386633,3497.15727863,1704154384629,true,true
4000006442,64922.42,0.10474574,6800.34692549,1704154384735,true,true
4000006443,64924.15,0.04880602,3168.68936338,1704154385084,false,true
4000006444,64922.45,0.10410463,6758.72763594,1704154385161,false,true
4000006445,64923.42,0.14194893,9215.81000094,1704154385171,false,true
4000006446,64922.18,0.10452424,6785.94152364,1704154385176,true,true
4000006447,64924.06,0.09214864,5982.66383228,1704154385253,true,true
4000006448,64924.35,0.03155350,2048.59047772,1704154385350,false,true
4000006449,64924.08,0.03495632,2269.50691619,1704154385397,true,true
4000006450,64926.61,0.10575713,6866.45193423,1704154385569,false,true
4000006451,64924.88,0.11352937,7370.88072373,1704154385668,false,true
4000006452,64925.37,0.02316683,1504.11500948,1704154385809,false,true
4000006453,64924.80,0.06872032,4461.65303194,1704154386915,false,true
4000006454,64923.35,0.09696321,6295.17641995,1704154387008,false,true
4000006455,64921.96,0.07323684,4754.67919701,1704154387025,false,true
4000006456,64920.86,0.04463248,2897.57898553,1704154387055,false,true
4000006457,64921.69,0.01740276,1129.81658986,1704154387173,true,true
4000006458,64922.52,0.05958153,3868.18307306,1704154387475,true,true
4000006459,64921.91,0.09576985,6217.56158241,1704154387594,false,true
4000006460,64919.37,0.08110921,5265.55881440,1704154387641,true,true
4000006461,64918.83,0.01953088,1267.92187847,1704154387823,false,true
4000006462,64921.45,0.01881470,1221.47760532,1704154388236,false,true
4000006463,64922.26,0.13146214,8534.81923324,1704154388373,true,true
4000006464,64920.63,0.01597468,1037.08628965,1704154388405,true,true
4000006465,64919.31,0.09449121,6134.30415427,1704154388507,true,true
4000006466,64920.83,0.12534679,8137.61764464,1704154388964,true,true
4000006467,64918.91,0.16948388,11002.70875217,1704154388997,true,true
4000006468,64918.57,0.01691169,1097.88273108,1704154389150,true,true
4000006469,64918.81,0.03648017,2368.24922500,1704154389330,true,true
4000006470,64916.20,0.12324372,8000.51397626,1704154389537,false,true
4000006471,64914.52,0.01324311,859.67012896,1704154389559,true,true
4000006472,64914.34,0.11996961,7787.74805321,1704154389580,false,true
4000006473,64912.01,0.12870574,8354.54828194,1704154389774,true,true
4000006474,64909.53,0.03654990,2372.43683055,1704154389824,false,true
4000006475,64908.63,0.03530211,2291.41159621,1704154390001,true,true
4000006476,64907.56,0.05756970,3736.70875693,1704154390060,true,true
4000006477,64906.87,0.06749197,4380.69252283,1704154390273,false,true
4000006478,64906.26,0.19087390,12388.91098061,1704154390285,false,true
4000006479,64906.51,0.02403860,1560.26163129,1704154390579,true,true
4000006480,64905.96,0.07079056,4594.72925574,1704154390604,true,true
4000006481,64908.09,0.04127210,2678.89318129,1704154390632,false,true
4000006482,64909.03,0.02323203,1507.96853223,1704154390744,false,true
4000006483,64905.73,0.08271471,5368.65863429,1704154390788,false,true
4000006484,64907.74,0.09210648,5978.42345616,1704154390873,false,true
4000006485,64908.97,0.06645254,4313.36592528,1704154390876,false,true
4000006486,64910.85,0.07449201,4835.33968731,1704154390910,false,true
4000006487,64910.80,0.06163868,4001.01602974,1704154390935,false,true
4000006488,64911.27,0.07144406,4637.52466856,1704154390962,false,true
4000006489,64908.34,0.04694181,3046.91496370,1704154391005,false,true
4000006490,64908.71,0.04520090,2933.93210984,1704154391599,true,true
4000006491,64907.84,0.02784751,1807.52172348,1704154391697,false,true
4000006492,64908.06,0.02809444,1823.55559719,1704154391755,true,true
4000006493,64905.99,0.05483041,3558.82204316,1704154391763,true,true
4000006494,64902.87,0.10711638,6952.16048601,1704154391768,false,true
4000006495,64900.22,0.03602741,2338.18683503,1704154391774,false,true
4000006496,64899.70,0.09801638,6361.23365709,1704154391805,true,true
4000006497,64900.10,0.15195690,9862.01800569,1704154392038,false,true
4000006498,64898.66,0.02069503,1343.07971566,1704154392108,false,true
4000006499,64898.09,0.10724115,6959.74580440,1704154392112,false,true
4000006500,64897.66,0.02046823,1328.34023134,1704154392255,false,true
4000006501,64895.27,0.11843236,7685.69997894,1704154392360,true,true
4000006502,64897.50,0.04064532,2637.77965470,1704154392489,true,true
4000006503,64897.60,0.06850695,4445.93663832,1704154393268,true,true
4000006504,64897.06,0.02300824,1493.16713177,1704154393284,true,true
4000006505,64899.65,0.08276151,5371.19303247,1704154393297,true,true
4000006506,64898.22,0.07868911,5106.78317238,1704154393375,true,true
4000006507,64899.37,0.05166251,3352.86435162,1704154393425,false,true
4000006508,64899.41,0.11242219,7296.13380191,1704154393488,true,true
4000006509,64901.29,0.12735748,8265.66474315,1704154393552,true,true
4000006510,64902.17,0.05040367,3271.30755896,1704154393717,false,true
4000006511,64902.25,0.02343048,1520.69087058,1704154393774,true,true
4000006512,64902.22,0.05448161,3535.97743817,1704154394102,true,true
4000006513,64902.50,0.13951270,9054.72301175,1704154394134,false,true
4000006514,64901.30,0.04945035,3209.39200046,1704154394255,true,true
4000006515,64902.57,0.06784048,4403.02150203,1704154394525,false,true
4000006516,64902.29,0.06253268,4058.51413184,1704154394838,false,true
4000006517,64901.57,0.06700837,4348.94841614,1704154394890,true,true
4000006518,64902.41,0.05299600,3439.56812036,1704154394896,false,true
4000006519,64902.63,0.03927863,2549.28638980,1704154394931,true,true
4000006520,64903.73,0.06607150,4288.28679670,1704154395056,true,true
4000006521,64903.23,0.02369465,1537.85931872,1704154395087,false,true
4000006522,64904.25,0.01637437,1062.76620407,1704154395171,false,true
4000006523,64901.43,0.05269230,3419.80561999,1704154395197,true,true
4000006524,64900.48,0.08962000,5816.38101760,1704154395476,true,true
4000006525,64900.23,0.06738648,4373.39805089,1704154395625,true,true
4000006526,64900.86,0.05040289,3271.19090749,1704154395722,false,true
4000006527,64901.09,0.11649892,7560.90689182,1704154395770,true,true
4000006528,64901.19,0.09023629,5856.44260219,1704154395946,false,true
4000006529,64898.60,0.06930575,4497.84614695,1704154396196,false,true
4000006530,64898.14,0.05435819,3527.74542477,1704154396227,false,true
4000006531,64896.54,0.18889335,12258.52484401,1704154396561,true,true
4000006532,64897.02,0.02662997,1728.20569569,1704154396791,true,true
4000006533,64898.14,0.02445581,1587.13658119,1704154396824,false,true
4000006534,64898.26,0.07244999,4701.87828802,1704154396892,true,true
4000006535,64899.35,0.02139375,1388.44046906,1704154397067,false,true
4000006536,64895.35,0.05006725,3249.13171229,1704154397118,true,true
4000006537,64895.57,0.03031809,1967.50973186,1704154397213,false,true
4000006538,64896.74,0.05732873,3720.44768534,1704154397285,true,true
4000006539,64897.62,0.01672959,1085.71057458,1704154397871,true,true
4000006540,64895.48,0.10804134,7011.39461914,1704154397893,true,true
4000006541,64897.30,0.06459471,4192.02227328,1704154398170,true,true
4000006542,64896.10,0.09193883,5966.47150556,1704154398372,true,true
4000006543,64895.49,0.05838012,3788.60649366,1704154398454,false,true
4000006544,64897.11,0.04857730,3152.52638160,1704154398528,false,true
4000006545,64896.52,0.13036903,8460.49636278,1704154398605,false,true
4000006546,64894.00,0.04624242,3000.85560348,1704154398666,false,true
4000006547,64892.94,0.03961665,2570.84089145,1704154399024,false,true
4000006548,64891.92,0.02001349,1298.71379200,1704154399141,true,true
4000006549,64891.81,0.12437077,8070.64437639,1704154399194,true,true
4000006550,64889.43,0.08893826,5771.15299659,1704154399305,false,true
4000006551,64886.79,0.02293560,1488.21746072,1704154399463,true,true
4000006552,64885.95,0.06298090,4086.57552836,1704154399528,false,true
4000006553,64885.59,0.04772415,3096.60963000,1704154399601,true,true
4000006554,64884.12,0.06363022,4128.59083011,1704154399679,true,true
4000006555,64884.16,0.03330964,2161.26801130,1704154399897,true,true
4000006556,64884.79,0.06993215,4537.53286700,1704154399922,false,true
4000006557,64884.72,0.01818407,1179.86829041,1704154400060,false,true
4000006558,64887.69,0.10499543,6812.91091326,1704154400616,true,true
4000006559,64888.99,0.08519733,5528.36869440,1704154400641,false,true
4000006560,64889.38,0.02768768,1796.63638884,1704154400773,true,true
4000006561,64889.85,0.07098002,4605.88285080,1704154400917,false,true
4000006562,64889.93,0.04121625,2674.51957736,1704154401036,false,true
4000006563,64890.91,0.04105191,2663.89579714,1704154401229,false,true
4000006564,64892.09,0.01570725,1019.27628065,1704154401608,true,true
4000006565,64889.11,0.16709763,10842.81649381,1704154401640,false,true
4000006566,64890.36,0.03699938,2400.90308798,1704154401657,false,true
4000006567,64889.40,0.09357171,6071.81211887,1704154401845,false,true
4000006568,64888.89,0.04295553,2787.33666106,1704154401879,true,true
4000006569,64888.79,0.04156099,2696.84235230,1704154402126,true,true
4000006570,64888.63,0.10429220,6767.37797769,1704154402177,true,true
4000006571,64886.19,0.04066712,2638.73447507,1704154402191,false,true
4000006572,64888.15,0.04088051,2652.66066496,1704154402282,true,true
4000006573,64889.01,0.05112815,3317.65503663,1704154402328,false,true
4000006574,64890.61,0.11649088,7559.16426264,1704154402786,false,true
4000006575,64886.78,0.13812385,8962.41186770,1704154402842,true,true
4000006576,64887.29,0.02606807,1691.48641783,1704154403219,true,true
4000006577,64885.36,0.03826607,2482.90772774,1704154403282,false,true
4000006578,64885.18,0.04267026,2768.66750075,1704154403658,true,true
4000006579,64885.71,0.07431664,4822.08795121,1704154403739,false,true
4000006580,64886.23,0.04289823,2783.50441837,1704154404031,true,true
4000006581,64882.80,0.02821224,1830.48912547,1704154404409,true,true
4000006582,64883.14,0.02090459,1356.35543961,1704154404488,true,true
4000006583,64881.51,0.04498181,2918.48775533,1704154404579,true,true
4000006584,64882.25,0.13949246,9050.58466284,1704154404781,false,true
4000006585,64882.88,0.02409884,1563.60214386,1704154404804,true,true
4000006586,64883.55,0.02690044,1745.39604376,1704154404866,true,true
4000006587,64883.08,0.09127017,5921.88974172,1704154405044,false,true
4000006588,64881.44,0.04153057,2694.56318562,1704154405046,false,true
4000006589,64881.81,0.05430617,3523.48260377,1704154405092,true,true
4000006590,64881.49,0.03653261,2370.29017039,1704154405234,false,true
4000006591,64881.24,0.02094444,1358.90123831,1704154405394,false,true
4000006592,64880.04,0.05175586,3357.92226703,1704154405402,true,true
4000006593,64879.77,0.10025852,6504.74971814,1704154405652,false,true
4000006594,64882.39,0.08258464,5358.28882049,1704154405719,false,true
4000006595,64883.27,0.03441346,2232.85781681,1704154405908,true,true
4000006596,64882.37,0.08100498,5255.79508420,1704154405982,true,true
4000006597,64881.94,0.15111389,9804.56234415,1704154406141,false,true
4000006598,64883.60,0.06440197,4178.63166069,1704154406184,true,true
4000006599,64880.34,0.03428470,2224.40299280,1704154406185,false,true
4000006600,64882.01,0.04327570,2807.81440016,1704154406475,false,true
4000006601,64881.64,0.03391459,2200.43421913,1704154406604,true,true
4000006602,64879.36,0.08063777,5231.72690943,1704154406655,true,true
4000006603,64880.18,0.04765122,3091.61973082,1704154406738,false,true
4000006604,64879.94,0.12056299,7822.11955742,1704154406890,false,true
4000006605,64878.79,0.03159289,2049.70847580,1704154406895,false,true
4000006606,64879.98,0.07438053,4825.80729879,1704154407129,true,true
4000006607,64879.22,0.05169281,3353.78919241,1704154407182,true,true
4000006608,64878.82,0.04615032,2994.17830422,1704154407203,true,true
4000006609,64878.60,0.02878455,1867.50130563,1704154407355,false,true
4000006610,64880.13,0.04413246,2863.31974202,1704154407394,false,true
4000006611,64879.56,0.03636599,2359.40943016,1704154407446,false,true
4000006612,64881.21,0.15280417,9914.11944265,1704154407863,false,true
4000006613,64880.28,0.03265904,2118.92765973,1704154407879,false,true
4000006614,64879.39,0.05970516,3873.63436065,1704154407952,true,true
4000006615,64879.22,0.07114695,4615.95862138,1704154408145,false,true
4000006616,64877.53,0.16858304,10937.25123509,1704154408390,false,true
4000006617,64881.20,0.04759894,3088.27634593,1704154408434,true,true
4000006618,64882.20,0.01762519,1143.56110262,1704154408455,true,true
4000006619,64883.52,0.09057348,5876.72620105,1704154408553,true,true
4000006620,64883.21,0.03517383,2282.19099839,1704154408933,true,true
4000006621,64886.32,0.03827291,2483.38828559,1704154408966,true,true
4000006622,64887.68,0.03725275,2417.24452112,1704154409047,true,true
4000006623,64888.49,0.03655405,2371.93710788,1704154409092,false,true
4000006624,64887.59,0.03352197,2175.15984535,1704154409375,false,true
4000006625,64886.74,0.04791276,3108.90280080,1704154409434,true,true
4000006626,64885.46,0.05416064,3514.23804029,1704154409589,false,true
4000006627,64884.39,0.16439741,10666.82566543,1704154409719,true,true
4000006628,64885.39,0.02452798,1591.50754821,1704154409898,true,true
4000006629,64885.87,0.19512151,12660.62893206,1704154410025,true,true
4000006630,64887.01,0.08078756,5242.06321360,1704154410430,true,true
4000006631,64885.41,0.02522486,1636.72538329,1704154410431,true,true
4000006632,64887.44,0.07264945,4714.03682791,1704154410512,false,true
4000006633,64889.49,0.12117517,7862.99498196,1704154410660,false,true
4000006634,64892.15,0.04013473,2604.42891937,1704154410697,false,true
4000006635,64892.36,0.05682741,3687.66474759,1704154410811,false,true
4000006636,64894.64,0.06968033,4521.87993043,1704154410850,true,true
4000006637,64896.51,0.01204091,781.41303622,1704154410991,true,true
4000006638,64897.14,0.07154471,4643.04706113,1704154411006,true,true
4000006639,64894.58,0.06585112,4273.38077493,1704154411309,false,true
4000006640,64894.38,0.22864287,14837.63729007,1704154411414,false,true
4000006641,64895.07,0.01509347,979.49179219,1704154411506,true,true
4000006642,64896.45,0.08981299,5828.54421489,1704154411988,false,true
4000006643,64893.27,0.01638318,1063.15812320,1704154412189,false,true
4000006644,64894.24,0.09792842,6354.99039030,1704154412413,true,true
4000006645,64896.25,0.04091586,2655.28587952,1704154412480,false,true
4000006646,64894.35,0.07980333,5178.78522819,1704154412679,true,true
4000006647,64895.51,0.06596638,4280.92187295,1704154412681,true,true
4000006648,64896.25,0.08720942,5659.56432267,1704154412850,true,true
4000006649,64893.82,0.06278685,4074.47854227,1704154412851,false,true
4000006650,64893.67,0.03603196,2338.24612169,1704154412957,true,true
4000006651,64893.08,0.02209819,1434.01961153,1704154413187,false,true
4000006652,64890.70,0.09718754,6306.56750188,1704154413231,true,true
4000006653,64889.12,0.06156781,3995.08101123,1704154413383,true,true
4000006654,64888.25,0.11132293,7223.55011257,1704154413700,false,true
4000006655,64888.73,0.07500357,4866.88640277,1704154413784,false,true
4000006656,64890.12,0.10438649,6773.65186248,1704154413854,false,true
4000006657,64892.61,0.03572101,2318.02957074,1704154413959,false,true
4000006658,64891.73,0.03504069,2273.85099449,1704154414065,false,true
4000006659,64890.75,0.03884105,2520.42486529,1704154414233,true,true
4000006660,64889.40,0.01733687,1124.97909218,1704154414378,true,true
4000006661,64890.13,0.09114362,5914.32135047,1704154414428,true,true
4000006662,64890.99,0.14506707,9413.54578870,1704154414440,true,true
4000006663,64891.04,0.05624714,3649.93541163,1704154414480,false,true
4000006664,64891.07,0.18026061,11697.30386175,1704154414486,true,true
4000006665,64892.56,0.04726599,3067.21109203,1704154414510,false,true
4000006666,64892.13,0.09644177,6258.31187627,1704154414635,false,true
4000006667,64891.23,0.04550942,2953.16224039,1704154414656,true,true
4000006668,64891.30,0.08692585,5640.73141011,1704154414665,false,true
4000006669,64892.33,0.05724219,3714.57908340,1704154414677,false,true
4000006670,64894.54,0.05908191,3834.09337177,1704154414732,false,true
4000006671,64892.90,0.04299786,2790.25582919,1704154415122,true,true
4000006672,64892.38,0.39915817,25902.32364774,1704154415142,false,true
4000006673,64894.47,0.02541583,1649.34681746,1704154415507,true,true
4000006674,64894.04,0.05770499,3744.70992926,1704154415528,true,true
4000006675,64895.13,0.01681809,1091.41213690,1704154415561,false,true
4000006676,64895.25,0.04289004,2783.35986831,1704154415651,false,true
4000006677,64892.89,0.02749907,1784.49412461,1704154415815,true,true
4000006678,64895.22,0.02132330,1383.78024463,1704154415984,false,true
4000006679,64895.06,0.02994848,1943.50840651,1704154416319,true,true
4000006680,64897.01,0.04370553,2836.35821747,1704154416333,true,true
4000006681,64896.00,0.01650601,1071.17402496,1704154416418,false,true
4000006682,64898.40,0.13058462,8474.73290261,1704154416450,false,true
4000006683,64900.35,0.04024020,2611.60306407,1704154416490,false,true
4000006684,64900.42,0.15761232,10229.10576517,1704154416660,false,true
4000006685,64902.28,0.12001859,7789.48013339,1704154416917,true,true
4000006686,64900.62,0.01739332,1128.83725186,1704154416950,true,true
4000006687,64902.59,0.12269734,7963.37515211,1704154417021,false,true
4000006688,64902.96,0.05403104,3506.77442788,1704154417068,false,true
4000006689,64901.66,0.03988044,2588.30675753,1704154417205,true,true
4000006690,64900.30,0.06842807,4441.00227142,1704154417250,true,true
4000006691,64899.44,0.02141660,1389.92534670,1704154417555,false,true
4000006692,64897.08,0.04840959,3141.64103500,1704154417569,true,true
4000006693,64898.11,0.06311078,4095.77034263,1704154417733,true,true
4000006694,64899.47,0.02269216,1472.70915716,1704154417816,true,true
4000006695,64897.79,0.04710347,3056.91110433,1704154417928,false,true
4000006696,64900.28,0.06458936,4191.86754902,1704154418061,true,true
4000006697,64899.48,0.06710780,4355.26132394,1704154418126,true,true
4000006698,64897.24,0.04761873,3090.32414931,1704154418137,true,true
4000006699,64897.79,0.03000109,1947.00443859,1704154418250,false,true
4000006700,64899.80,0.04818255,3127.03785849,1704154418310,true,true
4000006701,64902.21,0.04790371,3109.05664620,1704154418331,true,true
4000006702,64900.48,0.05514022,3578.62674531,1704154418703,false,true
4000006703,64900.30,0.03553468,2306.21139240,1704154418830,false,true
4000006704,64898.28,0.03709497,2407.39974965,1704154418872,true,true
4000006705,64898.81,0.06914655,4487.52881061,1704154418940,false,true
4000006706,64900.52,0.05418534,3516.65674238,1704154419095,true,true
4000006707,64902.26,0.05712633,3707.62792251,1704154419158,false,true
4000006708,64899.48,0.07713696,5006.14859278,1704154419267,true,true
4000006709,64900.85,0.04798188,3114.06479660,1704154419320,true,true
4000006710,64900.47,0.10474742,6798.15678929,1704154419597,false,true
4000006711,64900.37,0.09924494,6441.03332663,1704154419956,true,true
4000006712,64899.12,0.08225032,5337.97338772,1704154420014,false,true
4000006713,64900.00,0.03349160,2173.60484000,1704154420027,false,true
4000006714,64898.81,0.06451218,4186.76371251,1704154420165,false,true
4000006715,64899.56,0.01719129,1115.70715683,1704154420210,false,true
4000006716,64900.11,0.04451271,2888.87977540,1704154420332,false,true
4000006717,64898.34,0.06746086,4378.09782897,1704154420491,false,true
4000006718,64899.50,0.08679873,5633.19417764,1704154420560,true,true
4000006719,64899.55,0.03299321,2141.24448206,1704154420711,true,true
4000006720,64898.49,0.05256838,3411.60848375,1704154420724,true,true
4000006721,64896.67,0.05118563,3321.77693885,1704154420914,false,true
4000006722,64897.03,0.03924412,2546.82683296,1704154420995,false,true
4000006723,64898.62,0.13121565,8515.71460740,1704154421131,false,true
4000006724,64899.51,0.07799816,5062.04236490,1704154421182,true,true
4000006725,64900.00,0.05156473,3346.55097700,1704154421293,false,true
4000006726,64904.45,0.07259165,4711.52111784,1704154421430,true,true
4000006727,64902.90,0.03381960,2194.99011684,1704154421664,false,true
4000006728,64901.61,0.07351935,4771.52418115,1704154421745,true,true
4000006729,64901.37,0.06437101,4177.76673728,1704154421773,false,true
4000006730,64901.68,0.03124029,2027.54730469,1704154421958,true,true
4000006731,64902.01,0.05277139,3424.96928149,1704154421989,false,true
4000006732,64902.68,0.07682156,4985.92512578,1704154422521,true,true
4000006733,64898.83,0.05439010,3529.85385358,1704154422592,false,true
4000006734,64895.51,0.02645767,1716.98398806,1704154423172,false,true
4000006735,64894.30,0.06802261,4414.27966012,1704154423257,true,true
4000006736,64894.52,0.06475788,4202.43153882,1704154423316,true,true
4000006737,64895.03,0.06587352,4274.86405661,1704154423440,true,true
4000006738,64895.84,0.05659511,3672.78720334,1704154423457,false,true
4000006739,64896.78,0.03709922,2407.61991851,1704154423627,false,true
4000006740,64894.13,0.07086047,4598.42855204,1704154423652,true,true
4000006741,64895.34,0.06573408,4265.83547119,1704154423657,true,true
4000006742,64895.09,0.19377392,12574.97597805,1704154423679,true,true
4000006743,64897.01,0.01940427,1259.27910423,1704154423687,false,true
4000006744,64896.66,0.05541263,3596.09460882,1704154423702,true,true
4000006745,64897.46,0.10206445,6623.72356130,1704154423802,false,true
4000006746,64897.68,0.02518082,1634.17679850,1704154423911,true,true
4000006747,64896.99,0.06527527,4236.16854444,1704154423929,false,true
4000006748,64896.01,0.06992846,4538.07803944,1704154424137,true,true
4000006749,64896.77,0.03361305,2181.37837485,1704154424156,false,true
4000006750,64897.11,0.03210452,2083.49056594,1704154424192,true,true
4000006751,64895.74,0.04241970,2752.85782208,1704154424227,true,true
4000006752,64894.19,0.05868061,3808.03065466,1704154424232,false,true
4000006753,64896.74,0.03348710,2173.20362205,1704154424537,true,true
4000006754,64897.55,0.05351877,3473.23705201,1704154424661,true,true
4000006755,64898.77,0.01436540,932.29679056,1704154424776,true,true
4000006756,64898.79,0.10945927,7103.77417728,1704154424787,false,true
4000006757,64898.51,0.19896813,12912.73517449,1704154425045,true,true
4000006758,64896.36,0.03318737,2153.73951097,1704154425255,true,true
4000006759,64897.02,0.02287427,1484.47195768,1704154425489,true,true
4000006760,64895.51,0.09184095,5960.06528913,1704154425763,true,true
4000006761,64895.29,0.02720157,1765.25377361,1704154425950,true,true
4000006762,64894.37,0.23133758,15012.50651142,1704154425960,false,true
4000006763,64896.37,0.08726072,5662.90397159,1704154425974,true,true
4000006764,64898.13,0.01995869,1295.28165825,1704154426020,true,true
4000006765,64899.37,0.04203240,2727.87627959,1704154426172,false,true
4000006766,64900.50,0.10173907,6602.91651254,1704154426282,false,true
4000006767,64901.74,0.05036413,3268.71967059,1704154426338,false,true
4000006768,64904.10,0.05042662,3272.89438714,1704154426543,true,true
4000006769,64905.39,0.03425089,2223.06737330,1704154426755,false,true
4000006770,64904.43,0.05560713,3609.14907659,1704154426768,false,true
4000006771,64904.92,0.02966385,1925.32981114,1704154426807,true,true
4000006772,64901.51,0.06342475,4116.36204637,1704154426856,false,true
4000006773,64903.42,0.04441952,2882.97876276,1704154426931,true,true
4000006774,64903.31,0.07632859,4953.97813863,1704154427277,true,true
4000006775,64903.12,0.11451751,7432.54369363,1704154427594,true,true
4000006776,64903.00,0.04959282,3218.72279646,1704154427629,true,true
4000006777,64903.81,0.06539081,4244.11270799,1704154428478,true,true
4000006778,64903.59,0.07262417,4713.56935377,1704154428891,true,true
4000006779,64906.03,0.08152760,5291.63285143,1704154428913,false,true
4000006780,64906.12,0.02594793,1684.17945833,1704154428921,false,true
4000006781,64905.85,0.04323921,2806.47767838,1704154429290,false,true
4000006782,64905.97,0.12436905,8072.29382823,1704154429293,false,true
4000006783,64904.54,0.04394219,2852.04762854,1704154429358,false,true
4000006784,64905.58,0.06724662,4364.68087414,1704154429419,false,true
4000006785,64905.46,0.06152347,3993.20912115,1704154429794,false,true
4000006786,64903.89,0.08056470,5228.96242668,1704154429853,true,true
4000006787,64902.64,0.02749855,1784.72849117,1704154429892,true,true
4000006788,64902.63,0.06276873,4073.85565876,1704154430023,false,true
4000006789,64902.07,0.05865456,3806.80235894,1704154430340,true,true
4000006790,64900.52,0.06011055,3901.20595249,1704154430413,true,true
4000006791,64902.83,0.03639573,2362.18587692,1704154430494,false,true
4000006792,64901.73,0.03964379,2572.95055476,1704154430522,false,true
4000006793,64902.12,0.04949738,3212.48489645,1704154430536,true,true
4000006794,64903.28,0.03256018,2113.26247939,1704154430713,true,true
4000006795,64905.49,0.00972885,631.45577639,1704154430715,false,true
4000006796,64906.49,0.03999223,2595.75527657,1704154431077,false,true
4000006797,64906.97,0.03023664,1962.56868538,1704154431151,true,true
4000006798,64907.12,0.07709076,5003.73921021,1704154431196,true,true
4000006799,64905.78,0.03923675,2546.69186342,1704154431248,true,true
4000006800,64906.74,0.04265368,2768.51131780,1704154431329,true,true
4000006801,64905.61,0.01835428,1191.29573951,1704154431384,true,true
4000006802,64908.05,0.02538942,1647.97774283,1704154431430,true,true
4000006803,64907.40,0.02364344,1534.63421746,1704154431553,false,true
4000006804,64908.39,0.04744812,3079.78107773,1704154431567,false,true
4000006805,64908.28,0.02527166,1640.33998334,1704154431600,true,true
4000006806,64909.28,0.04927471,3198.38594831,1704154431645,true,true
4000006807,64906.44,0.08955679,5812.81241673,1704154431730,false,true
4000006808,64905.88,0.01283022,832.75671969,1704154431901,false,true
4000006809,64904.65,0.04072581,2643.29444402,1704154432144,true,true
4000006810,64905.70,0.04593910,2981.70944287,1704154432395,true,true
4000006811,64904.93,0.03033453,1968.86054623,1704154432407,false,true
4000006812,64903.61,0.00863027,560.13567827,1704154432446,true,true
4000006813,64903.83,0.06712586,4356.72540604,1704154432757,true,true
4000006814,64901.23,0.12253352,7952.57616423,1704154432813,false,true
4000006815,64900.61,0.04520593,2933.89243262,1704154433030,true,true
4000006816,64899.89,0.05375756,3488.85973067,1704154433046,true,true
4000006817,64900.10,0.05530994,3589.62063699,1704154433156,true,true
4000006818,64897.56,0.02015145,1307.77993546,1704154433194,false,true
4000006819,64897.24,0.07373987,4785.51404096,1704154433342,true,true
4000006820,64896.61,0.05467489,3548.21501312,1704154433814,false,true
4000006821,64895.79,0.03187107,2068.29826580,1704154434072,false,true
4000006822,64894.94,0.03862841,2506.78834925,1704154434152,true,true
4000006823,64895.29,0.03966884,2574.32087576,1704154434214,true,true
4000006824,64897.10,0.03983136,2584.93975306,1704154434262,false,true
4000006825,64894.88,0.02445244,1586.83815951,1704154434265,false,true
4000006826,64896.14,0.03800942,2466.66464164,1704154434271,false,true
4000006827,64899.30,0.10382456,6738.14126681,1704154434408,true,true
4000006828,64899.30,0.03893885,2527.10410780,1704154434417,false,true
4000006829,64901.02,0.07030918,4563.13749736,1704154434454,false,true
4000006830,64900.98,0.14013223,9094.71905659,1704154434544,true,true
4000006831,64901.37,0.06091121,3953.22097736,1704154434550,false,true
4000006832,64901.26,0.02440448,1583.88150164,1704154434576,true,true
4000006833,64902.54,0.02466683,1600.93992075,1704154434682,false,true
4000006834,64904.59,0.06660264,4322.81704212,1704154434987,true,true
4000006835,64905.78,0.01727438,1121.20710792,1704154435014,false,true
4000006836,64906.29,0.04537886,2945.37344703,1704154435052,false,true
4000006837,64907.81,0.09450924,6134.38779316,1704154435130,true,true
4000006838,64906.42,0.02721505,1766.43146562,1704154435419,false,true
4000006839,64905.61,0.07442487,4830.59158652,1704154435535,false,true
4000006840,64906.00,0.05898636,3828.56868216,1704154435633,true,true
4000006841,64906.21,0.04591239,2979.99922694,1704154435643,false,true
4000006842,64906.00,0.02749685,1784.71054610,1704154435724,false,true
4000006843,64907.86,0.06932211,4499.54981078,1704154435755,true,true
4000006844,64908.77,0.05365918,3482.95137301,1704154435770,false,true
4000006845,64907.41,0.02770617,1798.33573572,1704154435796,false,true
4000006846,64909.09,0.03260876,2116.60493763,1704154436031,false,true
4000006847,64908.86,0.05212558,3383.41197464,1704154436062,false,true
4000006848,64908.39,0.04501519,2921.86350844,1704154436094,true,true
4000006849,64908.95,0.08222290,5337.00210496,1704154436189,true,true
4000006850,64910.48,0.02852232,1851.39748191,1704154436264,false,true
4000006851,64911.60,0.07096759,4606.61981504,1704154436341,true,true
4000006852,64911.43,0.15913234,10329.50774865,1704154436574,true,true
4000006853,64911.90,0.06971083,4525.06242588,1704154436693,false,true
4000006854,64911.98,0.03148748,2043.91467201,1704154436733,true,true
4000006855,64914.48,0.03859578,2505.42498889,1704154436803,true,true
4000006856,64913.96,0.02438283,1582.78605131,1704154437060,true,true
4000006857,64914.38,0.04272035,2773.16503363,1704154437091,true,true
4000006858,64915.44,0.05710625,3707.07734550,1704154437182,true,true
4000006859,64914.72,0.09463639,6143.29475866,1704154437232,false,true
4000006860,64914.16,0.02315547,1503.11788446,1704154437380,true,true
4000006861,64914.57,0.01356021,880.25520126,1704154437402,true,true
4000006862,64912.95,0.05413893,3514.31765614,1704154437425,true,true
4000006863,64912.55,0.06192400,4019.64474620,1704154437581,false,true
4000006864,64912.40,0.09052077,5875.92043055,1704154437604,false,true
4000006865,64909.86,0.09616650,6242.15405169,1704154437666,true,true
4000006866,64910.65,0.05242850,3403.16801353,1704154437710,false,true
4000006867,64910.49,0.04924220,3196.33533068,1704154437762,true,true
4000006868,64909.13,0.02945280,1911.75562406,1704154437945,false,true
4000006869,64908.45,0.01045673,678.73013637,1704154437972,true,true
4000006870,64910.35,0.01185597,769.57516229,1704154438019,true,true
4000006871,64909.30,0.09446905,6131.91990717,1704154438038,true,true
4000006872,64909.09,0.03134709,2034.71108605,1704154438046,false,true
4000006873,64907.18,0.01022943,663.96345431,1704154438122,true,true
4000006874,64907.53,0.10277306,6670.74547514,1704154438176,false,true
4000006875,64909.07,0.04196573,2723.95650617,1704154438189,false,true
4000006876,64907.87,0.08876334,5761.43933349,1704154438210,true,true
4000006877,64908.54,0.14055193,9123.02057048,1704154438266,true,true
4000006878,64908.89,0.04796295,3113.22184563,1704154438416,true,true
4000006879,64908.13,0.04217002,2737.17714026,1704154438542,false,true
4000006880,64909.16,0.08378770,5438.58922533,1704154438769,true,true
4000006881,64909.49,0.06456984,4191.19538378,1704154438912,true,true
4000006882,64908.54,0.04732887,3072.04785155,1704154438984,false,true
4000006883,64907.69,0.00952582,618.29897156,1704154439026,true,true
4000006884,64907.16,0.06823603,4429.00691697,1704154439026,false,true
4000006885,64905.11,0.02296688,1490.66787276,1704154439044,true,true
4000006886,64902.47,0.06179430,4010.60270192,1704154439187,false,true
4000006887,64903.52,0.10054464,6525.70105313,1704154439460,false,true
4000006888,64902.65,0.03395691,2203.89344481,1704154439624,false,true
4000006889,64902.05,0.08054227,5227.35843465,1704154439626,true,true
4000006890,64904.92,0.03583481,2325.85547627,1704154439641,false,true
4000006891,64904.33,0.10104677,6558.37290551,1704154439658,false,true
4000006892,64903.53,0.05861354,3804.22565180,1704154439659,true,true
4000006893,64899.39,0.13314604,8641.09677692,1704154439693,false,true
4000006894,64901.69,0.06334652,4111.29620362,1704154439693,true,true
4000006895,64903.45,0.03018517,1959.12167184,1704154439955,true,true
4000006896,64902.84,0.03680968,2389.05277149,1704154440160,false,true
4000006897,64899.25,0.02341888,1519.86774784,1704154440179,true,true
4000006898,64899.59,0.04804504,3118.10339753,1704154440435,true,true
4000006899,64899.34,0.03316635,2152.47422521,1704154440722,false,true
4000006900,64898.08,0.06514493,4227.78087873,1704154440884,true,true
4000006901,64897.71,0.07658790,4970.37932371,1704154440920,true,true
4000006902,64897.52,0.07846940,5092.46945589,1704154440981,true,true
4000006903,64896.49,0.06010738,3900.75798510,1704154440984,false,true
4000006904,64895.36,0.04332213,2811.40522232,1704154441084,true,true
4000006905,64897.23,0.08833053,5732.40672143,1704154441149,false,true
4000006906,64899.38,0.15482229,10047.87063118,1704154441172,true,true
4000006907,64900.13,0.05035807,3268.24528955,1704154441227,false,true
4000006908,64900.02,0.05551248,3602.76106225,1704154441432,true,true
4000006909,64897.06,0.01664547,1080.24206532,1704154441596,false,true
4000006910,64897.16,0.03692450,2396.29518442,1704154441750,true,true
4000006911,64895.62,0.09741693,6321.93207085,1704154441767,true,true
4000006912,64896.11,0.02401798,1558.67347206,1704154441854,false,true
4000006913,64892.18,0.02985935,1937.63831488,1704154441980,true,true
4000006914,64892.48,0.19223125,12474.36254600,1704154442366,true,true
4000006915,64893.20,0.03307112,2146.09080438,1704154442389,true,true
4000006916,64891.65,0.13929893,9039.33741093,1704154442445,false,true
4000006917,64891.73,0.03880195,2517.92566287,1704154442632,true,true
4000006918,64892.24,0.03093166,2007.22470432,1704154442857,true,true
4000006919,64890.07,0.06203622,4025.53465834,1704154442881,true,true
4000006920,64890.64,0.05322332,3453.69529772,1704154442975,false,true
4000006921,64891.69,0.05265831,3417.08672844,1704154443389,false,true
4000006922,64892.26,0.02479504,1609.00618239,1704154443389,true,true
4000006923,64892.35,0.02543608,1650.60700599,1704154443459,true,true
4000006924,64893.20,0.01644045,1066.87340994,1704154443748,false,true
4000006925,64895.13,0.26562081,17237.49699566,1704154444142,false,true
4000006926,64894.09,0.11253971,7303.16206931,1704154444306,false,true
4000006927,64893.35,0.04030201,2615.33244063,1704154444503,false,true
4000006928,64891.92,0.03885201,2521.18152476,1704154444617,false,true
4000006929,64892.53,0.04860888,3154.35320367,1704154444809,true,true
4000006930,64895.08,0.04656841,3022.06069242,1704154444963,false,true
4000006931,64895.17,0.02551275,1655.65424842,1704154445035,true,true
4000006932,64895.17,0.13924454,9036.29809487,1704154445046,true,true
4000006933,64893.79,0.08132556,5277.52381227,1704154445282,true,true
4000006934,64895.61,0.04278351,2776.46197939,1704154445286,true,true
4000006935,64895.73,0.01461225,948.27263069,1704154445702,true,true
4000006936,64896.76,0.12853100,8341.24545956,1704154445856,false,true
4000006937,64895.61,0.03602344,2337.76311310,1704154445946,false,true
4000006938,64895.40,0.09411816,6107.83564046,1704154445963,true,true
4000006939,64893.52,0.04815747,3125.10774259,1704154446083,true,true
4000006940,64893.83,0.12359997,8020.87544119,1704154446124,true,true
4000006941,64895.75,0.02837125,1841.17354719,1704154446287,true,true
4000006942,64893.59,0.03215885,2086.90322677,1704154446556,false,true
4000006943,64894.01,0.03864736,2507.98216631,1704154446852,false,true
4000006944,64893.33,0.08487457,5507.79347962,1704154447043,false,true
4000006945,64893.90,0.03573207,2318.79337737,1704154447215,true,true
4000006946,64895.48,0.02719025,1764.52432507,1704154447234,true,true
4000006947,64894.12,0.09519868,6177.83456376,1704154447480,true,true
4000006948,64892.41,0.04734137,3072.09559200,1704154447665,false,true
4000006949,64892.36,0.07751371,5030.04757426,1704154447728,true,true
4000006950,64892.46,0.12869252,8351.17420640,1704154447729,true,true
4000006951,64893.51,0.05056810,3281.54150303,1704154447848,true,true
4000006952,64896.27,0.04325957,2807.38473480,1704154447980,true,true
4000006953,64895.93,0.07935115,5149.56667582,1704154448268,false,true
4000006954,64894.38,0.01802610,1169.79258332,1704154448282,false,true
4000006955,64895.91,0.04296885,2788.50262240,1704154448502,true,true
4000006956,64895.88,0.03618212,2348.07051767,1704154448827,true,true
4000006957,64895.65,0.07654380,4967.35965447,1704154449048,true,true
4000006958,64896.34,0.04941591,3206.91169677,1704154449392,false,true
4000006959,64896.23,0.03181229,2064.49768867,1704154449707,true,true
4000006960,64896.73,0.11104711,7206.59431495,1704154449830,false,true
4000006961,64896.28,0.02353805,1527.53188345,1704154450039,false,true
4000006962,64895.75,0.02362723,1533.30681127,1704154450127,false,true
4000006963,64895.08,0.09641476,6256.84356338,1704154450266,false,true
4000006964,64894.06,0.10896638,7071.27080170,1704154450275,true,true
4000006965,64892.84,0.05386779,3495.63387762,1704154450863,true,true
4000006966,64892.11,0.02680064,1739.15007895,1704154450892,true,true
4000006967,64894.19,0.04893738,3175.75163582,1704154451037,false,true
4000006968,64890.68,0.06883791,4466.93878968,1704154451354,false,true
4000006969,64890.07,0.03711677,2408.50980347,1704154451482,true,true
4000006970,64891.77,0.05059018,3282.88632482,1704154451591,false,true
4000006971,64892.33,0.06884489,4467.50532069,1704154451639,true,true
4000006972,64895.42,0.05588918,3626.95180956,1704154451749,false,true
4000006973,64893.52,0.17566110,11399.26710607,1704154451930,false,true
4000006974,64893.38,0.03273838,2124.50413392,1704154452338,true,true
4000006975,64895.34,0.03388632,2199.06425775,1704154452365,false,true
4000006976,64894.14,0.05716184,3709.46844762,1704154452415,true,true
4000006977,64895.61,0.08836431,5734.45579968,1704154452527,false,true
4000006978,64896.35,0.05574738,3617.80148406,1704154452565,false,true
4000006979,64895.17,0.05202759,3376.33929774,1704154452615,true,true
4000006980,64896.21,0.05488501,3561.82913481,1704154452672,false,true
4000006981,64894.78,0.00951871,617.71459133,1704154453173,false,true
4000006982,64896.21,0.05758821,3737.25656968,1704154453182,false,true
4000006983,64895.14,0.06445825,4183.02715790,1704154453378,true,true
4000006984,64892.78,0.03290574,2135.34494656,1704154453392,true,true
4000006985,64893.75,0.09495728,6162.13398900,1704154453527,false,true
4000006986,64895.44,0.08007379,5196.42383452,1704154453691,false,true
4000006987,64896.05,0.01622985,1053.25315709,1704154453762,false,true
4000006988,64893.47,0.10397165,6747.08115013,1704154453782,false,true
4000006989,64895.52,0.04446342,2885.47676188,1704154453907,true,true
4000006990,64894.73,0.07295214,4734.20942822,1704154454055,false,true
4000006991,64894.73,0.05288820,3432.16545919,1704154454112,false,true
4000006992,64895.22,0.03011430,1954.27412365,1704154454128,false,true
4000006993,64893.35,0.08353956,5421.16190593,1704154454214,false,true
4000006994,64891.58,0.05306887,3443.72282311,1704154454260,true,true
4000006995,64891.86,0.03285900,2132.28162774,1704154454325,false,true
4000006996,64893.73,0.04669921,3030.48592495,1704154454363,true,true
4000006997,64893.90,0.04328777,2809.11221760,1704154454511,true,true
4000006998,64894.55,0.02910945,1889.04465850,1704154454646,false,true
4000006999,64894.89,0.03700623,2401.51522516,1704154454921,true,true
4000007000,64894.05,0.04316511,2801.15880660,1704154454941,true,true
4000007001,64892.78,0.03979536,2582.43154150,1704154454943,false,true
4000007002,64894.73,0.09381815,6088.30351335,1704154455071,false,true
4000007003,64895.00,0.04679449,3036.72842855,1704154455461,true,true
4000007004,64894.62,0.03585803,2326.99323080,1704154455570,false,true
4000007005,64894.94,0.08235375,5344.34166503,1704154455641,false,true
4000007006,64894.10,0.05281198,3427.18591132,1704154455666,false,true
4000007007,64895.95,0.07375820,4786.60845929,1704154455841,true,true
4000007008,64896.74,0.02415385,1567.50612345,1704154456069,true,true
4000007009,64896.69,0.03520869,2284.92744024,1704154456260,true,true
4000007010,64896.15,0.04151457,2694.13576191,1704154456291,true,true
4000007011,64895.31,0.05222307,3389.03231680,1704154456296,true,true
4000007012,64897.03,0.06504902,4221.48820241,1704154456385,true,true
4000007013,64896.14,0.02937284,1906.18393684,1704154456460,false,true
4000007014,64897.25,0.05893116,3824.47022331,1704154456544,true,true
4000007015,64894.35,0.03615423,2346.20525560,1704154456820,true,true
4000007016,64894.82,0.04582604,2973.87261711,1704154456841,false,true
4000007017,64893.38,0.01923071,1247.94577170,1704154456844,true,true
4000007018,64897.64,0.13202940,8568.39647062,1704154456951,false,true
4000007019,64898.76,0.05883728,3818.46651377,1704154457018,false,true
4000007020,64897.49,0.04945759,3209.67345245,1704154457057,true,true
4000007021,64895.18,0.09392815,6095.48420132,1704154457204,false,true
4000007022,64896.68,0.05401020,3505.08266614,1704154457242,true,true
4000007023,64897.80,0.10062759,6530.50921030,1704154458154,true,true
4000007024,64898.51,0.09091844,5900.47128752,1704154458232,false,true
4000007025,64898.50,0.10080521,6542.10692119,1704154458269,true,true
4000007026,64896.07,0.07407904,4807.43856537,1704154458308,true,true
4000007027,64895.40,0.09233942,5992.40359667,1704154458314,true,true
4000007028,64894.67,0.05716847,3709.92899505,1704154458400,true,true
4000007029,64891.58,0.07366714,4780.37710868,1704154458421,true,true
4000007030,64889.06,0.04302142,2791.61950367,1704154458620,false,true
4000007031,64889.94,0.08111171,5263.33399520,1704154458773,true,true
4000007032,64889.98,0.03149095,2043.44711568,1704154458773,false,true
4000007033,64890.54,0.09664091,6271.08083599,1704154459127,true,true
4000007034,64891.92,0.05655805,3670.16045596,1704154459224,true,true
4000007035,64892.88,0.05135330,3332.46353450,1704154459638,true,true
4000007036,64891.89,0.06732448,4368.81275047,1704154459892,false,true
4000007037,64892.96,0.02420248,1570.57056654,1704154460001,false,true
4000007038,64893.23,0.06660273,4322.06627652,1704154460180,false,true
4000007039,64893.09,0.10722497,6958.15962846,1704154460689,false,true
4000007040,64892.56,0.03283951,2131.03987305,1704154460885,true,true
4000007041,64894.24,0.07568364,4911.43229823,1704154460986,true,true
4000007042,64894.22,0.05634269,3656.31492025,1704154461320,false,true
4000007043,64894.27,0.05099544,3309.31185213,1704154461480,true,true
4000007044,64891.92,0.10200639,6619.39049937,1704154461503,false,true
4000007045,64889.87,0.05588622,3626.44955059,1704154461510,true,true
4000007046,64890.10,0.04159876,2699.34769628,1704154461579,false,true
4000007047,64888.78,0.04209446,2731.45815416,1704154461638,false,true
4000007048,64888.13,0.02194016,1423.65595430,1704154461648,false,true
4000007049,64891.78,0.08562734,5556.51050927,1704154461974,false,true
4000007050,64891.74,0.04959265,3218.15334971,1704154461980,true,true
4000007051,64893.17,0.08019486,5204.09868311,1704154462142,false,true
4000007052,64893.62,0.05070362,3290.34144890,1704154462184,false,true
4000007053,64891.47,0.05815338,3773.65831367,1704154462216,true,true
4000007054,64891.11,0.03558736,2309.30329237,1704154462788,false,true
4000007055,64892.56,0.15627771,10141.26067284,1704154463081,false,true
4000007056,64892.97,0.02590600,1681.11728082,1704154463221,true,true
4000007057,64891.36,0.01876929,1217.96475433,1704154463253,false,true
4000007058,64890.34,0.03673846,2383.97116048,1704154463803,true,true
4000007059,64890.33,0.03157296,2048.77979348,1704154463856,true,true
4000007060,64888.73,0.09142937,5932.73570400,1704154464025,true,true
4000007061,64888.31,0.03647494,2366.79721395,1704154464089,false,true
4000007062,64890.19,0.09860996,6398.81904029,1704154464132,false,true
4000007063,64892.53,0.03415057,2216.11688824,1704154464144,true,true
4000007064,64893.27,0.03968109,2575.03568726,1704154464333,false,true
4000007065,64892.48,0.03772135,2447.83195045,1704154464401,false,true
4000007066,64892.50,0.01863508,1209.27692890,1704154464546,true,true
4000007067,64890.83,0.06362351,4128.58237141,1704154464834,true,true
4000007068,64890.85,0.04715849,3060.15450082,1704154464886,true,true
4000007069,64891.12,0.01690304,1096.85719700,1704154465000,false,true
4000007070,64892.42,0.05890629,3822.57171132,1704154465160,false,true
4000007071,64891.84,0.04877890,3165.35257418,1704154465278,false,true
4000007072,64890.86,0.04802825,3116.59444680,1704154465329,true,true
4000007073,64889.91,0.06654820,4318.30670866,1704154465383,false,true
4000007074,64889.87,0.08557395,5552.88249089,1704154465490,true,true
4000007075,64889.03,0.05794870,3760.23493276,1704154465524,false,true
4000007076,64889.97,0.08347314,5416.56955041,1704154465536,true,true
4000007077,64891.60,0.09250550,6002.82990380,1704154465686,false,true
4000007078,64890.08,0.09716581,6305.09718416,1704154465781,false,true
4000007079,64888.81,0.07001225,4543.01158792,1704154465881,true,true
4000007080,64890.07,0.04925294,3196.02672431,1704154465903,false,true
4000007081,64890.19,0.15359697,9966.93656672,1704154465989,false,true
4000007082,64890.85,0.14626863,9491.49572904,1704154466137,false,true
4000007083,64889.57,0.02364184,1534.10883161,1704154466138,true,true
4000007084,64889.74,0.01439549,934.11960327,1704154466382,false,true
4000007085,64889.62,0.08672780,5627.73398544,1704154466467,true,true
4000007086,64889.79,0.04839712,3140.47895340,1704154466510,true,true
4000007087,64891.02,0.01857266,1205.19885151,1704154466779,true,true
4000007088,64888.50,0.05552825,3603.14485013,1704154466937,true,true
4000007089,64888.83,0.05922117,3842.79243253,1704154466978,true,true
4000007090,64889.91,0.04609215,2990.91546521,1704154467019,true,true
4000007091,64889.86,0.05288315,3431.58019986,1704154467054,false,true
4000007092,64889.22,0.05401268,3504.84067531,1704154467367,true,true
4000007093,64887.48,0.01003936,651.42877121,1704154467377,true,true
4000007094,64886.05,0.06639396,4308.04180826,1704154467472,false,true
4000007095,64886.52,0.02990301,1940.30225643,1704154467695,false,true
4000007096,64887.17,0.09034884,5862.48054038,1704154467764,true,true
4000007097,64888.68,0.03518107,2282.85319329,1704154467875,true,true
4000007098,64887.14,0.04205569,2728.87344483,1704154467918,false,true
4000007099,64886.61,0.07511706,4874.09137657,1704154467961,false,true
4000007100,64887.66,0.06131666,3978.69458642,1704154468078,false,true
4000007101,64889.95,0.04854839,3150.30259968,1704154468225,true,true
4000007102,64891.02,0.33127370,21496.68829217,1704154468371,true,true
4000007103,64892.51,0.04306013,2794.27991663,1704154468421,true,true
4000007104,64896.75,0.04523203,2935.41174290,1704154468457,true,true
4000007105,64898.12,0.03219979,2089.70583539,1704154468477,false,true
4000007106,64897.41,0.25402421,16485.51330630,1704154468520,false,true
4000007107,64896.22,0.03412400,2214.51861128,1704154468573,true,true
4000007108,64898.41,0.11711129,7600.33651405,1704154468638,true,true
4000007109,64898.66,0.03680038,2388.29534949,1704154468956,false,true
4000007110,64899.01,0.04266560,2768.95520106,1704154469034,true,true
4000007111,64898.30,0.03179471,2063.42262799,1704154469037,false,true
4000007112,64897.88,0.07451567,4835.90900978,1704154469054,false,true
4000007113,64899.27,0.09327241,6053.31132014,1704154469089,false,true
4000007114,64899.62,0.09377711,6086.09880370,1704154469295,true,true
4000007115,64901.56,0.03058576,1985.06353779,1704154469303,true,true
4000007116,64899.79,0.07819162,5074.61971776,1704154469379,false,true
4000007117,64900.84,0.03208849,2082.56995533,1704154469580,true,true
4000007118,64902.42,0.08376765,5436.72320271,1704154469729,false,true
4000007119,64899.65,0.05318734,3451.83975043,1704154469812,true,true
4000007120,64899.67,0.04147615,2691.78844787,1704154469822,false,true
4000007121,64899.28,0.03100951,2012.49487215,1704154469911,true,true
4000007122,64897.89,0.04757142,3087.28478230,1704154469960,false,true
4000007123,64898.18,0.04044721,2624.95031508,1704154469982,true,true
4000007124,64899.50,0.02438562,1582.61454519,1704154470000,false,true
4000007125,64902.44,0.03018417,1959.02628237,1704154470097,true,true
4000007126,64902.06,0.05371130,3485.97401528,1704154470321,true,true
4000007127,64900.98,0.03384533,2196.59508542,1704154470437,true,true
4000007128,64901.04,0.03446932,2237.09471609,1704154470458,true,true
4000007129,64900.42,0.02501508,1623.48919833,1704154470726,false,true
4000007130,64900.22,0.05864422,3806.02277973,1704154470757,false,true
4000007131,64899.02,0.01877000,1218.15460540,1704154471009,true,true
4000007132,64896.56,0.06503729,4220.69639272,1704154471031,true,true
4000007133,64896.48,0.01307485,848.51174153,1704154471101,false,true
4000007134,64895.35,0.07725318,5013.37215471,1704154471294,false,true
4000007135,64897.50,0.03259808,2115.53389680,1704154471312,true,true
4000007136,64899.59,0.03638475,2361.35535725,1704154471337,true,true
4000007137,64900.57,0.08460506,5490.91661888,1704154471340,false,true
4000007138,64900.58,0.05348363,3471.11860751,1704154471422,true,true
4000007139,64898.08,0.03273882,2124.68655947,1704154471432,false,true
4000007140,64898.02,0.02709809,1758.61238678,1704154471464,true,true
4000007141,64898.38,0.11601457,7529.15764940,1704154471719,false,true
4000007142,64898.53,0.01117797,725.43382138,1704154471800,true,true
4000007143,64897.71,0.08483044,5505.30129429,1704154471931,false,true
4000007144,64899.47,0.02015843,1308.27142303,1704154472060,false,true
4000007145,64899.52,0.04083835,2650.38931259,1704154472111,false,true
4000007146,64898.35,0.09326714,6052.88349522,1704154472465,false,true
4000007147,64898.51,0.03291741,2136.29086206,1704154472682,true,true
4000007148,64899.14,0.08108726,5262.49343896,1704154472756,true,true
4000007149,64900.19,0.03802749,2467.99132622,1704154472792,false,true
4000007150,64900.51,0.01018908,661.27648843,1704154472843,false,true
4000007151,64901.97,0.03361818,2181.88610981,1704154472993,true,true
4000007152,64902.29,0.10882114,7062.74118641,1704154473301,false,true
4000007153,64901.90,0.05223875,3390.39412863,1704154473368,false,true
4000007154,64903.65,0.04369874,2836.20772640,1704154473423,true,true
4000007155,64901.89,0.03254054,2111.94254762,1704154473486,true,true
4000007156,64901.25,0.03540887,2298.07992409,1704154473679,false,true
4000007157,64902.23,0.03291294,2136.12320186,1704154474094,false,true
4000007158,64901.85,0.12061302,7828.00813209,1704154474265,true,true
4000007159,64899.70,0.07579597,4919.13571421,1704154474420,false,true
4000007160,64899.31,0.04257054,2762.79867233,1704154474461,true,true
4000007161,64898.24,0.03576212,2320.89864667,1704154474607,false,true
4000007162,64900.30,0.05865068,3806.44672720,1704154474629,false,true
4000007163,64899.81,0.03286380,2132.85437588,1704154474858,false,true
4000007164,64899.30,0.03233577,2098.56883796,1704154474898,false,true
4000007165,64898.99,0.05049297,3276.94275510,1704154474946,true,true
4000007166,64899.69,0.05606132,3638.36228899,1704154474977,true,true
4000007167,64901.49,0.04019667,2608.82377604,1704154474992,false,true
4000007168,64901.19,0.02483930,1612.10012877,1704154475169,false,true
4000007169,64901.82,0.06993151,4538.68227435,1704154475268,false,true
4000007170,64904.66,0.07576245,4917.33605802,1704154476058,true,true
4000007171,64906.74,0.06189424,4017.35334318,1704154476114,true,true
4000007172,64907.05,0.09578933,6217.40283178,1704154476141,true,true
4000007173,64906.81,0.05365826,3482.78648675,1704154476215,true,true
4000007174,64908.04,0.12099504,7853.55089612,1704154476262,false,true
4000007175,64906.60,0.08740788,5673.34830401,1704154476319,true,true
4000007176,64905.98,0.02366477,1535.98508832,1704154476373,true,true
4000007177,64904.13,0.05132734,3331.35634791,1704154476430,true,true
4000007178,64902.10,0.12705059,8245.85009724,1704154476560,false,true
4000007179,64901.57,0.02886663,1873.48960761,1704154476684,true,true
4000007180,64900.44,0.05970759,3875.04886234,1704154476960,false,true
4000007181,64902.07,0.01694343,1099.66367990,1704154477082,true,true
4000007182,64904.11,0.03606061,2340.48179811,1704154477321,false,true
4000007183,64904.74,0.04087599,2653.04550319,1704154477677,true,true
4000007184,64906.68,0.02642030,1714.85395760,1704154477763,true,true
4000007185,64906.77,0.03961110,2571.02855715,1704154477775,true,true
4000007186,64908.61,0.07065911,4586.38461394,1704154477819,false,true
4000007187,64910.00,0.03411051,2214.11320410,1704154477867,true,true
4000007188,64910.90,0.05806338,3768.94625284,1704154478003,true,true
4000007189,64909.51,0.05514049,3579.14218706,1704154478040,true,true
4000007190,64910.01,0.09946627,6456.35658036,1704154478059,true,true
4000007191,64910.89,0.04446286,2886.12381455,1704154478202,true,true
4000007192,64911.01,0.13069550,8483.57690745,1704154478225,false,true
4000007193,64913.94,0.04700747,3051.44008713,1704154478391,false,true
4000007194,64914.39,0.07130543,4628.74849214,1704154478424,true,true
4000007195,64912.82,0.02160850,1402.66867097,1704154478460,false,true
4000007196,64913.84,0.11717829,7606.49276853,1704154478749,true,true
4000007197,64912.10,0.11854021,7694.69396554,1704154478830,false,true
4000007198,64911.34,0.10167078,6599.58656865,1704154478871,true,true
4000007199,64912.14,0.02365153,1535.27142657,1704154478889,false,true
4000007200,64913.03,0.03956117,2568.03541505,1704154478934,false,true
4000007201,64914.84,0.05199182,3375.04067661,1704154479321,true,true
4000007202,64915.03,0.03360933,2181.75066523,1704154479733,false,true
4000007203,64916.13,0.04679692,3037.87494232,1704154479790,true,true
4000007204,64917.03,0.05951817,3863.74282744,1704154479912,true,true
4000007205,64915.95,0.01530730,993.68792144,1704154479979,false,true
4000007206,64916.37,0.07518246,4880.57239087,1704154479994,true,true
4000007207,64916.61,0.05481287,3558.26570477,1704154480005,false,true
4000007208,64916.29,0.03413019,2215.60531180,1704154480036,false,true
4000007209,64917.89,0.07764668,5040.65863111,1704154480040,false,true
4000007210,64915.30,0.01848759,1200.12745113,1704154480138,false,true
4000007211,64914.76,0.04801591,3116.94127383,1704154480204,false,true
4000007212,64915.07,0.03604419,2339.81111694,1704154480310,false,true
4000007213,64913.78,0.01695667,1100.72154591,1704154480330,false,true
4000007214,64913.33,0.03543407,2300.14347915,1704154480433,false,true
4000007215,64913.73,0.03442504,2234.65775180,1704154480453,false,true
4000007216,64913.92,0.01453647,943.61925066,1704154480536,true,true
4000007217,64917.78,0.04595327,2983.18427214,1704154480684,true,true
4000007218,64919.27,0.06687884,4341.72547125,1704154480817,false,true
4000007219,64918.15,0.01499216,973.26329170,1704154480832,false,true
4000007220,64915.73,0.04806382,3120.09796189,1704154480880,false,true
4000007221,64916.20,0.04023964,2612.20451817,1704154481070,true,true
4000007222,64919.16,0.05986040,3886.08688526,1704154481451,false,true
4000007223,64919.04,0.08864403,5754.68532933,1704154481535,false,true
4000007224,64918.97,0.10330183,6706.24840272,1704154481587,true,true
4000007225,64919.74,0.02681727,1740.97019591,1704154481738,false,true
4000007226,64917.96,0.12611156,8186.90520762,1704154481770,false,true
4000007227,64919.06,0.02040296,1324.54098442,1704154481832,false,true
4000007228,64920.14,0.02338076,1517.88221251,1704154481919,true,true
4000007229,64921.98,0.07495455,4866.19779601,1704154482089,true,true
4000007230,64922.13,0.02976779,1932.58833219,1704154482264,true,true
4000007231,64925.90,0.03955197,2567.94724902,1704154482442,true,true
4000007232,64924.65,0.03853488,2501.86359679,1704154482449,true,true
4000007233,64923.37,0.07429949,4823.77328008,1704154482561,false,true
4000007234,64922.76,0.18420827,11959.30930323,1704154482990,true,true
4000007235,64921.20,0.08177322,5308.81557026,1704154483008,true,true
4000007236,64921.30,0.03288852,2135.16547348,1704154483011,false,true
4000007237,64922.98,0.08840297,5739.38425325,1704154483012,true,true
4000007238,64924.63,0.05615022,3645.53225792,1704154483052,true,true
4000007239,64926.06,0.06036396,3919.19408880,1704154483082,false,true
4000007240,64926.14,0.05786760,3757.11989906,1704154483133,true,true
4000007241,64924.52,0.04303428,2793.97997255,1704154483281,false,true
4000007242,64923.89,0.02450903,1591.22156773,1704154483412,true,true
4000007243,64923.94,0.08593462,5579.21411280,1704154483641,true,true
4000007244,64923.15,0.05074768,3294.69924079,1704154483690,true,true
4000007245,64921.03,0.03937544,2556.29412150,1704154483789,true,true
4000007246,64920.43,0.07529902,4888.44475698,1704154484044,false,true
4000007247,64921.02,0.13561475,8804.24789705,1704154484431,true,true
4000007248,64921.75,0.01098456,713.13685818,1704154484522,true,true
4000007249,64922.96,0.11833147,7682.42929355,1704154484619,false,true
4000007250,64924.47,0.03319768,2155.34177923,1704154484682,false,true
4000007251,64922.59,0.03607563,2342.12333548,1704154484716,false,true
4000007252,64923.69,0.05253255,3410.60699111,1704154484752,false,true
4000007253,64922.88,0.07389151,4797.24963675,1704154484952,false,true
4000007254,64920.55,0.04495764,2918.67471550,1704154484990,true,true
4000007255,64919.25,0.07722397,5013.32221442,1704154484994,false,true
4000007256,64919.47,0.09645986,6262.12298747,1704154485017,false,true
4000007257,64918.12,0.06199795,4024.79035785,1704154485072,false,true
4000007258,64917.57,0.09885937,6417.71007213,1704154485259,false,true
4000007259,64917.56,0.06382545,4143.39247990,1704154485357,false,true
4000007260,64916.95,0.02010410,1305.09685450,1704154485634,true,true
4000007261,64918.55,0.06950042,4511.86649079,1704154485679,false,true
4000007262,64921.01,0.02772586,1799.99083432,1704154485688,true,true
4000007263,64920.15,0.04817286,3127.38929713,1704154485690,true,true
4000007264,64919.50,0.08034707,5216.09161087,1704154485749,true,true
4000007265,64918.85,0.07268274,4718.47989565,1704154485835,true,true
4000007266,64918.88,0.10200484,6622.03996738,1704154486071,false,true
4000007267,64919.38,0.01597752,1037.25069234,1704154486146,false,true
4000007268,64921.97,0.04626584,3003.66947650,1704154486408,false,true
4000007269,64921.07,0.02338864,1518.41553464,1704154487009,false,true
4000007270,64921.84,0.03160089,2051.58792444,1704154487077,false,true
4000007271,64926.31,0.05550654,3603.83482307,1704154487089,true,true
4000007272,64928.28,0.03937193,2556.35169518,1704154487174,false,true
4000007273,64928.87,0.07041647,4572.06182649,1704154487375,true,true
4000007274,64927.76,0.05438242,3530.92871398,1704154487388,false,true
4000007275,64930.08,0.01477909,959.60749603,1704154487645,false,true
4000007276,64930.75,0.14077455,9140.59711241,1704154487702,false,true
4000007277,64930.86,0.04104724,2665.23259383,1704154487929,true,true
4000007278,64930.66,0.04562054,2962.17177176,1704154487955,true,true
4000007279,64932.89,0.05954791,3866.61788976,1704154488020,true,true
4000007280,64934.07,0.03788714,2460.16620086,1704154488029,true,true
4000007281,64932.20,0.08121275,5273.32252555,1704154488306,false,true
4000007282,64932.24,0.04447791,2888.05032682,1704154488399,false,true
4000007283,64932.23,0.08064745,5236.61877231,1704154488805,true,true
4000007284,64932.37,0.04323080,2807.07830100,1704154488828,true,true
4000007285,64930.52,0.05328164,3459.60459165,1704154488935,true,true
4000007286,64931.04,0.04025998,2614.12237178,1704154489047,true,true
4000007287,64930.32,0.07367541,4783.76794743,1704154489116,true,true
4000007288,64929.95,0.06665042,4327.60843808,1704154489285,false,true
4000007289,64929.05,0.01681684,1091.90144520,1704154489339,true,true
4000007290,64927.56,0.06549073,4252.15330152,1704154489339,false,true
4000007291,64929.04,0.05239140,3401.72330626,1704154489613,true,true
4000007292,64930.78,0.02693953,1749.20469573,1704154490230,false,true
4000007293,64931.12,0.08179817,5311.24679205,1704154490421,true,true
4000007294,64930.71,0.03041440,1974.82858622,1704154490467,false,true
4000007295,64931.80,0.07567857,4913.94577153,1704154490499,false,true
4000007296,64932.41,0.07557054,4906.97728720,1704154490615,true,true
4000007297,64931.98,0.02040199,1324.74160664,1704154490620,true,true
4000007298,64932.17,0.05265698,3419.13197705,1704154490984,true,true
4000007299,64933.76,0.09784957,6353.74049448,1704154491117,false,true
4000007300,64930.42,0.08003690,5196.82953250,1704154491151,true,true
4000007301,64932.23,0.01918081,1245.45276651,1704154491502,true,true
4000007302,64931.86,0.07941466,5156.54158507,1704154491741,true,true
4000007303,64932.89,0.11496815,7465.21423745,1704154492016,true,true
4000007304,64932.96,0.12908377,8381.79127406,1704154492209,true,true
4000007305,64935.25,0.02191078,1422.78197700,1704154492238,false,true
4000007306,64936.11,0.09560948,6208.50771032,1704154492293,false,true
4000007307,64934.73,0.07392910,4800.56614764,1704154492309,true,true
4000007308,64935.56,0.18285785,11873.97689015,1704154492358,false,true
4000007309,64935.32,0.09625238,6250.17909606,1704154492370,true,true
4000007310,64936.82,0.07167449,4654.31345572,1704154492533,false,true
4000007311,64939.53,0.04478291,2908.18112743,1704154492935,true,true
4000007312,64941.61,0.03992868,2593.03276437,1704154493047,true,true
4000007313,64943.66,0.07645709,4965.40325755,1704154493209,false,true
4000007314,64946.77,0.17250031,11203.33795850,1704154493253,false,true
4000007315,64945.88,0.06531685,4242.06030208,1704154493263,true,true
4000007316,64947.39,0.08067778,5239.81124199,1704154493270,true,true
4000007317,64946.18,0.03840709,2494.39378042,1704154493434,false,true
4000007318,64945.15,0.17839383,11585.81404842,1704154493598,false,true
4000007319,64945.36,0.02439781,1584.52455366,1704154493729,true,true
4000007320,64944.20,0.11223775,7289.19088355,1704154495154,false,true
4000007321,64942.35,0.01243739,807.71333447,1704154495382,true,true
4000007322,64942.13,0.02588835,1681.24459119,1704154495484,false,true
4000007323,64943.67,0.02879101,1869.79385241,1704154495507,false,true
4000007324,64944.43,0.04319157,2805.05189446,1704154495669,true,true
4000007325,64944.09,0.04752490,3086.46138284,1704154495844,true,true
4000007326,64942.54,0.07720309,5013.76476045,1704154495963,true,true
4000007327,64941.80,0.02931761,1903.93836510,1704154496060,false,true
4000007328,64940.34,0.10420094,6766.84447192,1704154496675,false,true
4000007329,64941.32,0.02335791,1516.89350784,1704154496683,false,true
4000007330,64940.47,0.12871525,8358.82883117,1704154496700,true,true
4000007331,64942.24,0.09115913,5920.07809865,1704154496726,true,true
4000007332,64943.86,0.04853541,3152.07687208,1704154496898,true,true
4000007333,64944.02,0.04507779,2927.53289532,1704154496933,false,true
4000007334,64943.52,0.04867407,3161.06543853,1704154497107,true,true
4000007335,64941.56,0.08025010,5211.56668416,1704154497281,true,true
4000007336,64942.51,0.04262554,2768.20955771,1704154497482,false,true
4000007337,64943.13,0.02027182,1316.51544160,1704154497757,true,true
4000007338,64941.99,0.04781733,3105.35256669,1704154497777,false,true
4000007339,64941.47,0.02733768,1775.34912559,1704154497874,true,true
4000007340,64943.68,0.01753839,1139.00758788,1704154497939,false,true
4000007341,64945.19,0.06405572,4160.11090599,1704154498187,false,true
4000007342,64945.74,0.02866601,1861.73523230,1704154498256,false,true
4000007343,64944.04,0.08684509,5640.07099876,1704154498369,false,true
4000007344,64944.40,0.06332843,4112.82688929,1704154498408,true,true
4000007345,64943.09,0.05424517,3522.84895738,1704154498613,true,true
4000007346,64943.54,0.08305570,5393.93117518,1704154498633,false,true
4000007347,64945.06,0.22387752,14539.73896905,1704154499231,false,true
4000007348,64945.21,0.07568097,4915.11648965,1704154499292,true,true
4000007349,64946.26,0.04360425,2831.93295760,1704154499618,false,true
4000007350,64947.23,0.04410892,2864.75217229,1704154499919,false,true
4000007351,64947.53,0.00530902,344.80773572,1704154500105,false,true
4000007352,64947.41,0.13773396,8945.46397104,1704154500137,true,true
4000007353,64948.88,0.07263287,4717.42355769,1704154500157,false,true
4000007354,64946.57,0.06207736,4031.71160666,1704154500173,false,true
4000007355,64946.32,0.03395028,2204.94574897,1704154500279,true,true
4000007356,64946.83,0.04889919,3175.84738007,1704154500508,true,true
4000007357,64947.88,0.03300083,2143.33394674,1704154500573,true,true
4000007358,64948.73,0.04234116,2750.00456873,1704154500605,false,true
4000007359,64949.48,0.04930120,3202.08730338,1704154500659,true,true
4000007360,64947.48,0.09168481,5954.69736378,1704154500691,true,true
4000007361,64949.09,0.11258314,7312.17249234,1704154500721,true,true
4000007362,64948.67,0.03550664,2306.10904417,1704154500750,true,true
4000007363,64951.21,0.06361447,4131.83680001,1704154500967,true,true
4000007364,64950.97,0.01944051,1262.67998179,1704154501064,false,true
4000007365,64950.28,0.04227935,2746.05562072,1704154501406,false,true
4000007366,64952.59,0.06167688,4006.07309912,1704154501433,false,true
4000007367,64952.85,0.13734788,8921.13624746,1704154501558,true,true
4000007368,64950.31,0.03874870,2516.74007710,1704154501599,false,true
4000007369,64948.35,0.09186086,5966.21128658,1704154501654,false,true
4000007370,64946.55,0.05321296,3455.99816729,1704154501693,true,true
4000007371,64946.68,0.06561095,4261.21337415,1704154501848,true,true
4000007372,64945.00,0.02445920,1588.50274400,1704154501863,true,true
4000007373,64946.77,0.03918311,2544.81643305,1704154501865,false,true
4000007374,64948.76,0.04433671,2879.61433698,1704154502097,false,true
4000007375,64948.01,0.07454206,4841.35845830,1704154502116,true,true
4000007376,64946.58,0.09638967,6260.17941383,1704154502147,true,true
4000007377,64945.97,0.03927263,2550.59904980,1704154502195,false,true
4000007378,64945.51,0.02195945,1426.16767957,1704154502325,false,true
4000007379,64947.45,0.04770288,3098.18041366,1704154502381,true,true
4000007380,64948.10,0.12615729,8193.67628665,1704154502985,false,true
4000007381,64948.69,0.14326510,9304.88056772,1704154503100,false,true
4000007382,64947.21,0.02922396,1898.01466715,1704154503241,true,true
4000007383,64946.21,0.04769779,3097.79068588,1704154503388,false,true
4000007384,64947.06,0.05264601,3419.20357023,1704154503446,true,true
4000007385,64945.19,0.03216790,2089.15037740,1704154503645,true,true
4000007386,64945.59,0.02050177,1331.49954869,1704154503662,true,true
4000007387,64947.12,0.05241081,3403.93116637,1704154503828,true,true
4000007388,64945.10,0.04396987,2855.62760414,1704154503892,true,true
4000007389,64940.89,0.08082684,5248.96692549,1704154503971,false,true
4000007390,64942.74,0.02207117,1433.36225481,1704154504065,true,true
4000007391,64942.78,0.10778797,7000.05042236,1704154504184,false,true
4000007392,64942.83,0.04916836,3193.13244486,1704154504209,true,true
4000007393,64943.80,0.08564766,5562.28450151,1704154504222,false,true
4000007394,64942.35,0.11239417,7299.14152610,1704154504363,false,true
4000007395,64941.83,0.10600715,6884.29831408,1704154504395,true,true
4000007396,64940.26,0.03023971,1963.77462972,1704154504437,true,true
4000007397,64940.82,0.10434730,6776.39922679,1704154504607,false,true
4000007398,64939.50,0.06937142,4504.94532909,1704154504664,true,true
4000007399,64939.94,0.05491366,3566.08978558,1704154504667,false,true
4000007400,64941.59,0.12896108,8374.93758332,1704154504686,false,true
4000007401,64942.15,0.02658768,1726.66110271,1704154504825,false,true
4000007402,64942.57,0.13230125,8591.98318921,1704154504991,false,true
4000007403,64941.69,0.02867127,1861.96072825,1704154505210,true,true
4000007404,64942.81,0.11704433,7601.18768477,1704154505297,false,true
4000007405,64942.70,0.07560980,4910.30455846,1704154505366,true,true
4000007406,64940.72,0.09824615,6380.17571823,1704154505370,true,true
4000007407,64942.52,0.05252741,3411.26237447,1704154505529,false,true
4000007408,64942.18,0.01865818,1211.70288403,1704154505773,false,true
4000007409,64942.88,0.07653694,4970.52930999,1704154505847,true,true
4000007410,64943.23,0.01442402,936.74244838,1704154505874,true,true
4000007411,64941.91,0.05576463,3621.46158264,1704154506224,false,true
4000007412,64945.63,0.13713006,8905.99813864,1704154506417,true,true
4000007413,64945.40,0.04584212,2977.23482025,1704154506429,false,true
4000007414,64942.66,0.09867800,6408.41180348,1704154506562,true,true
4000007415,64940.33,0.14954459,9711.47502431,1704154506604,false,true
4000007416,64940.35,0.01661834,1079.20081602,1704154506671,true,true
4000007417,64942.99,0.03801825,2469.01882957,1704154506756,false,true
4000007418,64943.82,0.22066550,14330.86051221,1704154506828,false,true
4000007419,64943.35,0.04697555,3050.74958509,1704154507106,true,true
4000007420,64943.17,0.03673016,2385.37302501,1704154507109,true,true
4000007421,64942.42,0.08752577,5684.13531616,1704154507120,true,true
4000007422,64943.06,0.10067300,6538.01267938,1704154507288,true,true
4000007423,64941.26,0.06644384,4314.94668884,1704154507384,true,true
4000007424,64941.39,0.09566001,6212.29401681,1704154507422,false,true
4000007425,64943.94,0.06742191,4378.64447773,1704154507542,true,true
4000007426,64942.51,0.04936831,3206.10196586,1704154507549,true,true
4000007427,64942.62,0.10238518,6649.16183837,1704154507660,true,true
4000007428,64942.08,0.03249309,2110.16885023,1704154508040,true,true
4000007429,64943.75,0.16499203,10715.20114831,1704154508299,false,true
4000007430,64942.65,0.08856478,5751.63150987,1704154508323,true,true
4000007431,64944.67,0.10269975,6669.80137283,1704154508384,true,true
4000007432,64945.42,0.02640800,1715.07865136,1704154508476,false,true
4000007433,64946.65,0.05808397,3772.35927020,1704154508597,false,true
4000007434,64946.61,0.05076069,3296.73473676,1704154508799,false,true
4000007435,64946.95,0.09033208,5866.79308316,1704154508875,false,true
4000007436,64946.77,0.02269870,1474.20724820,1704154509141,true,true
4000007437,64945.95,0.05942363,3859.32410280,1704154509192,false,true
4000007438,64947.00,0.04796412,3115.12570164,1704154509334,true,true
4000007439,64945.74,0.01027395,667.24928547,1704154509399,true,true
4000007440,64942.47,0.04884793,3172.30522859,1704154509502,false,true
4000007441,64942.20,0.04367425,2836.30187835,1704154509518,true,true
4000007442,64941.20,0.04726604,3069.51335685,1704154509535,false,true
4000007443,64939.02,0.03861973,2507.92741886,1704154509535,true,true
4000007444,64939.70,0.02576089,1672.90446833,1704154509535,false,true
4000007445,64940.26,0.03794191,2463.95750030,1704154509776,false,true
4000007446,64940.87,0.09865112,6406.48955927,1704154510036,false,true
4000007447,64941.77,0.05386895,3498.34496104,1704154510090,false,true
4000007448,64938.18,0.06952355,4514.73280414,1704154510148,false,true
4000007449,64940.42,0.06997434,4544.16302882,1704154510159,true,true
4000007450,64939.90,0.10547426,6849.48789697,1704154510185,true,true
4000007451,64937.86,0.09216217,5984.81409276,1704154510447,false,true
4000007452,64936.90,0.09805575,6367.43643217,1704154510615,true,true
4000007453,64934.64,0.02670336,1733.97306839,1704154510709,true,true
4000007454,64935.97,0.06838802,4440.84241508,1704154510718,true,true
4000007455,64936.19,0.05022334,3261.31234867,1704154511087,false,true
4000007456,64935.40,0.03960989,2572.08405111,1704154511312,false,true
4000007457,64937.17,0.04097966,2661.10314796,1704154511502,true,true
4000007458,64938.43,0.03993267,2593.16489551,1704154511805,false,true
4000007459,64939.64,0.07268441,4720.09941901,1704154511916,false,true
4000007460,64939.85,0.06875198,4464.74326840,1704154511956,true,true
4000007461,64937.65,0.16981995,11027.70847612,1704154512212,false,true
4000007462,64939.30,0.02154019,1398.80486047,1704154512218,false,true
4000007463,64940.29,0.04897035,3180.14873040,1704154512227,true,true
4000007464,64941.80,0.03691561,2397.36616150,1704154512280,true,true
4000007465,64942.68,0.08585342,5575.55118197,1704154512341,true,true
4000007466,64944.40,0.08830307,5734.78989931,1704154512840,true,true
4000007467,64946.49,0.02759806,1792.39712781,1704154512999,true,true
4000007468,64944.61,0.01696352,1101.68919063,1704154513111,true,true
4000007469,64946.26,0.01420340,922.45770928,1704154513195,false,true
4000007470,64946.84,0.05869780,3812.23662495,1704154513201,true,true
4000007471,64945.73,0.02779028,1804.86002150,1704154513338,true,true
4000007472,64947.17,0.09638945,6260.22199536,1704154513370,true,true
4000007473,64945.99,0.01759049,1142.43178764,1704154513397,true,true
4000007474,64946.55,0.08355739,5426.76420750,1704154513485,true,true
4000007475,64944.27,0.05142825,3339.97015363,1704154513555,false,true
4000007476,64944.68,0.06360487,4130.79792859,1704154513690,false,true
4000007477,64943.21,0.03191654,2072.76255969,1704154513840,true,true
4000007478,64945.84,0.04878250,3168.22043980,1704154514106,true,true
4000007479,64945.26,0.02214445,1438.17706281,1704154514170,true,true
4000007480,64941.69,0.03152404,2047.22443323,1704154514222,false,true
4000007481,64942.36,0.05959667,3870.34839794,1704154514252,false,true
4000007482,64940.83,0.07030738,4565.81961233,1704154514292,false,true
4000007483,64942.57,0.08700418,5650.27504994,1704154514293,true,true
4000007484,64942.49,0.14572320,9463.62745877,1704154514298,false,true
4000007485,64941.94,0.04705599,3055.90727922,1704154514594,true,true
4000007486,64941.83,0.14767813,9590.48801318,1704154514627,true,true
4000007487,64940.70,0.06370631,4137.13236582,1704154514887,false,true
4000007488,64942.13,0.05602395,3638.31464401,1704154515095,true,true
4000007489,64941.96,0.01623539,1054.35804796,1704154515099,true,true
4000007490,64942.99,0.02216279,1439.31784934,1704154515151,false,true
4000007491,64941.33,0.06862379,4456.52019224,1704154515277,true,true
4000007492,64942.47,0.03763746,2444.26961693,1704154515360,true,true
4000007493,64945.04,0.18889191,12267.59265063,1704154515379,false,true
4000007494,64944.85,0.04646692,3017.78714936,1704154515454,true,true
4000007495,64946.17,0.02552180,1657.54316151,1704154515478,true,true
4000007496,64947.41,0.02400100,1558.80278741,1704154515520,true,true
4000007497,64946.23,0.06967173,4524.91620108,1704154515634,false,true
4000007498,64945.99,0.05810092,3773.42176931,1704154515876,false,true
4000007499,64945.82,0.06885792,4472.03407789,1704154515940,true,true
4000007500,64944.65,0.05501200,3572.73508580,1704154516216,true,true
4000007501,64943.32,0.16299414,10585.38059214,1704154516406,false,true
4000007502,64943.03,0.03737354,2427.15092943,1704154516800,true,true
4000007503,64945.11,0.08358418,5428.38376436,1704154516983,false,true
4000007504,64943.63,0.04260286,2766.78437678,1704154517029,true,true
4000007505,64942.51,0.04681231,3040.10891030,1704154517290,true,true
4000007506,64940.83,0.03111892,2020.88849350,1704154517356,true,true
4000007507,64940.40,0.03888884,2525.45682514,1704154517377,false,true
4000007508,64938.74,0.05052044,3280.73371785,1704154517382,true,true
4000007509,64940.00,0.06228880,4045.03467200,1704154517761,true,true
4000007510,64940.62,0.12513152,8126.11849034,1704154517781,false,true
4000007511,64941.03,0.07202949,4677.66927097,1704154518000,false,true
4000007512,64940.74,0.05526694,3589.07598114,1704154518170,true,true
4000007513,64938.77,0.04446183,2887.29655215,1704154518433,true,true
4000007514,64938.12,0.05438950,3531.95187774,1704154518440,true,true
4000007515,64938.15,0.04631914,3007.87926119,1704154518604,false,true
4000007516,64938.28,0.07429473,4824.57197926,1704154518762,false,true
4000007517,64936.91,0.04734583,3074.49190159,1704154518811,false,true
4000007518,64938.85,0.04072670,2644.74506229,1704154518831,false,true
4000007519,64940.21,0.10891899,7073.22208359,1704154518831,true,true
4000007520,64940.90,0.05941469,3858.44344182,1704154518870,true,true
4000007521,64940.78,0.13448479,8733.54716074,1704154519066,true,true
4000007522,64940.40,0.12489274,8110.58449270,1704154519107,true,true
4000007523,64943.44,0.06425245,4172.77513143,1704154519190,true,true
4000007524,64943.82,0.12426561,8070.28340803,1704154519217,true,true
4000007525,64944.70,0.02854297,1853.71462376,1704154519328,true,true
4000007526,64942.60,0.03892771,2528.06669945,1704154519504,false,true
4000007527,64943.18,0.05921053,3845.32010769,1704154519523,true,true
4000007528,64944.57,0.07342766,4768.72780481,1704154519773,true,true
4000007529,64945.97,0.03281727,2131.34943290,1704154519905,true,true
4000007530,64948.47,0.03822098,2482.39417290,1704154519925,true,true
4000007531,64947.03,0.22406568,14552.40044093,1704154520002,false,true
4000007532,64947.37,0.01846498,1199.25188810,1704154520032,false,true
4000007533,64946.53,0.09268070,6019.28986297,1704154520073,false,true
4000007534,64947.77,0.04133436,2684.57450638,1704154520102,false,true
4000007535,64947.27,0.02540372,1649.90226184,1704154520121,true,true
4000007536,64947.24,0.00772248,501.55376196,1704154520141,true,true
4000007537,64946.35,0.12598553,8182.30032632,1704154520189,false,true
4000007538,64946.10,0.06099565,3961.42958446,1704154520282,false,true
4000007539,64945.24,0.04366904,2836.09628337,1704154520287,false,true
4000007540,64945.24,0.08609087,5591.19221396,1704154520453,false,true
4000007541,64946.66,0.20596299,13376.60828411,1704154520995,false,true
4000007542,64945.15,0.06384564,4146.46466665,1704154521054,false,true
4000007543,64945.87,0.05451168,3540.30848276,1704154521139,true,true
4000007544,64944.92,0.11532862,7490.00799961,1704154521149,true,true
4000007545,64944.67,0.04198153,2726.47661195,1704154521178,false,true
4000007546,64943.60,0.01803744,1171.41628838,1704154521239,true,true
4000007547,64943.01,0.06748619,4382.75631203,1704154521412,false,true
4000007548,64943.50,0.06340956,4118.03875986,1704154521416,true,true
4000007549,64944.73,0.02258572,1466.82348726,1704154521453,true,true
4000007550,64945.70,0.04440201,2883.71962086,1704154521469,true,true
4000007551,64945.90,0.03961500,2572.83182850,1704154521523,true,true
4000007552,64943.48,0.02605719,1692.24459762,1704154521568,false,true
4000007553,64943.16,0.03030593,1968.16286094,1704154521598,true,true
4000007554,64941.53,0.03140792,2039.67837892,1704154521806,false,true
4000007555,64940.98,0.02971635,1929.80889102,1704154521840,false,true
4000007556,64940.67,0.10906857,7082.98601174,1704154521961,false,true
4000007557,64941.55,0.02844448,1847.22862014,1704154522134,false,true
4000007558,64941.49,0.01727602,1121.93048007,1704154522177,false,true
4000007559,64940.13,0.03311056,2150.20407077,1704154522274,true,true
4000007560,64939.01,0.09089138,5902.39623473,1704154522282,false,true
4000007561,64937.34,0.04361418,2832.18883548,1704154522362,true,true
4000007562,64934.48,0.11486311,7458.57631903,1704154522568,true,true
4000007563,64935.41,0.07608787,4940.79703448,1704154522654,true,true
4000007564,64935.36,0.09694041,6294.86042190,1704154522684,true,true
4000007565,64937.51,0.12687084,8238.67644121,1704154522689,true,true
4000007566,64938.38,0.04088744,2655.16411595,1704154522714,false,true
4000007567,64939.25,0.03408820,2213.66214185,1704154523045,true,true
4000007568,64938.15,0.06020428,3909.55456528,1704154523060,false,true
4000007569,64936.85,0.18774463,12191.54487662,1704154523351,true,true
4000007570,64937.13,0.09028575,5862.89748490,1704154523427,false,true
4000007571,64936.85,0.02501109,1624.14139967,1704154523429,false,true
4000007572,64935.64,0.07126986,4627.95397181,1704154523608,true,true
4000007573,64935.54,0.05151804,3345.35174714,1704154523667,true,true
4000007574,64935.37,0.03526373,2289.86335513,1704154523906,true,true
4000007575,64938.09,0.14637138,9505.07784786,1704154524035,true,true
4000007576,64939.41,0.08813270,5723.28553971,1704154524279,true,true
4000007577,64936.55,0.04871669,3163.49377602,1704154524360,true,true
4000007578,64937.16,0.01866666,1212.15988709,1704154524397,false,true
4000007579,64937.65,0.02281155,1481.32844986,1704154524398,false,true
4000007580,64936.89,0.13498891,8765.75999989,1704154525195,true,true
4000007581,64936.11,0.05821665,3780.36278823,1704154525482,true,true
4000007582,64933.08,0.12453577,8086.49111627,1704154525521,false,true
4000007583,64932.46,0.07085389,4600.71737827,1704154525557,false,true
4000007584,64933.29,0.04056598,2634.08254347,1704154525765,false,true
4000007585,64932.79,0.16827415,10926.51004438,1704154525779,true,true
4000007586,64931.57,0.04673913,3034.84509133,1704154525849,true,true
4000007587,64934.62,0.12363115,8027.94174541,1704154525852,false,true
4000007588,64933.82,0.06632294,4306.60184783,1704154525863,true,true
4000007589,64933.83,0.04446445,2887.24703734,1704154526024,true,true
4000007590,64934.04,0.08895399,5776.14194482,1704154526118,true,true
4000007591,64935.32,0.06803428,4417.82774277,1704154526171,false,true
4000007592,64932.65,0.18875815,12256.56688860,1704154526293,true,true
4000007593,64930.34,0.13599649,8830.29833451,1704154526414,false,true
4000007594,64927.94,0.05011369,3253.77865750,1704154526443,true,true
4000007595,64928.51,0.03654065,2372.52995893,1704154526494,true,true
4000007596,64926.85,0.05076023,3295.70183918,1704154526585,false,true
4000007597,64925.50,0.05444722,3535.01298211,1704154526779,false,true
4000007598,64924.63,0.06022127,3909.84367288,1704154526790,true,true
4000007599,64924.55,0.11201900,7272.78316645,1704154526821,true,true
4000007600,64925.26,0.02475588,1607.28194553,1704154526953,true,true
4000007601,64925.53,0.03491977,2267.18457473,1704154527194,true,true
4000007602,64926.23,0.10766411,6990.22476861,1704154527402,false,true
4000007603,64926.64,0.03931415,2552.53566396,1704154527406,true,true
4000007604,64927.55,0.06070222,3941.24642416,1704154527452,false,true
4000007605,64928.75,0.04497583,2920.22442211,1704154527479,false,true
4000007606,64930.41,0.04415480,2866.98926747,1704154527488,false,true
4000007607,64932.35,0.04819338,3129.30941784,1704154527737,false,true
4000007608,64930.94,0.04559052,2960.23531869,1704154527797,true,true
4000007609,64932.06,0.01815649,1178.93829807,1704154527949,true,true
4000007610,64934.78,0.05713502,3710.04995400,1704154528083,true,true
4000007611,64934.22,0.04471644,2903.62715258,1704154528165,true,true
4000007612,64931.05,0.03868079,2511.58430953,1704154528283,false,true
4000007613,64929.62,0.03729922,2421.82418090,1704154528358,false,true
4000007614,64931.50,0.04477155,2907.08389883,1704154528363,false,true
4000007615,64931.89,0.07148750,4641.81848637,1704154528408,false,true
4000007616,64931.67,0.04163170,2703.21580594,1704154528469,true,true
4000007617,64927.98,0.02534857,1645.83144599,1704154528771,true,true
4000007618,64926.81,0.03145373,2042.19035150,1704154528945,true,true
4000007619,64924.72,0.13654918,8865.41727773,1704154528972,false,true
4000007620,64924.91,0.02506354,1627.24807878,1704154528987,false,true
4000007621,64923.81,0.10857759,7049.27082342,1704154529406,false,true
4000007622,64923.37,0.03475182,2256.20526803,1704154529569,true,true
4000007623,64923.45,0.04772277,3098.32687196,1704154529637,true,true
4000007624,64922.53,0.09137109,5932.04233166,1704154529889,true,true
4000007625,64921.95,0.02806722,1822.17865348,1704154530217,false,true
4000007626,64919.83,0.04375350,2840.46978191,1704154530572,false,true
4000007627,64915.64,0.04947571,3211.74737910,1704154530793,false,true
4000007628,64917.32,0.03403304,2209.33374825,1704154531164,true,true
4000007629,64921.20,0.01929873,1252.89671008,1704154531203,false,true
4000007630,64920.33,0.05043841,3274.47822188,1704154531287,false,true
4000007631,64921.45,0.02378495,1544.15344218,1704154531468,true,true
4000007632,64920.60,0.08114023,5267.67241574,1704154531506,true,true
4000007633,64919.81,0.08756990,5685.02126972,1704154531566,true,true
4000007634,64919.70,0.11045939,7170.99046098,1704154531639,false,true
4000007635,64920.88,0.06515691,4230.04393528,1704154531806,true,true
4000007636,64920.64,0.09495793,6164.72958868,1704154531854,false,true
4000007637,64922.63,0.06060641,3934.72753206,1704154532040,false,true
4000007638,64922.72,0.10073555,6540.02590670,1704154532040,true,true
4000007639,64922.38,0.02045833,1328.20347443,1704154532158,true,true
4000007640,64921.97,0.07424391,4820.06089770,1704154532208,true,true
4000007641,64923.49,0.05576839,3620.67851048,1704154532249,true,true
4000007642,64923.74,0.04458896,2894.88204591,1704154532342,true,true
4000007643,64922.50,0.08445650,5483.12712125,1704154532437,false,true
4000007644,64924.18,0.03490642,2266.27069524,1704154532553,false,true
4000007645,64924.21,0.11274175,7319.66905277,1704154532721,false,true
4000007646,64927.30,0.07152655,4644.02576981,1704154532724,true,true
4000007647,64927.48,0.07491176,4863.83179916,1704154532984,true,true
4000007648,64927.54,0.05080728,3298.79170449,1704154533014,true,true
4000007649,64928.38,0.02091001,1357.65307508,1704154533061,true,true
4000007650,64930.63,0.06610893,4292.49447353,1704154533116,false,true
4000007651,64930.85,0.10425454,6769.33589856,1704154533186,true,true
4000007652,64931.20,0.08044650,5223.48778080,1704154533227,false,true
4000007653,64929.23,0.07513736,4878.61092903,1704154533611,true,true
4000007654,64928.03,0.07413940,4813.72518738,1704154533641,false,true
4000007655,64928.51,0.03877771,2517.77893151,1704154533856,false,true
4000007656,64927.04,0.03736578,2426.04949269,1704154533968,false,true
4000007657,64927.50,0.01987167,1290.21785393,1704154534009,true,true
4000007658,64927.69,0.04167909,2706.12703500,1704154534033,false,true
4000007659,64927.26,0.05061865,3286.53024940,1704154534047,true,true
4000007660,64928.16,0.03416132,2218.03165077,1704154534517,false,true
4000007661,64927.93,0.17185385,11158.11474303,1704154534642,false,true
4000007662,64928.21,0.07303447,4741.99740540,1704154534866,false,true
4000007663,64927.21,0.06153007,3994.97577620,1704154534914,false,true
4000007664,64928.10,0.03219638,2090.44978028,1704154534994,true,true
4000007665,64925.73,0.02657413,1725.34478936,1704154535200,false,true
4000007666,64924.39,0.11570070,7511.79737007,1704154535225,true,true
4000007667,64926.76,0.06111586,3968.05477441,1704154535289,false,true
4000007668,64925.49,0.04550382,2954.35781037,1704154535296,true,true
4000007669,64927.87,0.09039494,5869.15091298,1704154535438,true,true
4000007670,64928.49,0.06369413,4135.56368276,1704154535706,false,true
4000007671,64927.98,0.05859555,3804.49069849,1704154535720,false,true
4000007672,64928.59,0.09267994,6017.57782548,1704154535849,false,true
4000007673,64927.40,0.04680231,3038.75230229,1704154535999,true,true
4000007674,64930.46,0.03784980,2457.60492491,1704154536065,false,true
4000007675,64930.27,0.04998611,3245.61161855,1704154536152,true,true
4000007676,64931.91,0.04566941,2965.40201987,1704154536157,false,true
4000007677,64932.38,0.02805767,1821.85129035,1704154536172,true,true
4000007678,64933.86,0.05629386,3655.37762410,1704154536176,false,true
4000007679,64932.93,0.05599361,3635.82915858,1704154536305,true,true
4000007680,64930.77,0.07095538,4607.18745904,1704154536332,true,true
4000007681,64931.86,0.05155763,3347.73281309,1704154536386,true,true
4000007682,64932.62,0.19201087,12467.76885758,1704154536427,false,true
4000007683,64931.37,0.01685708,1094.55329860,1704154536548,true,true
4000007684,64929.67,0.05492250,3566.09980057,1704154536574,true,true
4000007685,64930.89,0.02838876,1843.30745280,1704154536609,true,true
4000007686,64930.15,0.03002389,1949.45568128,1704154536644,true,true
4000007687,64931.58,0.04082592,2650.89149055,1704154536693,true,true
4000007688,64929.67,0.02263024,1469.37401522,1704154537329,true,true
4000007689,64931.06,0.03067955,1992.05570182,1704154537618,true,true
4000007690,64932.96,0.04913343,3190.37904485,1704154538303,false,true
4000007691,64933.33,0.04863106,3157.77666723,1704154538361,true,true
4000007692,64935.59,0.05153603,3346.52251431,1704154538429,false,true
4000007693,64935.25,0.04340378,2818.43530525,1704154538450,true,true
4000007694,64936.29,0.02357859,1531.10615803,1704154538566,true,true
4000007695,64934.66,0.03080987,2000.62843309,1704154538596,false,true
4000007696,64937.23,0.03772977,2450.06675234,1704154538631,false,true
4000007697,64938.08,0.03060136,1987.19356379,1704154538631,false,true
4000007698,64938.13,0.09538927,6194.40081587,1704154538646,true,true
4000007699,64936.57,0.11872153,7709.36894335,1704154538849,true,true
4000007700,64936.17,0.03439670,2233.58995864,1704154538864,false,true
4000007701,64937.51,0.02668213,1732.67108370,1704154538876,false,true
4000007702,64938.77,0.04621030,3000.84004333,1704154538893,false,true
4000007703,64941.83,0.09953378,6463.90582002,1704154538897,false,true
4000007704,64944.64,0.04879765,3169.14581210,1704154538913,true,true
4000007705,64945.66,0.03794413,2464.30656598,1704154539103,true,true
4000007706,64946.69,0.05469192,3552.05917374,1704154539403,true,true
4000007707,64945.69,0.09167479,5953.88249216,1704154539433,true,true
4000007708,64944.15,0.04680536,3039.73432064,1704154539547,true,true
4000007709,64945.58,0.02949771,1915.74588462,1704154539719,true,true
4000007710,64945.28,0.12860572,8352.33449500,1704154539768,true,true
4000007711,64944.62,0.04773178,3099.92231402,1704154539863,true,true
4000007712,64941.80,0.05549647,3604.04065545,1704154539953,false,true
4000007713,64943.94,0.14440828,9378.44267182,1704154540063,true,true
4000007714,64944.38,0.04087936,2654.88469000,1704154540318,false,true
4000007715,64943.32,0.08281257,5378.12323353,1704154540411,false,true
4000007716,64941.05,0.04276802,2777.40012522,1704154540462,false,true
4000007717,64941.51,0.05260463,3416.22410519,1704154540569,true,true
4000007718,64941.12,0.01563667,1015.46286287,1704154540802,true,true
4000007719,64940.99,0.10132835,6580.36336407,1704154540942,false,true
4000007720,64939.58,0.12934529,8399.62880758,1704154541031,true,true
4000007721,64939.12,0.13118356,8518.94494487,1704154541264,true,true
4000007722,64938.98,0.02446590,1588.79059078,1704154541300,false,true
4000007723,64937.99,0.06573638,4268.78838708,1704154541350,false,true
4000007724,64935.37,0.07503225,4872.24691568,1704154541406,true,true
4000007725,64935.78,0.02257055,1465.63626928,1704154541746,true,true
4000007726,64934.91,0.07439479,4830.81899312,1704154541990,true,true
4000007727,64932.66,0.04773758,3099.72805136,1704154542063,true,true
4000007728,64932.86,0.03032481,1969.07664226,1704154542138,true,true
4000007729,64931.19,0.05074092,3294.66831729,1704154542396,false,true
4000007730,64929.18,0.12297074,7984.38931219,1704154542426,false,true
4000007731,64926.54,0.07314673,4749.16409121,1704154542635,true,true
4000007732,64926.56,0.11216175,7282.27659108,1704154542637,true,true
4000007733,64927.64,0.06028213,3913.97643507,1704154542693,false,true
4000007734,64929.43,0.04619003,2999.09231958,1704154542838,false,true
4000007735,64926.80,0.09511467,6175.49115616,1704154543071,true,true
4000007736,64927.99,0.07380122,4791.76487415,1704154543174,false,true
4000007737,64928.49,0.02126350,1380.60694712,1704154543194,false,true
4000007738,64927.83,0.06884341,4469.85322110,1704154543526,true,true
4000007739,64928.08,0.02667561,1731.99614013,1704154543691,false,true
4000007740,64929.28,0.05342509,3468.85262764,1704154543993,true,true
4000007741,64930.94,0.04697441,3050.09259725,1704154544056,true,true
4000007742,64931.11,0.06133333,3982.44119690,1704154544113,false,true
4000007743,64932.63,0.08669978,5629.64473582,1704154544198,false,true
4000007744,64935.02,0.03095674,2010.17653103,1704154544239,false,true
4000007745,64933.82,0.08883346,5768.29590162,1704154544293,true,true
4000007746,64932.89,0.03426228,2224.74885839,1704154544614,true,true
4000007747,64934.03,0.01192008,774.01883232,1704154544716,false,true
4000007748,64935.01,0.04622405,3001.55914899,1704154545154,false,true
4000007749,64933.80,0.02293923,1489.53137297,1704154545220,true,true
4000007750,64931.97,0.04787831,3108.83298857,1704154545275,true,true
4000007751,64936.24,0.05457810,3544.09660034,1704154545287,true,true
4000007752,64933.83,0.04913549,3190.55555463,1704154545315,false,true
4000007753,64932.47,0.05499114,3570.71054832,1704154545394,false,true
4000007754,64932.11,0.06872767,4462.63262848,1704154545502,true,true
4000007755,64931.23,0.04042641,2624.93652578,1704154545774,true,true
4000007756,64931.58,0.02208802,1434.21003767,1704154546029,true,true
4000007757,64930.85,0.02897443,1881.33436817,1704154546418,true,true
4000007758,64933.89,0.01585355,1029.43267181,1704154546547,true,true
4000007759,64934.50,0.05200915,3377.18815067,1704154546742,false,true
4000007760,64932.67,0.03858890,2505.68030936,1704154546799,false,true
4000007761,64932.79,0.05939232,3856.50904217,1704154546805,false,true
4000007762,64932.08,0.03893113,2527.87924765,1704154546838,true,true
4000007763,64932.46,0.10730586,6967.63346222,1704154546948,false,true
4000007764,64932.50,0.05196129,3373.97646292,1704154546981,true,true
4000007765,64931.05,0.03922970,2547.22561219,1704154547113,false,true
4000007766,64932.80,0.03980746,2584.80983869,1704154547206,true,true
4000007767,64932.10,0.20046030,13016.30824563,1704154547380,true,true
4000007768,64930.76,0.07061879,4585.33170498,1704154547552,false,true
4000007769,64930.36,0.15684374,10183.92050195,1704154547552,false,true
4000007770,64930.55,0.10220266,6636.07492526,1704154547595,false,true
4000007771,64930.48,0.02715253,1763.02680611,1704154547635,false,true
4000007772,64930.28,0.02707505,1757.99057751,1704154547638,false,true
4000007773,64928.50,0.05964391,3872.58961043,1704154547819,true,true
4000007774,64928.64,0.02225923,1445.26153135,1704154547853,false,true
4000007775,64926.91,0.03080283,1999.93257116,1704154547996,true,true
4000007776,64925.44,0.04095781,2659.20383569,1704154548035,true,true
4000007777,64924.31,0.04052411,2630.99988011,1704154548171,true,true
4000007778,64923.10,0.19839277,12880.27364599,1704154548288,false,true
4000007779,64924.95,0.04596364,2984.18702882,1704154548323,true,true
4000007780,64925.42,0.03035493,1970.80657932,1704154548369,false,true
4000007781,64926.64,0.09601070,6233.65215505,1704154548389,false,true
4000007782,64924.80,0.10433574,6773.97705235,1704154548623,true,true
4000007783,64927.20,0.03326666,2159.91108715,1704154549011,false,true
4000007784,64926.06,0.07476560,4854.23583154,1704154549102,true,true
4000007785,64926.76,0.04623085,3001.61930255,1704154549127,true,true
4000007786,64928.36,0.11156208,7243.54289259,1704154549263,false,true
4000007787,64926.08,0.01340471,870.31527384,1704154549301,true,true
4000007788,64925.36,0.04432705,2877.94967899,1704154549333,true,true
4000007789,64925.79,0.09751639,6331.32865870,1704154549372,true,true
4000007790,64927.92,0.04497965,2920.43511683,1704154549462,false,true
4000007791,64926.71,0.05130137,3330.82917259,1704154549553,true,true
4000007792,64925.93,0.09361065,6077.75850915,1704154549591,false,true
4000007793,64925.02,0.10040611,6518.86869987,1704154549896,true,true
4000007794,64923.89,0.12578002,8166.12818268,1704154550027,true,true
4000007795,64922.62,0.01998192,1297.27859903,1704154550228,false,true
4000007796,64920.78,0.04941864,3208.29665534,1704154550500,false,true
4000007797,64919.33,0.13546706,8794.43077227,1704154550562,false,true
4000007798,64919.31,0.02091952,1358.08080393,1704154550598,false,true
4000007799,64918.51,0.03898758,2531.01560211,1704154550629,false,true
4000007800,64917.17,0.05629801,3654.70748583,1704154551038,false,true
4000007801,64915.35,0.13336789,8657.62325811,1704154551062,true,true
4000007802,64916.11,0.05689886,3693.65265463,1704154551151,true,true
4000007803,64914.63,0.06304019,4092.23060898,1704154551208,false,true
4000007804,64915.84,0.05908124,3835.30832284,1704154551220,true,true
4000007805,64917.14,0.04522167,2935.66148242,1704154551222,true,true
4000007806,64916.40,0.08159425,5296.80497070,1704154551253,false,true
4000007807,64917.71,0.02972167,1929.46275378,1704154551264,false,true
4000007808,64917.63,0.07350891,4772.02422108,1704154551289,false,true
4000007809,64914.97,0.03146375,2042.46838734,1704154551357,false,true
4000007810,64914.73,0.03373165,2189.68095220,1704154551496,true,true
4000007811,64914.57,0.04197060,2724.50345164,1704154551525,false,true
4000007812,64914.49,0.04950424,3213.54249244,1704154552025,false,true
4000007813,64915.11,0.02272791,1475.38477772,1704154552241,false,true
4000007814,64916.42,0.05826674,3782.46816587,1704154552251,false,true
4000007815,64916.25,0.09686430,6288.06711487,1704154552439,true,true
4000007816,64917.89,0.03391046,2201.39551213,1704154552495,true,true
4000007817,64916.84,0.03652718,2371.22909971,1704154552497,false,true
4000007818,64917.68,0.10605980,6885.15615726,1704154552891,false,true
4000007819,64918.00,0.03364431,2184.12131658,1704154552978,true,true
4000007820,64918.43,0.08136489,5282.08091592,1704154553101,true,true
4000007821,64915.41,0.05909838,3836.39556804,1704154553117,true,true
4000007822,64915.96,0.05308508,3446.06892988,1704154553137,true,true
4000007823,64916.56,0.04049343,2628.69417820,1704154553247,false,true
4000007824,64915.96,0.14325173,9299.32357461,1704154553324,false,true
4000007825,64915.64,0.09477833,6152.59595008,1704154553345,true,true
4000007826,64915.52,0.06380455,4141.90554162,1704154553386,false,true
4000007827,64915.80,0.03491226,2266.35728771,1704154553440,false,true
4000007828,64916.35,0.03729083,2420.78457207,1704154553451,false,true
4000007829,64915.20,0.06682198,4337.76219610,1704154553518,true,true
4000007830,64916.16,0.08432871,5474.29603095,1704154553538,false,true
4000007831,64915.41,0.05458599,3543.47192111,1704154553572,false,true
4000007832,64914.29,0.03055969,1983.76057897,1704154553647,false,true
4000007833,64914.22,0.05355619,3476.55830002,1704154553702,true,true
4000007834,64914.19,0.01579219,1025.13722218,1704154553773,true,true
4000007835,64912.69,0.05255870,3411.72659990,1704154553850,false,true
4000007836,64913.18,0.05558258,3608.04202040,1704154553999,false,true
4000007837,64914.36,0.06886123,4470.08267426,1704154554113,true,true
4000007838,64915.77,0.01126971,731.58190233,1704154554311,false,true
4000007839,64914.85,0.04113419,2670.21977372,1704154554343,true,true
4000007840,64913.91,0.03285305,2132.61993093,1704154554508,true,true
4000007841,64912.77,0.01113438,722.76344803,1704154554575,true,true
4000007842,64912.29,0.05174528,3358.90462149,1704154554619,false,true
4000007843,64912.71,0.06275882,4073.84508260,1704154554623,true,true
4000007844,64912.52,0.09083359,5896.23722755,1704154554796,false,true
4000007845,64912.95,0.02192136,1422.98014561,1704154554964,true,true
4000007846,64912.24,0.04310368,2797.95642104,1704154554972,false,true
4000007847,64912.72,0.01378142,894.58945766,1704154555017,false,true
4000007848,64910.24,0.04857180,3152.80719523,1704154555133,false,true
4000007849,64910.76,0.08722043,5661.54439883,1704154555168,false,true
4000007850,64911.72,0.04759211,3089.28571853,1704154555215,false,true
4000007851,64911.37,0.02868043,1861.68600349,1704154555293,false,true
4000007852,64911.44,0.04836614,3139.51579464,1704154555580,true,true
4000007853,64913.24,0.10099135,6555.67574047,1704154555654,false,true
4000007854,64911.30,0.06551206,4252.47298028,1704154555846,false,true
4000007855,64915.02,0.05555547,3606.38444616,1704154555853,false,true
4000007856,64915.57,0.03040554,1973.79296026,1704154555974,true,true
4000007857,64913.52,0.03742817,2429.59426186,1704154556222,true,true
4000007858,64915.28,0.03337247,2166.38323434,1704154556301,true,true
4000007859,64912.68,0.07178226,4659.57887306,1704154556360,true,true
4000007860,64913.76,0.07228798,4692.48458460,1704154556364,false,true
4000007861,64912.44,0.03263725,2118.56353239,1704154556793,true,true
4000007862,64912.60,0.03225664,2093.86236966,1704154556801,true,true
4000007863,64913.84,0.06075947,3944.13051406,1704154557019,false,true
4000007864,64915.05,0.06712656,4357.52399873,1704154557045,true,true
4000007865,64914.94,0.03973504,2579.39773750,1704154557707,true,true
4000007866,64913.48,0.09168893,5951.84752378,1704154557822,false,true
4000007867,64914.41,0.02078061,1348.96103759,1704154557875,false,true
4000007868,64914.00,0.02185076,1418.42023464,1704154558130,true,true
4000007869,64915.87,0.01146907,744.52465714,1704154558158,false,true
4000007870,64916.74,0.02838262,1842.50716306,1704154558397,true,true
4000007871,64919.60,0.04653299,3020.90309760,1704154558434,false,true
4000007872,64919.70,0.05446686,3535.97221114,1704154558564,true,true
4000007873,64917.84,0.07416185,4814.42711240,1704154558638,true,true
4000007874,64915.53,0.02913350,1891.21659325,1704154558816,false,true
4000007875,64918.20,0.04284952,2781.71370926,1704154559009,true,true
4000007876,64918.42,0.04096323,2659.26816970,1704154559098,true,true
4000007877,64919.97,0.02390944,1552.20012752,1704154559214,false,true
4000007878,64920.91,0.04271107,2772.84153147,1704154559324,true,true
4000007879,64921.96,0.06112063,3968.07109603,1704154559534,true,true
4000007880,64923.42,0.06590166,4278.56115088,1704154559561,false,true
4000007881,64924.86,0.09995035,6489.26248070,1704154559654,true,true
4000007882,64923.31,0.13028766,8458.70613935,1704154559800,true,true
4000007883,64920.72,0.06519342,4232.40376566,1704154559992,true,true
4000007884,64922.56,0.07870070,5109.45091779,1704154560141,false,true
4000007885,64919.61,0.04752822,3085.51350639,1704154560244,false,true
4000007886,64917.74,0.07378190,4789.75420091,1704154560543,true,true
4000007887,64917.62,0.05720847,3713.83771624,1704154560571,false,true
4000007888,64916.82,0.10416526,6762.07743367,1704154560771,false,true
4000007889,64915.11,0.00928084,602.46674949,1704154560791,true,true
4000007890,64913.51,0.12007335,7794.38260596,1704154561233,true,true
4000007891,64912.79,0.06935495,4502.02330481,1704154561457,true,true
4000007892,64914.72,0.03496185,2269.53870343,1704154561620,true,true
4000007893,64915.12,0.02232904,1449.49231108,1704154561626,false,true
4000007894,64914.18,0.08190958,5317.09321984,1704154561890,true,true
4000007895,64913.92,0.02708395,1758.12536358,1704154561946,false,true
4000007896,64914.47,0.06220081,4037.73261472,1704154562108,false,true
4000007897,64914.35,0.09610823,6238.80328010,1704154562194,true,true
4000007898,64913.27,0.03480830,2259.52057614,1704154562523,true,true
4000007899,64911.55,0.01429691,928.03458831,1704154562568,true,true
4000007900,64910.21,0.04374273,2839.34979027,1704154562679,true,true
4000007901,64910.22,0.03436437,2230.59881686,1704154562683,false,true
4000007902,64911.06,0.06068903,3939.38926767,1704154562961,true,true
4000007903,64909.38,0.07125963,4625.41840233,1704154563168,false,true
4000007904,64909.85,0.05912282,3837.65337778,1704154563278,false,true
4000007905,64910.36,0.08534870,5540.01484253,1704154563307,true,true
4000007906,64912.52,0.08006099,5196.96061459,1704154563337,false,true
4000007907,64911.90,0.08590726,5576.40347039,1704154563536,false,true
4000007908,64911.63,0.02547629,1653.70751025,1704154563585,false,true
4000007909,64910.89,0.08657686,5619.78103601,1704154563603,false,true
4000007910,64909.77,0.01981221,1286.00599429,1704154563639,true,true
4000007911,64909.07,0.04961428,3220.41677352,1704154563703,true,true
4000007912,64910.23,0.02652379,1721.66530937,1704154563760,false,true
4000007913,64908.45,0.06302246,4090.69019379,1704154563777,false,true
4000007914,64907.93,0.04440183,2882.03087351,1704154563866,true,true
4000007915,64906.23,0.16549352,10741.56047263,1704154563970,true,true
4000007916,64905.85,0.12868342,8352.30675601,1704154564028,true,true
4000007917,64905.95,0.02102353,1364.55218700,1704154564448,false,true
4000007918,64905.36,0.02593633,1683.40683573,1704154564681,false,true
4000007919,64906.42,0.06364592,4131.02881481,1704154564697,false,true
4000007920,64906.04,0.08100076,5257.43856859,1704154564750,false,true
4000007921,64903.83,0.04916270,3190.84752314,1704154564800,false,true
4000007922,64902.15,0.12926922,8389.85030682,1704154565232,false,true
4000007923,64903.24,0.10046465,6520.48129047,1704154565397,true,true
4000007924,64903.97,0.10510295,6821.59871371,1704154565471,true,true
4000007925,64903.08,0.08238439,5347.00065492,1704154565508,true,true
4000007926,64903.29,0.06499182,4218.18294109,1704154565783,true,true
4000007927,64904.29,0.01020696,662.47549186,1704154565879,true,true
4000007928,64903.64,0.08588334,5574.14138136,1704154565911,true,true
4000007929,64905.46,0.03345093,2171.14799908,1704154566113,false,true
4000007930,64907.57,0.07119106,4620.83871032,1704154566132,false,true
4000007931,64905.20,0.05431100,3525.06631720,1704154566253,false,true
4000007932,64903.60,0.12757976,8280.38571114,1704154566570,false,true
4000007933,64906.39,0.05051624,3278.82677477,1704154566657,true,true
4000007934,64907.81,0.02806057,1821.35014605,1704154567004,true,true
4000007935,64907.18,0.03618323,2348.55142259,1704154567239,false,true
4000007936,64906.43,0.03617476,2347.97452771,1704154567621,false,true
4000007937,64906.73,0.08223101,5337.34596370,1704154567746,true,true
4000007938,64907.75,0.06849012,4445.53958643,1704154567987,false,true
4000007939,64907.33,0.08653169,5616.54095829,1704154567999,false,true
4000007940,64908.79,0.04585965,2976.69439132,1704154568262,true,true
4000007941,64909.28,0.06941741,4505.83410256,1704154568312,true,true
4000007942,64908.62,0.08732366,5668.05826395,1704154568615,false,true
4000007943,64911.24,0.03814137,2475.80362200,1704154568651,false,true
4000007944,64909.51,0.09146168,5936.73283258,1704154568787,false,true
4000007945,64909.39,0.04887983,3172.75994860,1704154568797,true,true
4000007946,64907.40,0.06763400,4389.94709160,1704154568857,false,true
4000007947,64910.14,0.02488876,1615.53289603,1704154569182,true,true
4000007948,64910.69,0.03342589,2169.69758376,1704154569341,true,true
4000007949,64911.13,0.05312160,3448.18308341,1704154569667,true,true
4000007950,64907.03,0.03786740,2457.86046782,1704154569774,false,true
4000007951,64907.13,0.03763250,2442.61756973,1704154569791,false,true
4000007952,64906.98,0.13804207,8959.89387665,1704154569815,false,true
4000007953,64907.71,0.04141821,2688.36116340,1704154569898,true,true
4000007954,64906.58,0.07084566,4598.34949844,1704154570014,false,true
4000007955,64904.63,0.07069871,4588.67361403,1704154570178,false,true
4000007956,64905.58,0.03849035,2498.23849115,1704154570318,false,true
4000007957,64904.34,0.06266658,4067.33301496,1704154570336,true,true
4000007958,64902.51,0.16607397,10778.61749866,1704154570344,true,true
4000007959,64904.34,0.02966924,1925.66244050,1704154570444,true,true
4000007960,64902.51,0.06802377,4414.91341266,1704154570606,true,true
4000007961,64900.75,0.03956979,2568.10904834,1704154570630,true,true
4000007962,64901.38,0.02338428,1517.67204231,1704154570840,false,true
4000007963,64902.72,0.02599963,1687.44670599,1704154570881,false,true
4000007964,64899.88,0.02843300,1845.29828804,1704154570895,false,true
4000007965,64900.01,0.05229421,3393.89475194,1704154571106,false,true
4000007966,64902.14,0.04008079,2601.32904389,1704154571213,false,true
4000007967,64902.41,0.06635619,4306.67664942,1704154571279,true,true
4000007968,64904.18,0.14623422,9491.21213704,1704154571493,true,true
4000007969,64905.72,0.05666424,3677.83329545,1704154571513,true,true
4000007970,64904.48,0.03076962,1997.08618590,1704154571558,false,true
4000007971,64903.23,0.03093367,2007.69509875,1704154571619,true,true
4000007972,64902.44,0.07312734,4746.14279671,1704154571716,false,true
4000007973,64899.14,0.06915747,4488.26032758,1704154571751,true,true
4000007974,64896.89,0.11409210,7404.22246357,1704154571867,false,true
4000007975,64898.08,0.07250202,4705.24189412,1704154572014,true,true
4000007976,64893.86,0.01978031,1283.62066790,1704154572040,true,true
4000007977,64894.27,0.06343302,4116.43952680,1704154572318,true,true
4000007978,64894.69,0.05660207,3673.17378601,1704154572336,false,true
4000007979,64895.85,0.07204112,4675.16971735,1704154572518,true,true
4000007980,64896.65,0.03754815,2436.74914870,1704154572554,false,true
4000007981,64896.60,0.04558604,2958.37900346,1704154572820,false,true
4000007982,64898.90,0.01941959,1260.31002945,1704154573177,false,true
4000007983,64898.32,0.05184645,3364.74750296,1704154573366,false,true
4000007984,64899.10,0.05104598,3312.83816062,1704154573591,false,true
4000007985,64899.15,0.03163047,2052.79061710,1704154573659,false,true
4000007986,64899.96,0.01756372,1139.88472545,1704154573662,false,true
4000007987,64900.24,0.02190934,1421.92142424,1704154573793,true,true
4000007988,64898.84,0.02583760,1676.83026838,1704154573888,true,true
4000007989,64896.84,0.01815140,1177.96850158,1704154573950,false,true
4000007990,64896.38,0.05188235,3366.97670089,1704154574211,true,true
4000007991,64897.47,0.02974421,1930.32397615,1704154574216,false,true
4000007992,64896.94,0.03686436,2392.38415906,1704154574361,false,true
4000007993,64899.62,0.05782813,3753.02366231,1704154574628,true,true
4000007994,64899.24,0.05926396,3846.18596339,1704154574838,true,true
4000007995,64899.30,0.01933880,1255.07458284,1704154575149,false,true
4000007996,64898.97,0.09607883,6235.41710581,1704154575201,true,true
4000007997,64899.51,0.08283037,5375.65042612,1704154575272,true,true
4000007998,64901.11,0.00942715,611.83249914,1704154575301,true,true
4000007999,64903.33,0.33724778,21888.50395711,1704154575461,false,true
4000008000,64903.38,0.01937158,1257.28101794,1704154575509,true,true
4000008001,64904.10,0.10086881,6546.79933112,1704154575609,false,true
4000008002,64904.58,0.02509295,1628.64738071,1704154575669,false,true
4000008003,64905.34,0.11522672,7478.82943868,1704154575893,false,true
4000008004,64903.90,0.04123279,2676.16887888,1704154576162,false,true
4000008005,64903.87,0.04216917,2736.94232769,1704154576423,false,true
4000008006,64901.97,0.14491941,9405.55520024,1704154576455,true,true
4000008007,64900.05,0.04490416,2914.28222921,1704154576464,true,true
4000008008,64901.37,0.06796646,4411.11636805,1704154576489,true,true
4000008009,64902.18,0.06047280,3924.81655070,1704154576642,false,true
4000008010,64901.93,0.02904227,1884.89937458,1704154577154,true,true
4000008011,64902.05,0.04994887,3241.78405818,1704154577154,false,true
4000008012,64899.06,0.03081885,2000.11439528,1704154577258,true,true
4000008013,64897.99,0.02505835,1626.23654772,1704154577321,true,true
4000008014,64898.31,0.02613875,1696.36070051,1704154577473,true,true
4000008015,64896.21,0.08450856,5484.28525656,1704154577813,false,true
4000008016,64897.40,0.01470239,954.14688479,1704154577930,false,true
4000008017,64898.20,0.02528665,1641.05806903,1704154577970,true,true
4000008018,64899.66,0.15539611,10085.15470432,1704154578021,true,true
4000008019,64900.58,0.14945671,9699.82716389,1704154578025,false,true
4000008020,64900.33,0.06095011,3955.68225254,1704154578133,false,true
4000008021,64900.90,0.12117888,7864.61837299,1704154578305,false,true
4000008022,64901.48,0.04405902,2859.49560535,1704154578391,true,true
4000008023,64900.31,0.10573785,6862.41924373,1704154578596,true,true
4000008024,64899.00,0.06503218,4220.52344982,1704154578712,false,true
4000008025,64900.21,0.04131742,2681.50923466,1704154578720,false,true
4000008026,64900.45,0.17256383,11199.47022072,1704154578738,true,true
4000008027,64900.35,0.09337752,6060.23373013,1704154578969,true,true
4000008028,64900.72,0.02599097,1686.83266650,1704154578974,true,true
4000008029,64899.97,0.01500149,973.59625096,1704154578997,true,true
4000008030,64898.77,0.02857587,1854.53881468,1704154579007,false,true
4000008031,64901.11,0.07542057,4894.87870983,1704154579128,true,true
4000008032,64900.74,0.01862723,1208.92101115,1704154579374,false,true
4000008033,64899.67,0.02076120,1347.39502880,1704154579422,true,true
4000008034,64901.37,0.11737368,7617.71263394,1704154579443,false,true
4000008035,64901.35,0.01162412,754.42108056,1704154579620,false,true
4000008036,64898.72,0.05068391,3289.32088360,1704154579665,false,true
4000008037,64899.25,0.03551019,2304.58469836,1704154579678,true,true
4000008038,64901.01,0.05390577,3498.53891783,1704154580134,false,true
4000008039,64902.44,0.06179363,4010.55736346,1704154580324,true,true
4000008040,64901.47,0.03981581,2584.10459824,1704154580327,true,true
4000008041,64902.16,0.02530917,1642.61980081,1704154580329,true,true
4000008042,64901.82,0.03079968,1998.95528742,1704154580486,true,true
4000008043,64900.41,0.01499623,973.26147545,1704154580572,false,true
4000008044,64899.66,0.12111778,7860.50274195,1704154580583,false,true
4000008045,64901.32,0.06134827,3981.58370272,1704154580591,true,true
4000008046,64900.25,0.03014754,1956.58288289,1704154580787,false,true
4000008047,64901.12,0.12869101,8352.19068293,1704154580903,false,true
4000008048,64897.98,0.05994571,3890.35548867,1704154581039,false,true
4000008049,64899.11,0.04465190,2897.86856981,1704154581175,true,true
4000008050,64899.03,0.13090287,8495.46928722,1704154581192,false,true
4000008051,64900.33,0.05826347,3781.31842995,1704154581396,true,true
4000008052,64899.94,0.08917076,5787.17697375,1704154581519,false,true
4000008053,64900.50,0.06081645,3947.01801323,1704154581569,false,true
4000008054,64900.44,0.02290918,1486.81586204,1704154581728,false,true
4000008055,64900.76,0.00576454,374.12302705,1704154581745,true,true
4000008056,64901.17,0.22706859,14737.01716125,1704154581991,false,true
4000008057,64900.90,0.03716123,2411.79727211,1704154582050,false,true
4000008058,64901.34,0.01978503,1284.07495894,1704154582164,true,true
4000008059,64901.52,0.01202275,780.29474958,1704154582321,true,true
4000008060,64903.73,0.02687919,1744.55969038,1704154582401,false,true
4000008061,64902.46,0.06227891,4042.05446512,1704154582487,false,true
4000008062,64901.90,0.05270117,3420.40606522,1704154582603,true,true
4000008063,64905.19,0.11173942,7252.46828559,1704154582679,false,true
4000008064,64904.63,0.03825665,2483.03371329,1704154582759,false,true
4000008065,64905.94,0.05735557,3722.71718509,1704154582807,true,true
4000008066,64905.84,0.02703622,1754.80856952,1704154583027,true,true
4000008067,64904.29,0.02160983,1402.57067317,1704154583058,true,true
4000008068,64905.67,0.08241604,5349.26829495,1704154583144,true,true
4000008069,64907.74,0.04345934,2820.84754129,1704154583306,true,true
4000008070,64909.68,0.06166149,4002.42758422,1704154583359,true,true
4000008071,64908.43,0.05263046,3416.16052878,1704154583385,false,true
4000008072,64906.21,0.03256523,2113.68565708,1704154583434,true,true
4000008073,64905.01,0.02215384,1437.89520674,1704154583722,false,true
4000008074,64905.91,0.02435264,1580.63026010,1704154583831,true,true
4000008075,64903.88,0.06669538,4328.78894007,1704154583834,false,true
4000008076,64902.42,0.07351012,4770.98468249,1704154584117,true,true
4000008077,64906.35,0.05456366,3541.52801324,1704154584530,true,true
4000008078,64907.54,0.06447229,4184.73774207,1704154584663,false,true
4000008079,64908.39,0.11594643,7525.89609755,1704154584806,false,true
4000008080,64907.64,0.07788742,5055.48861789,1704154584854,false,true
4000008081,64907.15,0.13479516,8749.16966939,1704154585031,false,true
4000008082,64909.11,0.03150182,2044.75509958,1704154585107,true,true
4000008083,64908.57,0.02550698,1655.62159682,1704154585554,true,true
4000008084,64906.08,0.02627114,1705.15671453,1704154585838,true,true
4000008085,64908.62,0.16854880,10940.27001066,1704154586161,false,true
4000008086,64908.52,0.02583305,1676.78504259,1704154586298,false,true
4000008087,64908.79,0.04724803,3066.81245718,1704154586344,true,true
4000008088,64908.82,0.03993240,2591.96496377,1704154586367,false,true
4000008089,64907.03,0.08464775,5494.23404868,1704154586451,false,true
4000008090,64905.97,0.01526610,990.86102862,1704154586808,false,true
4000008091,64908.15,0.05710694,3706.70582756,1704154586877,false,true
4000008092,64906.42,0.05392311,3499.95602537,1704154586916,false,true
4000008093,64907.14,0.04626662,3003.03398167,1704154587132,false,true
4000008094,64907.63,0.04753049,3085.09145864,1704154587231,false,true
4000008095,64906.94,0.05285525,3430.67254043,1704154587246,false,true
4000008096,64904.52,0.06349001,4120.78862385,1704154587267,false,true
4000008097,64904.09,0.05217695,3386.49745873,1704154587310,false,true
4000008098,64904.17,0.04336988,2814.88606440,1704154587356,false,true
4000008099,64903.10,0.07776338,5047.08442848,1704154587957,true,true
4000008100,64904.58,0.02685915,1743.28184991,1704154588165,false,true
4000008101,64903.55,0.02015877,1308.37573663,1704154588172,true,true
4000008102,64903.86,0.03312782,2150.12339139,1704154588374,true,true
4000008103,64902.06,0.06655284,4319.41641485,1704154588712,true,true
4000008104,64901.06,0.04061989,2636.27391808,1704154588733,true,true
4000008105,64899.92,0.05527514,3587.35216399,1704154588746,true,true
4000008106,64900.78,0.04279181,2777.22184661,1704154588815,false,true
4000008107,64901.84,0.04694154,3046.59231843,1704154589025,false,true
4000008108,64903.77,0.03251942,2110.63295621,1704154589037,true,true
4000008109,64903.97,0.03517180,2282.78945205,1704154589047,false,true
4000008110,64904.17,0.04145321,2690.48618889,1704154589081,false,true
4000008111,64904.23,0.03105985,2015.91564817,1704154589101,true,true
4000008112,64906.21,0.02478930,1608.97951155,1704154589104,false,true
4000008113,64907.64,0.01171582,760.44622686,1704154589133,true,true
4000008114,64908.05,0.06109355,3965.46319808,1704154589154,true,true
4000008115,64909.95,0.10909222,7081.17054559,1704154589280,false,true
4000008116,64912.01,0.10548960,6847.54197010,1704154589407,true,true
4000008117,64912.23,0.05080119,3297.61852955,1704154589573,false,true
4000008118,64911.66,0.03604574,2339.78881933,1704154589628,true,true
4000008119,64912.05,0.05936786,3853.68949671,1704154589666,true,true
4000008120,64911.14,0.03026561,1964.57524790,1704154589798,true,true
4000008121,64913.38,0.03593509,2332.66815250,1704154589825,false,true
4000008122,64913.30,0.06906317,4483.11827316,1704154589840,true,true
4000008123,64913.64,0.03894110,2527.80854660,1704154589977,true,true
4000008124,64912.00,0.02593924,1683.76794688,1704154590142,false,true
4000008125,64910.10,0.08118712,5269.86407791,1704154590379,true,true
4000008126,64909.63,0.07176402,4658.17598551,1704154591095,true,true
4000008127,64908.08,0.21528049,13973.44326736,1704154591112,false,true
4000008128,64907.21,0.03200588,2077.41237439,1704154591151,true,true
4000008129,64905.20,0.02444125,1586.36421950,1704154591579,true,true
4000008130,64905.58,0.07145467,4637.80680006,1704154591680,false,true
4000008131,64903.35,0.02691309,1746.74969985,1704154591827,true,true
4000008132,64905.57,0.03671766,2383.18065137,1704154592087,true,true
4000008133,64906.39,0.09464828,6143.27817451,1704154592412,false,true
4000008134,64905.95,0.05024020,3260.88790919,1704154592548,false,true
4000008135,64907.80,0.08079108,5243.97126242,1704154592763,true,true
4000008136,64908.28,0.02943275,1910.42917817,1704154592979,true,true
4000008137,64909.43,0.03717021,2412.69714408,1704154593130,false,true
4000008138,64907.79,0.05168408,3354.69941098,1704154593430,false,true
4000008139,64906.76,0.04142506,2688.76642741,1704154593434,true,true
4000008140,64904.43,0.08086961,5248.79594137,1704154593435,false,true
4000008141,64901.78,0.03008646,1952.66480790,1704154593496,true,true
4000008142,64901.07,0.04572633,2967.68774417,1704154593572,true,true
4000008143,64901.96,0.01814449,1177.61296420,1704154593684,false,true
4000008144,64902.54,0.01704025,1105.95550723,1704154593975,true,true
4000008145,64903.92,0.02600398,1687.76023760,1704154594084,false,true
4000008146,64904.11,0.05513051,3578.19668540,1704154594087,true,true
4000008147,64904.85,0.08028015,5210.57109373,1704154594141,true,true
4000008148,64905.34,0.09178615,5957.41127304,1704154594212,false,true
4000008149,64901.38,0.02186685,1419.18874125,1704154594422,true,true
4000008150,64902.66,0.09658672,6268.73504868,1704154594425,false,true
4000008151,64901.33,0.03952540,2565.25102878,1704154594562,false,true
4000008152,64901.85,0.04194792,2722.49761165,1704154594590,false,true
4000008153,64900.88,0.01931549,1253.59229863,1704154594648,false,true
4000008154,64900.27,0.03521791,2285.65186784,1704154594795,true,true
4000008155,64899.34,0.03978418,2581.96702444,1704154594883,true,true
4000008156,64895.93,0.03765271,2443.50763247,1704154594960,true,true
4000008157,64895.19,0.04283163,2779.56676686,1704154595029,true,true
4000008158,64895.57,0.02514227,1631.62194274,1704154595134,true,true
4000008159,64895.37,0.02922826,1896.77874716,1704154595249,true,true
4000008160,64895.36,0.02852577,1851.19011343,1704154595480,true,true
4000008161,64895.05,0.01478144,959.24228787,1704154595641,false,true
4000008162,64894.80,0.02504956,1625.58618629,1704154595783,true,true
4000008163,64896.48,0.02208965,1433.54052943,1704154595797,false,true
4000008164,64896.85,0.15920579,10331.95427276,1704154595838,true,true
4000008165,64897.83,0.05317556,3450.97845303,1704154595900,true,true
4000008166,64897.45,0.03807445,2470.93471515,1704154595977,false,true
4000008167,64898.44,0.03954646,2566.50356152,1704154596114,false,true
4000008168,64899.58,0.04684107,3039.96576975,1704154596165,true,true
4000008169,64899.19,0.06004567,3896.91534601,1704154596197,true,true
4000008170,64899.83,0.05791907,3758.93779676,1704154596197,false,true
4000008171,64901.73,0.12452651,8081.98592986,1704154596355,false,true
4000008172,64902.59,0.08939644,5802.06049278,1704154596497,true,true
4000008173,64901.88,0.08068188,5236.40569393,1704154596833,true,true
4000008174,64905.32,0.04065324,2638.61155124,1704154597167,false,true
4000008175,64903.88,0.06963934,4519.86336664,1704154597195,false,true
4000008176,64904.43,0.12311592,7990.76861153,1704154597369,false,true
4000008177,64906.40,0.00859820,558.07820848,1704154597533,false,true
4000008178,64907.43,0.08081380,5245.41606653,1704154597650,true,true
4000008179,64907.66,0.02286079,1483.84038465,1704154598047,false,true
4000008180,64907.82,0.05327668,3458.07315564,1704154598131,false,true
4000008181,64907.84,0.03994621,2592.82220729,1704154598254,false,true
4000008182,64907.80,0.37945035,24629.28742773,1704154598645,true,true
4000008183,64905.52,0.03204169,2079.68255113,1704154598971,true,true
4000008184,64903.91,0.13847100,8987.30932161,1704154599262,false,true
4000008185,64903.22,0.05220096,3388.01039109,1704154599287,false,true
4000008186,64901.52,0.03763014,2442.25328381,1704154599362,false,true
4000008187,64904.08,0.06150126,3991.68269914,1704154599368,true,true
4000008188,64902.11,0.02241768,1454.95473330,1704154599605,false,true
4000008189,64902.67,0.04261310,2765.70396698,1704154599685,false,true
4000008190,64903.89,0.19463833,12632.78476010,1704154599854,true,true
4000008191,64903.43,0.04895733,3177.49864064,1704154599875,true,true
4000008192,64902.65,0.02177635,1413.34282233,1704154599991,true,true
4000008193,64903.71,0.02216036,1438.28957894,1704154600057,true,true
4000008194,64903.70,0.04933734,3202.17591416,1704154600077,false,true
4000008195,64905.76,0.05812916,3772.91730796,1704154600333,false,true
4000008196,64906.44,0.04499143,2920.23355181,1704154600507,true,true
4000008197,64906.28,0.07250333,4705.92143791,1704154600635,true,true
4000008198,64905.62,0.08711260,5654.09731281,1704154600668,false,true
4000008199,64906.75,0.06381480,4142.01126990,1704154600857,true,true
4000008200,64905.12,0.02549644,1654.84949777,1704154600872,true,true
4000008201,64903.50,0.11272269,7316.09711042,1704154600894,false,true
4000008202,64906.84,0.05645753,3664.47986651,1704154600901,true,true
4000008203,64906.74,0.05095052,3307.03215450,1704154601250,true,true
4000008204,64906.53,0.05102215,3311.67070964,1704154601415,true,true
4000008205,64907.26,0.06707007,4353.33447171,1704154601488,false,true
4000008206,64906.20,0.03201435,2077.92980397,1704154601578,true,true
4000008207,64906.45,0.02968984,1927.06211547,1704154601629,true,true
4000008208,64908.35,0.04776720,3100.49013612,1704154601641,true,true
4000008209,64907.74,0.07708360,5003.32226706,1704154601712,true,true
4000008210,64908.90,0.03532943,2293.19443893,1704154601853,true,true
4000008211,64909.52,0.06552972,4253.50267093,1704154601904,false,true
4000008212,64908.80,0.04627638,3003.74429414,1704154601922,true,true
4000008213,64907.45,0.21678282,14070.82005001,1704154602022,false,true
4000008214,64907.57,0.02947666,1913.25837232,1704154602408,false,true
4000008215,64907.49,0.09172627,5953.72195276,1704154602669,false,true
4000008216,64907.43,0.07403035,4805.11976050,1704154602923,false,true
4000008217,64909.38,0.01820853,1181.90439301,1704154603114,false,true
4000008218,64911.38,0.03187228,2068.87367855,1704154603188,true,true
4000008219,64912.89,0.04404739,2859.24338186,1704154603290,true,true
4000008220,64913.96,0.03230414,2096.98965179,1704154603514,true,true
4000008221,64916.77,0.03026146,1964.47623868,1704154603609,true,true
4000008222,64914.89,0.06585603,4275.03694329,1704154603620,true,true
4000008223,64912.82,0.09768604,6341.07633103,1704154603748,false,true
4000008224,64913.99,0.04674385,3034.32981146,1704154603822,false,true
4000008225,64914.15,0.10976459,7125.27505995,1704154604101,true,true
4000008226,64914.49,0.09712296,6304.68741569,1704154604122,false,true
4000008227,64911.87,0.02857288,1854.71907209,1704154604290,false,true
4000008228,64910.55,0.10080832,6543.52349578,1704154604309,true,true
4000008229,64913.74,0.01743851,1131.99890413,1704154604381,true,true
4000008230,64915.27,0.05304851,3443.65834975,1704154604463,false,true
4000008231,64914.07,0.03643394,2365.07533154,1704154604551,false,true
4000008232,64912.72,0.06083090,3948.69917905,1704154605082,true,true
4000008233,64915.22,0.02334023,1515.13616530,1704154605088,false,true
4000008234,64917.66,0.04134824,2684.23098592,1704154605225,true,true
4000008235,64918.46,0.04469404,2901.46824798,1704154605640,true,true
4000008236,64918.58,0.03717747,2413.50856039,1704154605917,false,true
4000008237,64922.87,0.04476422,2906.22163571,1704154605952,false,true
4000008238,64925.33,0.05959294,3869.09129517,1704154606040,false,true
4000008239,64923.09,0.03075172,1996.49668521,1704154606073,false,true
4000008240,64922.84,0.03470190,2252.94590140,1704154606132,true,true
4000008241,64924.62,0.05164782,3353.21508733,1704154606132,true,true
4000008242,64926.84,0.01910475,1240.41104649,1704154606161,true,true
4000008243,64926.59,0.04296996,2789.89297524,1704154606164,true,true
4000008244,64927.51,0.03799977,2467.23044667,1704154606627,true,true
4000008245,64928.15,0.02882429,1871.50782476,1704154606643,true,true
4000008246,64926.63,0.04696849,3049.50577189,1704154606681,true,true
4000008247,64928.13,0.02975281,1931.79431555,1704154606931,true,true
4000008248,64928.99,0.01759080,1142.15287729,1704154607017,false,true
4000008249,64929.40,0.05248911,3408.08641883,1704154607365,false,true
4000008250,64930.34,0.06635235,4308.28064530,1704154607621,false,true
4000008251,64930.79,0.05193619,3372.25784629,1704154607732,false,true
4000008252,64930.52,0.02085044,1353.82991143,1704154608009,true,true
4000008253,64930.22,0.08937658,5803.24100225,1704154608143,false,true
4000008254,64928.41,0.02069216,1343.50904827,1704154608230,false,true
4000008255,64927.96,0.02704761,1756.14614018,1704154608526,true,true
4000008256,64929.71,0.02769776,1798.40752445,1704154608749,true,true
4000008257,64929.63,0.03158774,2050.98027074,1704154608836,false,true
4000008258,64928.06,0.06850445,4447.86103987,1704154608932,false,true
4000008259,64927.53,0.05003707,3248.78336354,1704154609020,false,true
4000008260,64929.02,0.02832788,1839.30148708,1704154609181,false,true
4000008261,64927.68,0.03248973,2109.48279273,1704154609210,false,true
4000008262,64927.58,0.10913661,7085.97597670,1704154609231,false,true
4000008263,64927.86,0.07495561,4866.70735229,1704154609455,true,true
4000008264,64925.15,0.04201954,2728.12493743,1704154609471,true,true
4000008265,64924.86,0.04751712,3085.04236360,1704154609686,false,true
4000008266,64925.76,0.23364709,15169.71489004,1704154609686,true,true
4000008267,64925.07,0.01195775,776.35775579,1704154609875,false,true
4000008268,64922.23,0.09638550,6257.56159967,1704154609931,false,true
4000008269,64922.76,0.03295876,2139.77366538,1704154610009,true,true
4000008270,64922.28,0.02848150,1849.08391782,1704154610076,false,true
4000008271,64921.40,0.03969714,2577.19390480,1704154610088,false,true
4000008272,64920.48,0.02025677,1315.07923165,1704154610220,false,true
4000008273,64917.97,0.05287929,3432.81616184,1704154610294,true,true
4000008274,64919.28,0.01391600,903.41670048,1704154610452,true,true
4000008275,64917.15,0.11011199,7148.15657163,1704154610514,false,true
4000008276,64916.46,0.04441828,2883.47749689,1704154610681,true,true
4000008277,64915.34,0.10261837,6661.50637880,1704154610727,true,true
4000008278,64917.73,0.01961455,1273.33206097,1704154610783,false,true
4000008279,64917.26,0.11297262,7333.87294542,1704154610877,true,true
4000008280,64915.85,0.03380269,2194.33035364,1704154610955,true,true
4000008281,64915.50,0.07915148,5138.15789994,1704154611025,false,true
4000008282,64914.80,0.02474489,1606.30958537,1704154611091,true,true
4000008283,64913.30,0.03021650,1961.45272945,1704154611282,true,true
4000008284,64913.50,0.10362385,6726.58678697,1704154611322,true,true
4000008285,64915.88,0.07513197,4877.25794868,1704154611388,false,true
4000008286,64916.81,0.04523919,2936.78390178,1704154611410,false,true
4000008287,64917.55,0.03546289,2302.16393472,1704154611421,false,true
4000008288,64915.58,0.00474625,308.10557157,1704154611455,true,true
4000008289,64916.89,0.01576247,1023.25053112,1704154611469,false,true
4000008290,64917.65,0.03545071,2301.37678403,1704154611523,false,true
4000008291,64916.39,0.04970639,3226.75939873,1704154611571,true,true
4000008292,64917.18,0.07230651,4693.93472484,1704154611633,false,true
4000008293,64916.54,0.07471134,4850.00169156,1704154611709,false,true
4000008294,64916.51,0.09681536,6284.91528559,1704154611738,true,true
4000008295,64917.92,0.06690917,4343.60414533,1704154611836,true,true
4000008296,64916.99,0.02924660,1898.60123973,1704154611969,true,true
4000008297,64915.21,0.20149060,13079.80461203,1704154612275,true,true
4000008298,64912.55,0.08314641,5397.24549645,1704154612303,true,true
4000008299,64913.77,0.02255036,1463.82888246,1704154612457,true,true
4000008300,64913.72,0.02628253,1706.09679331,1704154612534,false,true
4000008301,64912.95,0.04662611,3026.63834712,1704154612595,true,true
4000008302,64913.65,0.05456251,3541.85167726,1704154612704,true,true
4000008303,64915.69,0.10224734,6637.45662676,1704154612721,true,true
4000008304,64917.83,0.01706970,1108.12788275,1704154612800,false,true
4000008305,64917.58,0.03527895,2290.22405894,1704154613002,false,true
4000008306,64916.87,0.02530085,1642.45199034,1704154613095,false,true
4000008307,64916.41,0.06282104,4078.11638927,1704154613171,true,true
4000008308,64914.72,0.06825744,4430.91260552,1704154613442,true,true
4000008309,64917.22,0.06956316,4515.84696162,1704154613575,false,true
4000008310,64919.74,0.03053100,1982.06458194,1704154613691,true,true
4000008311,64922.09,0.07287098,4730.93632195,1704154613933,true,true
4000008312,64921.93,0.01511367,981.20862578,1704154613959,true,true
4000008313,64923.44,0.04160589,2701.19750306,1704154613976,false,true
4000008314,64923.86,0.01723564,1119.00427837,1704154614082,true,true
4000008315,64921.82,0.01918332,1245.41604804,1704154614142,true,true
4000008316,64923.03,0.01878606,1219.64793696,1704154614209,true,true
4000008317,64923.19,0.05794685,3762.09435245,1704154614278,false,true
4000008318,64923.71,0.14154262,9189.47201352,1704154614806,true,true
4000008319,64922.66,0.08948734,5809.75614912,1704154614970,false,true
4000008320,64921.72,0.07129588,4628.65115851,1704154614981,true,true
4000008321,64921.55,0.07710238,5005.60601829,1704154615028,true,true
4000008322,64923.36,0.03793161,2462.64757141,1704154615069,true,true
4000008323,64921.94,0.01625557,1055.34314021,1704154615338,false,true
4000008324,64921.03,0.04657159,3023.47559154,1704154615344,true,true
4000008325,64920.98,0.05529559,3589.84389248,1704154615458,true,true
4000008326,64920.90,0.03187206,2069.16282005,1704154615464,false,true
4000008327,64917.97,0.02435400,1581.01224138,1704154615659,true,true
4000008328,64919.08,0.05373420,3488.37482854,1704154615987,false,true
4000008329,64919.17,0.05674046,3683.54356862,1704154616065,true,true
4000008330,64920.67,0.07726731,5016.24553430,1704154616114,false,true
4000008331,64919.41,0.01340374,870.16289259,1704154616368,false,true
4000008332,64917.38,0.05729852,3719.66979628,1704154616422,false,true
4000008333,64917.31,0.09144300,5936.23357833,1704154616495,false,true
4000008334,64916.30,0.05335193,3463.40989346,1704154616596,false,true
4000008335,64917.56,0.07602562,4935.39774789,1704154616895,false,true
4000008336,64917.00,0.05853209,3799.72768653,1704154616930,true,true
4000008337,64917.50,0.13723656,8909.05438380,1704154616947,true,true
4000008338,64917.34,0.09725012,6313.21910508,1704154616965,false,true
4000008339,64917.79,0.05458689,3543.66026177,1704154616994,true,true
4000008340,64917.71,0.16215537,10526.75528460,1704154617099,true,true
4000008341,64916.22,0.06504154,4222.25091978,1704154617195,true,true
4000008342,64913.96,0.02215109,1437.91497022,1704154617472,true,true
4000008343,64914.58,0.02668824,1732.45589054,1704154617741,false,true
4000008344,64912.10,0.03190033,2070.71741099,1704154617856,true,true
4000008345,64913.61,0.05966256,3872.91215144,1704154617970,false,true
4000008346,64914.53,0.08404086,5455.47292770,1704154618074,true,true
4000008347,64914.82,0.03009847,1953.83676233,1704154618085,true,true
4000008348,64914.61,0.07225898,4690.66350570,1704154618096,true,true
4000008349,64915.47,0.04341651,2818.40315241,1704154618319,false,true
4000008350,64914.70,0.01603023,1040.59757138,1704154618368,true,true
4000008351,64914.81,0.05141635,3337.68259114,1704154618404,false,true
4000008352,64912.51,0.10681176,6933.41943912,1704154618446,false,true
4000008353,64912.72,0.07051164,4577.10234406,1704154618652,true,true
4000008354,64912.17,0.05693973,3696.08143351,1704154618798,false,true
4000008355,64914.40,0.04458967,2894.51167425,1704154618875,true,true
4000008356,64916.28,0.14898103,9671.29425817,1704154618938,true,true
4000008357,64915.03,0.04996268,3243.32887108,1704154618944,false,true
4000008358,64912.88,0.01976856,1283.23416305,1704154619262,true,true
4000008359,64912.18,0.09329843,6056.20448188,1704154619571,false,true
4000008360,64913.08,0.12620333,8192.24685656,1704154619572,false,true
4000008361,64910.47,0.02544509,1651.65275109,1704154619601,true,true
4000008362,64911.76,0.04595813,2983.22310461,1704154619669,true,true
4000008363,64914.96,0.03459604,2245.80055276,1704154619710,true,true
4000008364,64913.95,0.07860935,5102.84341543,1704154619810,false,true
4000008365,64913.37,0.09323313,6052.07666395,1704154619852,false,true
4000008366,64914.04,0.02230322,1447.79211521,1704154620007,false,true
4000008367,64914.61,0.03010940,1954.53995833,1704154620185,true,true
4000008368,64912.17,0.09314712,6046.38168845,1704154620400,false,true
4000008369,64913.27,0.06107564,3964.61950974,1704154620428,false,true
4000008370,64914.17,0.07153830,4643.84936771,1704154620878,false,true
4000008371,64914.27,0.01654349,1073.90857660,1704154620892,true,true
4000008372,64913.68,0.00779861,506.23647398,1704154621032,false,true
4000008373,64912.01,0.11775194,7643.51510680,1704154621140,false,true
4000008374,64911.32,0.08639043,5607.71684667,1704154621469,false,true
4000008375,64914.14,0.02648108,1718.99653447,1704154621499,false,true
4000008376,64914.11,0.03537308,2296.21200616,1704154621561,true,true
4000008377,64913.96,0.07899047,5127.58420996,1704154621562,false,true
4000008378,64916.00,0.19194466,12460.27954856,1704154621574,false,true
4000008379,64915.87,0.08730244,5667.31384572,1704154621699,true,true
4000008380,64916.37,0.03567436,2315.84995327,1704154621731,true,true
4000008381,64916.02,0.05583223,3624.40615932,1704154621750,false,true
4000008382,64915.12,0.05974916,3878.62389130,1704154621984,false,true
4000008383,64915.67,0.05357318,3477.73887373,1704154622005,true,true
4000008384,64915.00,0.04180407,2713.71120405,1704154622193,false,true
4000008385,64913.45,0.10809011,7016.50195098,1704154622675,false,true
4000008386,64913.75,0.06895631,4476.21266826,1704154622732,true,true
4000008387,64917.43,0.12781608,8297.49142627,1704154623074,true,true
4000008388,64914.65,0.02945193,1911.86172777,1704154623077,true,true
4000008389,64915.38,0.02141226,1389.98499456,1704154623284,true,true
4000008390,64915.53,0.06047366,3925.67968994,1704154623380,true,true
4000008391,64916.75,0.42046544,27295.24985212,1704154623466,false,true
4000008392,64914.82,0.06225929,4041.55060368,1704154623937,false,true
4000008393,64913.59,0.04906914,3185.25403561,1704154624429,false,true
4000008394,64912.71,0.07161084,4648.45368978,1704154624499,true,true
4000008395,64912.65,0.04735618,3074.01513768,1704154624624,true,true
4000008396,64913.01,0.09073100,5889.62231031,1704154624767,false,true
4000008397,64911.58,0.10714814,6955.15506146,1704154624818,true,true
4000008398,64912.64,0.13020931,8452.23006468,1704154624923,false,true
4000008399,64913.01,0.02848145,1848.81664866,1704154625160,true,true
4000008400,64913.78,0.18092687,11744.64703527,1704154625234,false,true
4000008401,64914.43,0.02642615,1715.43846434,1704154625279,true,true
4000008402,64915.12,0.02894922,1879.24209021,1704154625437,true,true
4000008403,64914.73,0.02584222,1677.54073390,1704154625580,false,true
4000008404,64913.81,0.05413678,3514.22465093,1704154625614,true,true
4000008405,64911.92,0.01965836,1276.06189165,1704154625681,true,true
4000008406,64912.97,0.07055885,4580.18451328,1704154625725,true,true
4000008407,64912.78,0.02777954,1803.24716852,1704154626216,true,true
4000008408,64913.76,0.03223818,2092.70147936,1704154626315,true,true
4000008409,64913.88,0.01853336,1203.07230704,1704154626704,true,true
4000008410,64915.73,0.03731061,2422.04548490,1704154627150,false,true
4000008411,64912.44,0.01736479,1127.19088899,1704154627325,true,true
4000008412,64911.36,0.01897316,1231.57361910,1704154627624,true,true
4000008413,64910.25,0.08749665,5679.42942566,1704154627777,false,true
4000008414,64909.72,0.05678013,3685.58233986,1704154627816,true,true
4000008415,64912.01,0.01338317,868.72846487,1704154627949,false,true
4000008416,64913.23,0.02878224,1868.34816504,1704154627965,true,true
4000008417,64912.41,0.04149356,2693.44697908,1704154628075,false,true
4000008418,64913.10,0.02215804,1438.34706632,1704154628103,true,true
4000008419,64915.00,0.04197281,2724.66496115,1704154628227,true,true
4000008420,64913.00,0.02499452,1622.46927676,1704154628366,false,true
4000008421,64914.81,0.15932234,10342.37942986,1704154628426,false,true
4000008422,64916.81,0.08909393,5783.69372596,1704154628426,false,true
4000008423,64917.89,0.09566130,6210.12975066,1704154628456,false,true
4000008424,64918.85,0.04114383,2671.01012820,1704154628582,true,true
4000008425,64918.00,0.02176669,1413.04998142,1704154628582,false,true
4000008426,64917.45,0.04614138,2995.38072908,1704154628607,false,true
4000008427,64918.83,0.08754536,5683.34234313,1704154628632,false,true
4000008428,64919.29,0.03595312,2334.05102368,1704154628634,false,true
4000008429,64919.91,0.03464613,2249.22364145,1704154628710,true,true
4000008430,64918.96,0.03170409,2058.19655055,1704154628856,true,true
4000008431,64919.11,0.05015749,3256.17961063,1704154628964,false,true
4000008432,64921.49,0.04927995,3199.32778113,1704154629022,true,true
4000008433,64919.50,0.17778266,11541.56139587,1704154629199,false,true
4000008434,64922.08,0.03230075,2097.03187556,1704154629236,true,true
4000008435,64922.64,0.16193445,10513.21200095,1704154629317,true,true
4000008436,64922.25,0.05910087,3836.96145736,1704154629401,false,true
4000008437,64921.60,0.05622346,3650.11698074,1704154629524,false,true
4000008438,64923.35,0.02886392,1873.94238053,1704154629541,false,true
4000008439,64925.72,0.16825501,10924.07766786,1704154629773,true,true
4000008440,64927.61,0.06583877,4274.75398144,1704154629937,true,true
4000008441,64924.79,0.04316529,2802.49738854,1704154630099,true,true
4000008442,64924.32,0.12649702,8212.73300553,1704154630123,true,true
4000008443,64924.52,0.06631859,4305.70262283,1704154630124,true,true
4000008444,64923.15,0.08892853,5773.52029247,1704154630148,true,true
4000008445,64922.57,0.02447533,1589.00132520,1704154630314,false,true
4000008446,64921.24,0.10736367,6970.18258735,1704154630369,false,true
4000008447,64921.00,0.04314966,2801.31907686,1704154630400,false,true
4000008448,64922.31,0.07395661,4801.43396097,1704154630442,false,true
4000008449,64919.26,0.03944351,2560.64348100,1704154630718,false,true
4000008450,64918.93,0.05025839,3262.72090232,1704154630728,true,true
4000008451,64918.28,0.05508739,3576.17860849,1704154631272,true,true
4000008452,64915.64,0.06251439,4058.16163606,1704154631438,true,true
4000008453,64915.80,0.04897323,3179.13640403,1704154631488,false,true
4000008454,64912.89,0.04730966,3071.00675552,1704154631558,true,true
4000008455,64912.92,0.05560948,3609.77372648,1704154631677,false,true
4000008456,64912.42,0.09647697,6262.55359697,1704154632034,true,true
4000008457,64913.14,0.15697066,10189.45842847,1704154632173,false,true
4000008458,64912.53,0.06782826,4402.90396210,1704154632214,true,true
4000008459,64914.42,0.07451912,4837.36545371,1704154632262,false,true
4000008460,64913.68,0.09726601,6313.89464802,1704154632284,true,true
4000008461,64912.84,0.18987009,12325.00677296,1704154632317,false,true
4000008462,64911.75,0.05049289,3277.58185246,1704154632401,false,true
4000008463,64911.56,0.02329103,1511.85709131,1704154633097,true,true
4000008464,64910.72,0.03076312,1996.85626865,1704154633319,true,true
4000008465,64909.81,0.09162380,5947.28344948,1704154633477,false,true
4000008466,64911.49,0.05174946,3359.13455530,1704154633499,false,true
4000008467,64908.93,0.01338413,868.74955728,1704154633660,false,true
4000008468,64907.17,0.03964027,2572.93774374,1704154633806,false,true
4000008469,64907.80,0.04202729,2727.89893386,1704154633817,false,true
4000008470,64909.27,0.12787974,8300.58057119,1704154633886,false,true
4000008471,64909.74,0.08715539,5657.23370450,1704154634157,false,true
4000008472,64908.62,0.03611450,2344.14235699,1704154634162,false,true
4000008473,64908.41,0.06130429,3979.16399008,1704154634318,false,true
4000008474,64907.90,0.21483149,13944.26086977,1704154634476,true,true
4000008475,64905.84,0.06210790,4031.16542014,1704154634530,false,true
4000008476,64906.42,0.02750505,1785.25432742,1704154634619,false,true
4000008477,64905.64,0.06237719,4048.63143835,1704154634641,true,true
4000008478,64908.08,0.03722375,2416.12214290,1704154634715,true,true
4000008479,64907.91,0.04458345,2893.81856009,1704154634812,true,true
4000008480,64908.85,0.06218367,4036.27050848,1704154634904,true,true
4000008481,64906.05,0.02683938,1742.03814025,1704154635078,false,true
4000008482,64907.53,0.01987978,1290.34741674,1704154635143,false,true
4000008483,64907.94,0.02789408,1810.54727100,1704154635433,false,true
4000008484,64906.82,0.03793994,2462.56085639,1704154635496,false,true
4000008485,64908.44,0.05665770,3677.56292099,1704154635691,true,true
4000008486,64907.28,0.05862082,3804.91797757,1704154635978,false,true
4000008487,64908.38,0.03061793,1987.36023525,1704154635995,true,true
4000008488,64908.94,0.06977100,4528.76165274,1704154636147,false,true
4000008489,64908.33,0.07102035,4609.81231452,1704154636405,false,true
4000008490,64906.38,0.06892337,4473.56644410,1704154636431,false,true
4000008491,64907.56,0.09760928,6335.58019816,1704154636541,false,true
4000008492,64906.91,0.02515181,1632.52626801,1704154636642,true,true
4000008493,64907.20,0.02870851,1863.38900027,1704154636665,true,true
4000008494,64906.35,0.05496516,3567.58791277,1704154637038,true,true
4000008495,64906.85,0.12806465,8312.27302785,1704154637315,true,true
4000008496,64906.25,0.03868278,2510.75418937,1704154637318,true,true
4000008497,64906.68,0.03318500,2153.92817580,1704154637455,true,true
4000008498,64907.34,0.10817442,7021.31385824,1704154637636,true,true
4000008499,64907.08,0.08078898,5243.77678798,1704154637711,false,true
4000008500,64906.19,0.03998708,2595.40901203,1704154637773,true,true
4000008501,64905.85,0.03760172,2440.57159806,1704154637783,false,true
4000008502,64905.69,0.02692217,1747.40202015,1704154637805,false,true
4000008503,64907.28,0.04424788,2872.00953657,1704154638297,false,true
4000008504,64907.44,0.07715083,5007.66286918,1704154638297,false,true
4000008505,64906.79,0.06252831,4058.51188622,1704154638363,true,true
4000008506,64907.18,0.07821679,5076.83126755,1704154638400,false,true
4000008507,64907.63,0.04162701,2701.91056309,1704154638427,false,true
4000008508,64910.69,0.01548825,1005.35299439,1704154638685,false,true
4000008509,64910.90,0.07147245,4639.34105471,1704154638786,true,true
4000008510,64911.32,0.07326363,4755.63893129,1704154638790,false,true
4000008511,64911.10,0.08780288,5699.38152397,1704154638805,true,true
4000008512,64912.84,0.03101047,2012.97767743,1704154638844,false,true
4000008513,64912.64,0.06939651,4504.71067089,1704154638922,false,true
4000008514,64912.46,0.10932344,7096.45342606,1704154639026,false,true
4000008515,64911.29,0.05352361,3474.28657056,1704154639036,true,true
4000008516,64909.14,0.03633621,2358.55214196,1704154639158,false,true
4000008517,64908.81,0.07610895,4940.14137485,1704154639215,false,true
4000008518,64909.18,0.06403560,4156.49828681,1704154639280,true,true
4000008519,64909.21,0.02116811,1374.00529729,1704154639316,false,true
4000008520,64908.53,0.06382960,4143.08550649,1704154639402,true,true
4000008521,64907.51,0.05885039,3819.83227743,1704154639450,true,true
4000008522,64906.36,0.02526898,1640.11751271,1704154639535,true,true
4000008523,64906.53,0.02300923,1493.44927727,1704154639569,false,true
4000008524,64908.13,0.05044452,3274.25946195,1704154639606,true,true
4000008525,64910.19,0.04521632,2934.99992230,1704154639637,true,true
4000008526,64909.67,0.17018451,11046.62038321,1704154639782,false,true
4000008527,64909.80,0.08614568,5591.69885966,1704154640056,false,true
4000008528,64910.40,0.07983618,5182.19837827,1704154640065,false,true
4000008529,64910.30,0.03855865,2502.85353910,1704154640552,false,true
4000008530,64911.17,0.03889659,2524.82316591,1704154640679,false,true
4000008531,64911.82,0.02958718,1920.55770247,1704154640707,false,true
4000008532,64914.34,0.06922178,4493.48616233,1704154640746,false,true
4000008533,64913.04,0.06879422,4465.64195463,1704154640857,true,true
4000008534,64913.29,0.05478703,3556.40636663,1704154640969,true,true
4000008535,64911.25,0.08394285,5448.83532206,1704154641085,true,true
4000008536,64911.84,0.03972020,2578.31126717,1704154641093,true,true
4000008537,64913.49,0.03280292,2129.35201939,1704154641097,true,true
4000008538,64912.70,0.08550915,5550.62980121,1704154641135,true,true
4000008539,64914.33,0.07434489,4826.04872327,1704154641423,false,true
4000008540,64914.00,0.06736836,4373.14972104,1704154641433,true,true
4000008541,64917.02,0.07166689,4652.40093147,1704154641458,true,true
4000008542,64917.87,0.04809853,3122.45411773,1704154641579,true,true
4000008543,64913.85,0.13432004,8719.23092855,1704154641987,true,true
4000008544,64913.40,0.03993080,2592.04399272,1704154642087,false,true
4000008545,64914.26,0.03693404,2397.54587541,1704154642186,true,true
4000008546,64914.51,0.05677426,3685.47326851,1704154642248,false,true
4000008547,64913.08,0.08724690,5663.46499945,1704154642666,true,true
4000008548,64911.97,0.04923518,3195.95252710,1704154642673,false,true
4000008549,64912.52,0.05547200,3600.82730944,1704154642691,true,true
4000008550,64910.92,0.08566916,5560.86399123,1704154642774,false,true
4000008551,64910.98,0.15889430,10313.98472941,1704154642782,true,true
4000008552,64912.85,0.04523762,2936.50284142,1704154642934,false,true
4000008553,64914.15,0.02199787,1427.97303286,1704154643048,true,true
4000008554,64912.93,0.05761525,3739.97469018,1704154643119,false,true
4000008555,64915.35,0.02285807,1483.83961437,1704154643236,true,true
4000008556,64915.85,0.07314028,4747.96344544,1704154643322,false,true
4000008557,64913.98,0.03354688,2177.66149738,1704154643417,true,true
4000008558,64914.68,0.02974322,1930.77160847,1704154643496,false,true
4000008559,64914.56,0.03816550,2477.49663968,1704154643526,false,true
4000008560,64914.26,0.12147272,7885.31172899,1704154643526,false,true
4000008561,64913.73,0.15648601,10158.09060192,1704154643988,true,true
4000008562,64912.32,0.12513496,8122.80056671,1704154644247,true,true
4000008563,64909.92,0.04107121,2665.92895540,1704154644367,true,true
4000008564,64911.39,0.04336633,2814.96875950,1704154644487,false,true
4000008565,64911.68,0.08236374,5346.36873448,1704154644798,false,true
4000008566,64913.32,0.05385175,3495.69588031,1704154644997,true,true
4000008567,64913.85,0.05719537,3712.77166887,1704154645058,false,true
4000008568,64913.13,0.03028212,1965.70719224,1704154645100,true,true
4000008569,64913.38,0.05411733,3512.93880688,1704154645341,true,true
4000008570,64912.71,0.07557976,4906.08704275,1704154645847,true,true
4000008571,64911.89,0.03809467,2472.79702863,1704154645881,false,true
4000008572,64912.52,0.07484270,4858.22826060,1704154646066,false,true
4000008573,64912.82,0.01183875,768.48664778,1704154646282,false,true
4000008574,64912.57,0.02704519,1755.57278904,1704154646338,true,true
4000008575,64912.81,0.02591418,1682.16224265,1704154646598,false,true
4000008576,64912.78,0.14985029,9727.19890771,1704154646652,true,true
4000008577,64913.51,0.04232442,2747.42666091,1704154646675,false,true
4000008578,64912.22,0.13149909,8535.89785988,1704154646717,true,true
4000008579,64910.37,0.06167762,4003.51713492,1704154646727,true,true
4000008580,64909.10,0.05139221,3335.82209811,1704154646748,false,true
4000008581,64906.73,0.05658102,3672.48898826,1704154646869,true,true
4000008582,64904.50,0.03388689,2199.41165201,1704154646918,true,true
4000008583,64905.82,0.12270012,7963.95190270,1704154646954,false,true
4000008584,64908.27,0.01750651,1136.31727784,1704154646960,true,true
4000008585,64909.22,0.05855140,3800.52570391,1704154646999,true,true
4000008586,64908.76,0.05415247,3514.96967864,1704154647010,false,true
4000008587,64908.22,0.04495906,2918.21255747,1704154647029,false,true
4000008588,64907.07,0.04065533,2638.81835018,1704154647060,true,true
4000008589,64906.63,0.02987570,1939.13100589,1704154647088,true,true
4000008590,64909.33,0.03234662,2099.59743196,1704154647123,false,true
4000008591,64909.95,0.07579858,4920.08203787,1704154647140,false,true
4000008592,64909.16,0.05783720,3754.16406875,1704154647229,false,true
4000008593,64910.07,0.07979547,5179.52954338,1704154647267,false,true
4000008594,64909.62,0.05662216,3675.32288918,1704154647360,true,true
4000008595,64909.92,0.06817866,4425.47136631,1704154647420,false,true
4000008596,64908.78,0.09693663,6292.03839061,1704154647554,true,true
4000008597,64908.63,0.04251481,2759.57807181,1704154647940,false,true
4000008598,64909.18,0.05536088,3593.42932488,1704154648000,true,true
4000008599,64910.14,0.04904420,3183.46588819,1704154648203,true,true
4000008600,64910.34,0.10132364,6576.95192244,1704154648244,false,true
4000008601,64909.15,0.04558151,2958.65706982,1704154648447,false,true
4000008602,64907.24,0.07299613,4737.97732898,1704154648571,true,true
4000008603,64907.77,0.04407120,2860.56331322,1704154648671,false,true
4000008604,64908.57,0.05554881,3605.59382230,1704154648674,true,true
4000008605,64908.66,0.09300698,6036.95844245,1704154648834,true,true
4000008606,64905.76,0.10451852,6783.85397468,1704154648909,true,true
4000008607,64906.55,0.03228689,2095.63064013,1704154648968,true,true
4000008608,64905.80,0.07424655,4819.03172499,1704154648975,true,true
4000008609,64905.80,0.23300602,15123.44213292,1704154649025,false,true
4000008610,64906.50,0.03526320,2288.81089080,1704154649192,false,true
4000008611,64908.86,0.11470570,7445.41622250,1704154649314,false,true
4000008612,64907.63,0.03855610,2502.58507304,1704154649320,false,true
4000008613,64905.87,0.02540627,1649.01605780,1704154649355,false,true
4000008614,64904.19,0.01821481,1182.21748905,1704154649496,false,true
4000008615,64905.42,0.04737344,3074.79302004,1704154649543,true,true
4000008616,64905.41,0.04328430,2809.38523806,1704154649602,false,true
4000008617,64906.19,0.05181668,3363.22327725,1704154649603,true,true
4000008618,64904.08,0.07102476,4609.79670502,1704154650476,false,true
4000008619,64904.05,0.03021956,1961.37183322,1704154650557,true,true
4000008620,64905.88,0.15998182,10383.76081110,1704154650625,true,true
4000008621,64904.97,0.26916063,17469.86261533,1704154650661,true,true
4000008622,64906.42,0.10057357,6527.87037532,1704154650769,true,true
4000008623,64906.42,0.07248087,4704.47379019,1704154650840,false,true
4000008624,64905.66,0.09158425,5944.33619186,1704154650862,false,true
4000008625,64906.67,0.05474109,3553.06186407,1704154651257,true,true
4000008626,64905.70,0.04908039,3185.59706922,1704154651271,false,true
4000008627,64905.06,0.06544380,4247.63376563,1704154651807,false,true
4000008628,64902.24,0.03146790,2042.33719810,1704154652083,true,true
4000008629,64901.54,0.01163388,755.05672818,1704154652198,false,true
4000008630,64902.88,0.04190836,2719.97326008,1704154652320,true,true
4000008631,64904.92,0.07350279,4770.69270473,1704154652367,true,true
4000008632,64905.77,0.02242115,1455.26200504,1704154652411,false,true
4000008633,64905.76,0.08480788,5504.51990539,1704154652520,false,true
4000008634,64906.31,0.05224300,3390.90035333,1704154652565,false,true
4000008635,64907.93,0.13855907,8993.58241643,1704154652658,true,true
4000008636,64906.57,0.05081279,3298.08391103,1704154652934,false,true
4000008637,64906.96,0.02510254,1629.32955968,1704154653017,false,true
4000008638,64906.03,0.01947913,1264.31299615,1704154653161,false,true
4000008639,64903.63,0.13569085,8806.82872279,1704154653280,true,true
4000008640,64903.66,0.02664012,1729.04129084,1704154653408,false,true
4000008641,64903.42,0.05811984,3772.17638585,1704154653495,false,true
4000008642,64905.94,0.06026512,3911.56426281,1704154653504,false,true
4000008643,64903.70,0.05512087,3577.54841022,1704154653589,true,true
4000008644,64903.35,0.15964132,10361.25646642,1704154653624,false,true
4000008645,64902.48,0.06226414,4041.09710107,1704154653795,false,true
4000008646,64901.84,0.04245493,2755.40307407,1704154653806,true,true
4000008647,64902.84,0.03461638,2246.70137252,1704154653830,false,true
4000008648,64901.68,0.10228819,6638.67537516,1704154653985,true,true
4000008649,64901.20,0.03529516,2290.69823819,1704154654088,false,true
4000008650,64899.44,0.08575991,5565.77013345,1704154654404,true,true
4000008651,64901.53,0.03979908,2583.02118459,1704154654673,false,true
4000008652,64899.84,0.04549885,2952.86808518,1704154654842,false,true
4000008653,64900.82,0.07015393,4553.04758322,1704154654983,true,true
4000008654,64902.13,0.06787450,4405.19962269,1704154655092,true,true
4000008655,64901.99,0.05920314,3842.40160025,1704154655432,false,true
4000008656,64902.07,0.07880525,5114.62385187,1704154655484,true,true
4000008657,64902.99,0.03523308,2286.73223891,1704154655499,true,true
4000008658,64903.83,0.03957414,2568.51325496,1704154655566,true,true
4000008659,64904.12,0.06714858,4358.21949415,1704154655900,true,true
4000008660,64902.74,0.04807902,3120.46013451,1704154655908,true,true
4000008661,64905.15,0.14401039,9347.01596451,1704154655978,true,true
4000008662,64902.63,0.03102038,2013.30424560,1704154656080,true,true
4000008663,64902.81,0.01466074,951.52322268,1704154656180,true,true
4000008664,64900.97,0.04412471,2863.73647997,1704154656303,true,true
4000008665,64903.31,0.04712051,3058.27706789,1704154656372,false,true
4000008666,64903.52,0.08643081,5609.66380545,1704154656378,false,true
4000008667,64903.16,0.02812798,1825.59478642,1704154656944,true,true
4000008668,64903.72,0.08262974,5362.97750863,1704154656954,true,true
4000008669,64903.72,0.07757612,5034.97877117,1704154656972,true,true
4000008670,64903.35,0.10925482,7091.00382165,1704154656973,true,true
4000008671,64902.39,0.05156783,3346.87541411,1704154657089,false,true
4000008672,64900.86,0.03687364,2393.13094733,1704154657167,false,true
4000008673,64900.75,0.04519171,2932.97587278,1704154657304,true,true
4000008674,64900.96,0.09004314,5843.88622741,1704154657324,false,true
4000008675,64901.48,0.08928055,5794.43983021,1704154657403,false,true
4000008676,64900.64,0.03239986,2102.77164991,1704154657465,false,true
4000008677,64900.54,0.03490845,2265.57725556,1704154657511,true,true
4000008678,64902.89,0.07657975,4970.24709048,1704154657738,true,true
4000008679,64902.64,0.03329745,2161.09241027,1704154657817,true,true
4000008680,64905.01,0.05615312,3644.61881513,1704154657909,false,true
4000008681,64904.70,0.03048107,1978.36470403,1704154657968,true,true
4000008682,64904.69,0.02937704,1906.70767432,1704154658000,true,true
4000008683,64903.89,0.08408535,5457.46630701,1704154658090,false,true
4000008684,64903.89,0.04539838,2946.53146170,1704154658554,false,true
4000008685,64906.64,0.05121368,3324.10789084,1704154658693,true,true
4000008686,64906.40,0.02952136,1916.12520070,1704154658759,true,true
4000008687,64906.74,0.05933546,3851.27127500,1704154659072,false,true
4000008688,64909.60,0.03910010,2537.97185096,1704154659084,true,true
4000008689,64911.13,0.03698878,2400.98350712,1704154659166,false,true
4000008690,64909.05,0.02588782,1680.35380277,1704154659228,false,true
4000008691,64908.28,0.06655190,4319.76935973,1704154659576,true,true
4000008692,64907.99,0.07105097,4611.77565025,1704154659611,false,true
4000008693,64905.60,0.09104420,5909.27842752,1704154659652,true,true
4000008694,64906.56,0.05130028,3329.72470184,1704154659770,true,true
4000008695,64906.12,0.02090832,1357.07792692,1704154660321,true,true
4000008696,64907.12,0.05430235,3524.60914773,1704154660373,false,true
4000008697,64906.32,0.02194737,1424.52302038,1704154660401,false,true
4000008698,64905.74,0.01925687,1249.88139743,1704154660547,false,true
4000008699,64906.96,0.04274560,2774.48694938,1704154660559,false,true
4000008700,64906.66,0.04357897,2828.56538894,1704154660750,true,true
4000008701,64906.66,0.08893924,5772.74901134,1704154660851,true,true
4000008702,64906.15,0.05314018,3449.12449411,1704154661036,true,true
4000008703,64905.59,0.07687555,4989.65292932,1704154661079,true,true
4000008704,64905.06,0.04707203,3055.21293147,1704154661279,false,true
4000008705,64903.68,0.03297614,2140.27283820,1704154661566,true,true
4000008706,64906.30,0.02469816,1603.06618241,1704154661582,false,true
4000008707,64904.98,0.03569172,2316.57037277,1704154661688,false,true
4000008708,64905.04,0.13124183,8518.25622582,1704154661742,false,true
4000008709,64903.91,0.06647852,4314.71587901,1704154662407,true,true
4000008710,64906.06,0.03935751,2554.54090551,1704154662468,true,true
4000008711,64907.18,0.02384296,1547.57929645,1704154662622,true,true
4000008712,64904.76,0.03258183,2114.71585651,1704154663015,true,true
4000008713,64903.06,0.03718965,2413.72208533,1704154663203,false,true
4000008714,64904.09,0.14880183,9657.84736648,1704154663371,true,true
4000008715,64903.39,0.09307597,6040.94598054,1704154663436,true,true
4000008716,64901.58,0.09000678,5841.58223271,1704154663533,false,true
4000008717,64902.31,0.03167349,2055.68266676,1704154663720,false,true
4000008718,64905.37,0.03491106,2265.91526639,1704154663829,true,true
4000008719,64906.52,0.06810000,4420.13401200,1704154663892,false,true
4000008720,64905.66,0.05717949,3711.27253691,1704154663995,true,true
4000008721,64904.29,0.02241219,1454.64727930,1704154664395,true,true
4000008722,64904.39,0.01825172,1184.61675305,1704154664396,false,true
4000008723,64906.24,0.10074682,6539.09727816,1704154664522,false,true
4000008724,64907.62,0.05598021,3633.54219820,1704154664571,true,true
4000008725,64907.67,0.05851897,3798.32999350,1704154664666,true,true
4000008726,64909.21,0.04904680,3183.58904103,1704154664684,false,true
4000008727,64911.74,0.02370497,1538.73084935,1704154664839,true,true
4000008728,64910.03,0.03946331,2561.56463600,1704154664860,true,true
4000008729,64910.13,0.02276287,1477.54085087,1704154665099,false,true
4000008730,64909.22,0.06006142,3898.53992429,1704154665101,false,true
4000008731,64908.61,0.03557791,2309.31268481,1704154665188,true,true
4000008732,64909.99,0.04766831,3094.14952542,1704154665188,false,true
4000008733,64908.80,0.02716050,1762.95546240,1704154665241,true,true
4000008734,64908.11,0.03191914,2071.81105023,1704154665469,true,true
4000008735,64909.20,0.02590940,1681.75842648,1704154665473,false,true
4000008736,64909.02,0.15116375,9811.89087203,1704154665507,false,true
4000008737,64907.22,0.09143698,5934.92017700,1704154665872,false,true
4000008738,64908.36,0.04919330,3193.05642599,1704154665971,false,true
4000008739,64906.04,0.04082978,2650.09933387,1704154666106,false,true
4000008740,64906.09,0.02424064,1573.36516150,1704154666201,true,true
4000008741,64906.88,0.05676599,3684.50330101,1704154666213,false,true
4000008742,64909.40,0.04021336,2610.22506958,1704154666480,false,true
4000008743,64910.19,0.07052908,4578.05598333,1704154666568,false,true
4000008744,64910.54,0.05238436,3400.29709515,1704154666574,false,true
4000008745,64911.16,0.05117291,3321.69294868,1704154666590,false,true
4000008746,64910.15,0.13160967,8542.80342115,1704154666591,true,true
4000008747,64913.30,0.06192268,4019.60550364,1704154667014,true,true
4000008748,64914.70,0.03713749,2410.76902210,1704154667361,true,true
4000008749,64914.63,0.09543261,6194.97256808,1704154667393,true,true
4000008750,64914.02,0.09623337,6246.89490485,1704154667457,false,true
4000008751,64911.64,0.03066872,1990.75691190,1704154667461,true,true
4000008752,64911.11,0.04209765,2732.60518989,1704154667555,false,true
4000008753,64912.43,0.04120381,2674.63943236,1704154667585,false,true
4000008754,64915.23,0.13072358,8485.95126212,1704154667601,false,true
4000008755,64914.14,0.02427817,1575.99652632,1704154667755,true,true
4000008756,64913.80,0.05953643,3864.73590973,1704154668046,false,true
4000008757,64913.27,0.03595400,2333.89170958,1704154668090,false,true
4000008758,64913.25,0.02274004,1476.12990153,1704154668197,false,true
4000008759,64914.09,0.05788951,3757.84486220,1704154668318,true,true
4000008760,64913.95,0.02249661,1460.34381671,1704154668350,true,true
4000008761,64914.10,0.03195514,2074.33915347,1704154668424,true,true
4000008762,64912.70,0.06951705,4512.53941153,1704154668428,true,true
4000008763,64910.89,0.02161605,1403.11704378,1704154668520,true,true
4000008764,64913.71,0.03076328,1996.95863657,1704154668800,true,true
4000008765,64914.23,0.01646653,1068.91211572,1704154668829,false,true
4000008766,64911.29,0.01755237,1139.34697926,1704154668924,true,true
4000008767,64910.80,0.11918559,7736.43199537,1704154668926,true,true
4000008768,64911.57,0.06312906,4097.80639722,1704154669072,false,true
4000008769,64910.69,0.04221307,2740.07950072,1704154669216,true,true
4000008770,64910.51,0.05128261,3328.78036923,1704154669276,false,true
4000008771,64907.58,0.04635704,3008.92328236,1704154669329,false,true
4000008772,64907.37,0.06281626,4077.23822984,1704154669360,false,true
4000008773,64907.68,0.03884491,2521.33298791,1704154669449,true,true
4000008774,64909.12,0.06253602,4059.15802650,1704154669679,false,true
4000008775,64907.20,0.05172351,3357.22820827,1704154669869,true,true
4000008776,64907.90,0.02461982,1598.02081458,1704154670049,true,true
4000008777,64908.25,0.04310190,2797.66890067,1704154670487,false,true
4000008778,64909.50,0.04852950,3150.02558025,1704154670491,false,true
4000008779,64907.11,0.04891552,3174.96503735,1704154670633,false,true
4000008780,64908.59,0.05259875,3414.11069826,1704154670716,false,true
4000008781,64906.68,0.05471521,3551.38262660,1704154670754,true,true
4000008782,64904.95,0.03012707,1955.39597200,1704154670802,false,true
4000008783,64904.96,0.02554931,1658.27694358,1704154670866,false,true
4000008784,64903.65,0.03756955,2438.40092386,1704154671015,true,true
4000008785,64905.61,0.08721005,5660.42149338,1704154671090,false,true
4000008786,64905.74,0.02857007,1854.36153520,1704154671539,true,true
4000008787,64904.98,0.14249271,9248.48649270,1704154671633,true,true
4000008788,64906.24,0.04726799,3067.98750326,1704154671765,true,true
4000008789,64908.01,0.03891213,2525.70892316,1704154671779,false,true
4000008790,64904.56,0.04140084,2687.10330383,1704154671792,true,true
4000008791,64906.34,0.09430105,6120.73601366,1704154671827,false,true
4000008792,64906.66,0.16474607,10693.11715183,1704154671904,false,true
4000008793,64906.32,0.09202104,5972.74706897,1704154672034,true,true
4000008794,64907.69,0.06288458,4081.69282442,1704154672608,true,true
4000008795,64909.65,0.05244321,3404.07040598,1704154672774,false,true
4000008796,64912.48,0.04727351,3068.64077240,1704154672845,false,true
4000008797,64912.22,0.03493559,2267.74670391,1704154672933,false,true
4000008798,64911.25,0.06091567,3954.11228429,1704154673104,true,true
4000008799,64912.38,0.03547688,2302.88871577,1704154673344,true,true
4000008800,64912.70,0.02299914,1492.93627508,1704154673466,false,true
4000008801,64913.29,0.04030919,2616.60214014,1704154673541,true,true
4000008802,64912.63,0.07794244,5059.44876902,1704154673592,true,true
4000008803,64910.90,0.05728007,3718.10089576,1704154673609,true,true
4000008804,64911.53,0.10099992,6556.05933708,1704154673637,true,true
4000008805,64912.10,0.07541149,4895.11818003,1704154673895,true,true
4000008806,64912.48,0.06135456,3982.67664891,1704154673988,false,true
4000008807,64911.32,0.02011343,1305.58929103,1704154674133,true,true
4000008808,64912.49,0.03647292,2367.54805477,1704154674531,true,true
4000008809,64912.48,0.09334094,6058.99190093,1704154674912,true,true
4000008810,64914.50,0.04937887,3205.40465662,1704154675056,false,true
4000008811,64911.96,0.24270760,15754.62602290,1704154675233,false,true
4000008812,64911.99,0.01983368,1287.44363782,1704154675245,false,true
4000008813,64912.91,0.04889912,3174.18417564,1704154675362,false,true
4000008814,64913.72,0.10116982,6567.30936793,1704154675546,false,true
4000008815,64913.51,0.03478612,2258.08914848,1704154675577,true,true
4000008816,64911.30,0.04705391,3054.33046818,1704154675757,true,true
4000008817,64911.86,0.03692254,2396.71074732,1704154675865,false,true
4000008818,64912.29,0.04101802,2662.57360947,1704154675905,true,true
4000008819,64911.94,0.05876003,3814.22754176,1704154675927,true,true
4000008820,64910.23,0.04185530,2716.83714972,1704154675961,true,true
4000008821,64910.22,0.05260725,3414.74817110,1704154676014,true,true
4000008822,64910.37,0.07452439,4837.40572892,1704154676101,true,true
4000008823,64909.53,0.05889881,3823.09407466,1704154676357,true,true
4000008824,64913.63,0.05515856,3580.54235517,1704154676532,true,true
4000008825,64914.92,0.04213654,2735.29012318,1704154676752,false,true
4000008826,64912.66,0.04889571,3173.95059869,1704154676764,true,true
4000008827,64914.06,0.10990075,7134.10387955,1704154676856,false,true
4000008828,64914.89,0.09683472,6286.01519698,1704154676903,true,true
4000008829,64914.37,0.11252403,7304.42651731,1704154676964,false,true
4000008830,64913.68,0.02555425,1658.82040714,1704154677060,true,true
4000008831,64914.14,0.10723903,6961.32940688,1704154677158,true,true
4000008832,64914.99,0.10339108,6711.63092429,1704154677200,true,true
4000008833,64912.14,0.06440872,4180.90784986,1704154677229,false,true
4000008834,64911.29,0.06559480,4257.84308529,1704154677272,true,true
4000008835,64912.84,0.05959964,3868.78189538,1704154677700,true,true
4000008836,64914.25,0.11582265,7518.54045776,1704154677729,false,true
4000008837,64915.21,0.03597798,2335.51812708,1704154677947,false,true
4000008838,64914.58,0.16981714,11023.60831990,1704154678052,false,true
4000008839,64913.55,0.03123071,2027.29625512,1704154678088,true,true
4000008840,64912.96,0.03532055,2292.76144933,1704154678092,true,true
4000008841,64913.44,0.04639043,3011.36239438,1704154678104,true,true
4000008842,64911.36,0.08570189,5563.02623447,1704154678626,false,true
4000008843,64913.07,0.04381352,2844.07009071,1704154678673,false,true
4000008844,64915.21,0.07754851,5034.07781184,1704154678723,true,true
4000008845,64912.76,0.02015545,1308.34588854,1704154678743,true,true
4000008846,64913.81,0.03550395,2304.69666455,1704154678756,true,true
4000008847,64915.05,0.05029979,3265.21338284,1704154678760,false,true
4000008848,64914.76,0.01789096,1161.38737457,1704154678928,true,true
4000008849,64914.99,0.03457550,2244.46823675,1704154678928,false,true
4000008850,64914.75,0.05283619,3429.84806480,1704154678965,false,true
4000008851,64914.24,0.03566385,2315.09171822,1704154679087,true,true
4000008852,64916.16,0.02980671,1934.93715543,1704154679104,true,true
4000008853,64915.95,0.06201408,4025.70291658,1704154679165,false,true
4000008854,64914.16,0.05202263,3377.00532744,1704154679244,false,true
4000008855,64916.67,0.03042249,1974.92674391,1704154679253,false,true
4000008856,64914.97,0.13503028,8765.48657529,1704154679292,true,true
4000008857,64916.94,0.02677514,1738.16015687,1704154679345,true,true
4000008858,64916.81,0.01564905,1015.88640553,1704154679354,false,true
4000008859,64919.78,0.08782566,5701.62252555,1704154679530,true,true
4000008860,64918.75,0.03389256,2200.26262950,1704154679665,false,true
4000008861,64920.05,0.05461807,3545.80783530,1704154679668,true,true
4000008862,64918.67,0.06702255,4351.01480601,1704154679719,false,true
4000008863,64920.56,0.03442318,2234.77212258,1704154679805,true,true
4000008864,64921.94,0.06889904,4473.05934094,1704154679860,true,true
4000008865,64921.89,0.04009438,2603.00292798,1704154680060,true,true
4000008866,64921.07,0.04448681,2888.13130609,1704154680168,true,true
4000008867,64922.54,0.12626159,8197.22312724,1704154680564,false,true
4000008868,64922.99,0.04364186,2833.36004036,1704154680588,true,true
4000008869,64920.16,0.04674714,3034.83180834,1704154680606,true,true
4000008870,64921.79,0.01822672,1183.31128823,1704154680622,true,true
4000008871,64922.38,0.02823287,1832.94511463,1704154680672,false,true
4000008872,64923.60,0.05813322,3774.21792199,1704154680838,false,true
4000008873,64924.37,0.04867987,3160.50989143,1704154680952,true,true
4000008874,64924.59,0.11214037,7280.66754470,1704154680987,false,true
4000008875,64926.91,0.04001063,2597.76657305,1704154681156,false,true
4000008876,64927.44,0.07437761,4829.14781062,1704154681176,false,true
4000008877,64929.25,0.04394072,2853.03799406,1704154681217,true,true
4000008878,64932.27,0.07367945,4784.17394085,1704154681653,true,true
4000008879,64933.15,0.02795565,1815.24841480,1704154681690,false,true
4000008880,64931.57,0.03168478,2057.34251050,1704154681854,false,true
4000008881,64931.68,0.01876439,1218.40336688,1704154681885,false,true
4000008882,64933.13,0.05534343,3593.62213484,1704154681897,false,true
4000008883,64931.17,0.03685407,2392.97788436,1704154682008,true,true
4000008884,64932.37,0.05824038,3781.68590310,1704154682467,false,true
4000008885,64932.40,0.03099074,2012.30312598,1704154682708,true,true
4000008886,64931.71,0.03160566,2052.20954948,1704154682755,false,true
4000008887,64928.76,0.03144830,2041.89912311,1704154682778,false,true
4000008888,64929.20,0.05370227,3486.84542928,1704154682815,false,true
4000008889,64928.27,0.04129495,2681.20966324,1704154682824,false,true
4000008890,64930.67,0.13653706,8865.44278563,1704154682825,true,true
4000008891,64931.01,0.07758937,5037.95615936,1704154682967,false,true
4000008892,64929.86,0.04937769,3206.08649882,1704154683030,true,true
4000008893,64929.10,0.02700779,1753.59149769,1704154683073,false,true
4000008894,64928.85,0.08893939,5774.73231240,1704154683073,false,true
4000008895,64929.80,0.07845730,5094.21679754,1704154683255,true,true
4000008896,64931.31,0.02117250,1374.75816098,1704154683275,false,true
4000008897,64929.64,0.03820118,2480.38886498,1704154683365,false,true
4000008898,64930.14,0.11477931,7452.63666740,1704154683608,false,true
4000008899,64930.68,0.02085104,1353.87220591,1704154683649,true,true
4000008900,64930.03,0.10506368,6821.78789431,1704154683664,true,true
4000008901,64931.46,0.05356081,3477.78159208,1704154683713,true,true
4000008902,64932.83,0.04554240,2957.19691699,1704154683783,true,true
4000008903,64929.61,0.02910708,1889.91135264,1704154683813,true,true
4000008904,64929.52,0.02656466,1724.83062276,1704154683905,false,true
4000008905,64928.73,0.05443832,3534.61098093,1704154684005,true,true
4000008906,64928.74,0.07832629,5085.62731857,1704154684043,false,true
4000008907,64926.47,0.02280129,1480.40727115,1704154684219,true,true
4000008908,64926.65,0.07488266,4861.88025689,1704154684696,true,true
4000008909,64926.73,0.08862918,5754.40283998,1704154684963,true,true
4000008910,64925.34,0.07755883,5035.53340775,1704154685016,true,true
4000008911,64926.43,0.13393168,8695.70584630,1704154685280,true,true
4000008912,64925.71,0.15992112,10382.99226000,1704154685316,false,true
4000008913,64926.32,0.02618590,1700.15412289,1704154685391,true,true
4000008914,64925.22,0.11705759,7599.98978342,1704154685645,false,true
4000008915,64923.70,0.06160434,3999.58168886,1704154685755,false,true
4000008916,64922.30,0.02962901,1923.58347592,1704154685850,false,true
4000008917,64921.21,0.03541226,2299.00676803,1704154686319,true,true
4000008918,64920.37,0.08992114,5837.71367962,1704154686436,false,true
4000008919,64923.11,0.10800079,7011.74716926,1704154686621,true,true
4000008920,64923.10,0.08666881,5626.80781851,1704154686905,false,true
4000008921,64920.41,0.03703077,2404.05277102,1704154687224,true,true
4000008922,64918.06,0.04445334,2885.82459332,1704154687238,false,true
4000008923,64916.36,0.01245397,808.46639995,1704154687360,false,true
4000008924,64916.19,0.07538762,4893.87706357,1704154687516,false,true
4000008925,64916.54,0.06349630,4121.96009880,1704154687650,true,true
4000008926,64914.44,0.04829560,3135.08182846,1704154687791,true,true
4000008927,64911.56,0.09314493,6046.18271239,1704154687852,true,true
4000008928,64910.66,0.04925520,3197.18754043,1704154687898,false,true
4000008929,64910.99,0.05337566,3464.66693250,1704154687948,true,true
4000008930,64914.18,0.04864241,3157.58215837,1704154688285,false,true
4000008931,64914.80,0.06199284,4024.25281003,1704154688366,false,true
4000008932,64916.25,0.13006520,8443.34503950,1704154688385,true,true
4000008933,64916.60,0.01599787,1038.52732764,1704154688469,false,true
4000008934,64914.71,0.03604061,2339.56574637,1704154688526,true,true
4000008935,64914.05,0.03444472,2235.94627632,1704154688635,true,true
4000008936,64913.02,0.03250717,2110.13857635,1704154688678,true,true
4000008937,64912.76,0.02901669,1883.55343396,1704154688866,true,true
4000008938,64913.43,0.03790603,2460.61042498,1704154688873,true,true
4000008939,64913.71,0.03349831,2174.49958083,1704154688901,true,true
4000008940,64912.36,0.04495305,2918.00856470,1704154688986,false,true
4000008941,64911.63,0.05067628,3289.47993714,1704154689210,true,true
4000008942,64911.56,0.12845241,8338.04631886,1704154689249,true,true
4000008943,64911.51,0.05283748,3429.76061139,1704154689288,true,true
4000008944,64911.80,0.02847491,1848.35766294,1704154689322,false,true
4000008945,64912.27,0.03952453,2565.62696298,1704154689368,true,true
4000008946,64912.52,0.02630413,1707.46736471,1704154689451,true,true
4000008947,64911.02,0.03455545,2243.02950606,1704154689616,false,true
4000008948,64907.96,0.04868644,3160.13750006,1704154689661,true,true
4000008949,64907.03,0.05623642,3650.13900003,1704154690320,false,true
4000008950,64906.58,0.02332647,1514.04139117,1704154690340,true,true
4000008951,64907.04,0.03997167,2594.44278356,1704154690655,true,true
4000008952,64906.11,0.05248121,3406.35118919,1704154690779,false,true
4000008953,64909.28,0.01365578,886.38684764,1704154691129,false,true
4000008954,64906.57,0.04696952,3048.63043775,1704154691280,true,true
4000008955,64910.05,0.02804811,1820.60422251,1704154691417,false,true
4000008956,64912.70,0.02464516,1599.78387753,1704154691465,true,true
4000008957,64915.03,0.04253116,2760.91152733,1704154691595,false,true
4000008958,64912.88,0.02816780,1828.45302126,1704154691680,true,true
4000008959,64913.80,0.07197144,4671.93966187,1704154691680,true,true
4000008960,64912.73,0.02997140,1945.52539592,1704154691830,true,true
4000008961,64912.56,0.23304296,15127.41512358,1704154691889,false,true
4000008962,64912.68,0.04181236,2714.15234472,1704154692177,false,true
4000008963,64911.47,0.06930210,4498.50118509,1704154692231,false,true
4000008964,64905.80,0.06723476,4363.92588561,1704154692814,false,true
4000008965,64907.18,0.02934430,1904.65576207,1704154692959,true,true
4000008966,64908.39,0.07327782,4756.34531891,1704154693008,true,true
4000008967,64906.23,0.08854085,5746.85277450,1704154693980,false,true
4000008968,64904.44,0.06111472,3966.61667736,1704154693982,true,true
4000008969,64903.97,0.09978718,6476.58413710,1704154694065,true,true
4000008970,64903.66,0.02595822,1684.78348509,1704154694314,false,true
4000008971,64904.55,0.02955649,1918.35068303,1704154694367,false,true
4000008972,64904.56,0.06303498,4091.25764151,1704154694960,true,true
4000008973,64903.44,0.03943918,2559.73845278,1704154695028,false,true
4000008974,64904.00,0.04073797,2644.05720488,1704154695246,false,true
4000008975,64902.80,0.07831415,5082.80761462,1704154695267,true,true
4000008976,64901.56,0.02371339,1539.03600389,1704154695269,false,true
4000008977,64901.32,0.03822860,2481.08660175,1704154695420,true,true
4000008978,64903.88,0.06261506,4063.96034043,1704154695428,false,true
4000008979,64903.78,0.12698969,8242.11090203,1704154695507,true,true
4000008980,64904.42,0.05981985,3882.57266874,1704154695646,true,true
4000008981,64905.32,0.02099313,1362.56582045,1704154695717,false,true
4000008982,64906.47,0.04560763,2960.23026837,1704154695750,false,true
4000008983,64905.71,0.03478307,2257.61985433,1704154695881,true,true
4000008984,64905.18,0.02807718,1822.35442179,1704154695912,true,true
4000008985,64905.32,0.07147769,4639.28234231,1704154696083,true,true
4000008986,64906.69,0.03531241,2292.01164902,1704154696139,true,true
4000008987,64907.50,0.03762604,2442.21219130,1704154696143,true,true
4000008988,64906.99,0.07245413,4702.77949137,1704154696202,false,true
4000008989,64907.97,0.01647464,1069.33543888,1704154696506,true,true
4000008990,64906.85,0.04153230,2695.73076626,1704154696564,false,true
4000008991,64905.80,0.06637149,4307.89465564,1704154696565,false,true
4000008992,64905.60,0.02065268,1340.47458701,1704154696566,true,true
4000008993,64906.41,0.04622746,3000.45847202,1704154696570,true,true
4000008994,64905.07,0.07581489,4920.77074249,1704154696612,true,true
4000008995,64905.72,0.06609965,4290.24537500,1704154696722,true,true
4000008996,64907.67,0.01310802,850.81103651,1704154696793,true,true
4000008997,64909.21,0.17253953,11199.40458607,1704154696906,true,true
4000008998,64909.97,0.03628216,2355.07391714,1704154696910,false,true
4000008999,64909.20,0.03237845,2101.65928674,1704154696967,false,true
4000009000,64906.79,0.05587092,3626.40207155,1704154697142,true,true
4000009001,64906.33,0.02925120,1898.58804010,1704154697170,true,true
4000009002,64907.11,0.03641388,2363.51971469,1704154697178,false,true
4000009003,64908.67,0.04588761,2978.50373458,1704154697359,false,true
4000009004,64908.65,0.16728939,10858.52846422,1704154697361,true,true
4000009005,64912.81,0.10795688,7007.78443963,1704154697382,false,true
4000009006,64913.18,0.07834376,5085.54259476,1704154697445,true,true
4000009007,64912.95,0.04015457,2606.55159468,1704154697595,false,true
4000009008,64915.07,0.02977356,1932.75273155,1704154697804,false,true
4000009009,64916.56,0.09541018,6193.70067458,1704154698067,false,true
4000009010,64914.32,0.06796817,4412.10753719,1704154698557,true,true
4000009011,64915.45,0.05036168,3269.25111996,1704154698579,true,true
4000009012,64915.35,0.03978696,2582.78443384,1704154698618,true,true
4000009013,64915.63,0.02349684,1525.31217161,1704154698752,true,true
4000009014,64915.69,0.13941558,9050.25857245,1704154698852,true,true
4000009015,64915.95,0.01513730,982.65220993,1704154699017,true,true
4000009016,64916.52,0.06236364,4048.43048333,1704154699031,false,true
4000009017,64916.57,0.02216286,1438.73685259,1704154699032,false,true
4000009018,64917.32,0.03265745,2120.03413203,1704154699144,true,true
4000009019,64918.21,0.03401871,2208.43375971,1704154699710,true,true
4000009020,64918.91,0.05411159,3512.86544117,1704154699740,false,true
4000009021,64918.83,0.04383046,2845.42218156,1704154699840,true,true
4000009022,64918.71,0.01986564,1289.65172212,1704154699891,true,true
4000009023,64920.95,0.04466245,2899.52868333,1704154700019,false,true
4000009024,64920.57,0.02109045,1369.20403556,1704154700130,true,true
4000009025,64921.46,0.05474592,3554.18505544,1704154700163,false,true
4000009026,64922.80,0.06468485,4199.52157958,1704154700208,false,true
4000009027,64923.57,0.05230026,3395.51959113,1704154700229,true,true
4000009028,64924.71,0.04365593,2834.34859503,1704154700303,false,true
4000009029,64923.73,0.06219512,4037.93917820,1704154700323,true,true
4000009030,64922.82,0.02056118,1334.88978813,1704154700572,true,true
4000009031,64922.15,0.06189908,4018.62135662,1704154700778,false,true
4000009032,64920.23,0.02304155,1495.86272556,1704154700816,true,true
4000009033,64922.10,0.02858747,1855.95858609,1704154701050,true,true
4000009034,64919.92,0.10778323,6997.27866894,1704154701085,false,true
4000009035,64922.34,0.08670519,5629.10382494,1704154701142,true,true
4000009036,64923.65,0.04479746,2908.41461393,1704154701398,true,true
4000009037,64923.73,0.02754104,1788.06704488,1704154701644,false,true
4000009038,64923.09,0.04896783,3179.14283419,1704154702132,false,true
4000009039,64921.10,0.02205872,1432.07636699,1704154702459,false,true
4000009040,64918.93,0.03263498,2118.62798217,1704154702472,false,true
4000009041,64918.88,0.05919606,3842.94191561,1704154702732,false,true
4000009042,64918.38,0.02376398,1542.71908395,1704154702929,false,true
4000009043,64918.89,0.06282191,4078.32866488,1704154703008,false,true
4000009044,64919.57,0.07326921,4756.60560744,1704154703510,true,true
4000009045,64920.80,0.03728154,2420.34740203,1704154703535,false,true
4000009046,64921.62,0.06383899,4144.53064996,1704154703591,true,true
4000009047,64922.95,0.02071042,1344.58156214,1704154703639,false,true
4000009048,64921.60,0.07677719,4984.49801830,1704154703687,false,true
4000009049,64919.73,0.04902146,3182.45994741,1704154704103,false,true
4000009050,64918.37,0.04684116,3040.85175611,1704154704427,true,true
4000009051,64919.52,0.02341459,1520.06394380,1704154704521,false,true
4000009052,64916.51,0.02904273,1885.35267247,1704154704544,false,true
4000009053,64915.23,0.06354547,4125.06880051,1704154704571,false,true
4000009054,64913.05,0.13181783,8556.69738968,1704154704590,false,true
4000009055,64910.94,0.06332706,4110.61899204,1704154704656,false,true
4000009056,64911.17,0.14763586,9583.21640656,1704154704688,false,true
4000009057,64911.12,0.10474973,6799.42229400,1704154704804,true,true
4000009058,64911.14,0.02881103,1870.15680187,1704154705381,false,true
4000009059,64912.49,0.01917981,1245.00922483,1704154705385,true,true
4000009060,64914.56,0.02773170,1800.19110355,1704154705617,true,true
4000009061,64914.77,0.04661282,3025.86048935,1704154705702,true,true
4000009062,64914.62,0.04409787,2862.59647386,1704154705745,false,true
4000009063,64914.80,0.04597529,2984.47675529,1704154705880,true,true
4000009064,64913.78,0.04072044,2643.31768366,1704154705936,false,true
4000009065,64913.93,0.06496218,4216.95040517,1704154706064,true,true
4000009066,64913.27,0.02270688,1473.97783230,1704154706094,false,true
4000009067,64915.49,0.03689802,2395.25304833,1704154706188,false,true
4000009068,64916.74,0.02140653,1389.64214231,1704154706430,true,true
4000009069,64914.79,0.01926507,1250.58797339,1704154706513,false,true
4000009070,64914.74,0.02542165,1650.23980012,1704154706531,true,true
4000009071,64917.84,0.07749026,5030.50030024,1704154706788,false,true
4000009072,64917.33,0.10365923,6729.28044146,1704154706823,true,true
4000009073,64915.54,0.05819522,3777.77413172,1704154707019,false,true
4000009074,64914.57,0.03004173,1950.14598501,1704154707211,true,true
4000009075,64914.61,0.02110304,1369.89561141,1704154707549,false,true
4000009076,64915.33,0.04359669,2830.09351826,1704154707660,false,true
4000009077,64916.03,0.04460245,2895.41398227,1704154707715,false,true
4000009078,64916.17,0.02532254,1643.84231147,1704154707791,true,true
4000009079,64916.15,0.09596199,6229.48293714,1704154707813,false,true
4000009080,64918.18,0.09803500,6364.25377630,1704154707865,true,true
4000009081,64920.97,0.10875859,7060.71315863,1704154707911,false,true
4000009082,64922.00,0.04936537,3204.89855114,1704154708005,false,true
4000009083,64920.75,0.03709948,2408.52606621,1704154708088,true,true
4000009084,64922.19,0.01731667,1124.23613991,1704154708279,false,true
4000009085,64922.32,0.01718228,1115.51348049,1704154708329,false,true
4000009086,64921.49,0.02133018,1384.78706757,1704154708431,true,true
4000009087,64920.34,0.08424615,5469.28870169,1704154708505,true,true
4000009088,64917.43,0.06076327,3944.59532680,1704154708885,true,true
4000009089,64918.47,0.02250963,1461.29073987,1704154708937,false,true
4000009090,64919.86,0.09362575,6078.17058239,1704154709390,false,true
4000009091,64919.26,0.08751082,5681.13767639,1704154709545,true,true
4000009092,64918.80,0.02604492,1690.80495250,1704154709611,true,true
4000009093,64920.85,0.04663911,3027.85066444,1704154709807,true,true
4000009094,64918.45,0.04407154,2861.05606591,1704154709878,true,true
4000009095,64917.97,0.01889360,1226.53415799,1704154709909,false,true
4000009096,64916.20,0.03438752,2232.30712582,1704154710035,false,true
4000009097,64918.08,0.04483385,2910.52746101,1704154710043,true,true
4000009098,64917.78,0.02951331,1915.93856565,1704154710075,false,true
4000009099,64915.33,0.01612228,1046.58312655,1704154710195,false,true
4000009100,64913.71,0.05935890,3853.20642052,1704154710213,true,true
4000009101,64912.94,0.02653610,1722.53626713,1704154710272,true,true
4000009102,64913.52,0.03232953,2098.62359225,1704154710631,true,true
4000009103,64915.07,0.02668375,1732.17749911,1704154710784,true,true
4000009104,64913.16,0.03771345,2448.09921400,1704154710981,true,true
4000009105,64914.95,0.05507036,3574.88966588,1704154710983,true,true
4000009106,64917.26,0.06022872,3909.88347571,1704154711195,false,true
4000009107,64916.31,0.02476471,1607.63359142,1704154711243,false,true
4000009108,64915.76,0.08058206,5231.04566727,1704154711279,false,true
4000009109,64913.68,0.03034288,1969.66800260,1704154711429,false,true
4000009110,64911.77,0.06655685,4320.32293912,1704154712016,true,true
4000009111,64913.47,0.05326006,3457.29530701,1704154712054,false,true
4000009112,64915.07,0.03834670,2489.27871477,1704154712079,false,true
4000009113,64915.56,0.06813312,4422.89963935,1704154712366,true,true
4000009114,64914.52,0.24247497,15740.14628956,1704154712764,true,true
4000009115,64912.54,0.07705836,5002.05387583,1704154712808,false,true
4000009116,64909.75,0.04434444,2878.38651429,1704154712860,true,true
4000009117,64907.92,0.06196331,4021.90956842,1704154712910,false,true
4000009118,64908.35,0.07310861,4745.35924589,1704154712938,true,true
4000009119,64909.54,0.04145791,2691.01386746,1704154713015,true,true
4000009120,64908.57,0.02228332,1446.37843605,1704154713044,false,true
4000009121,64910.63,0.02735958,1775.92757434,1704154713244,false,true
4000009122,64910.84,0.02399610,1557.60700772,1704154713250,false,true
4000009123,64910.74,0.04662461,3026.43793731,1704154713361,true,true
4000009124,64909.85,0.03817051,2477.64207852,1704154713442,false,true
4000009125,64908.36,0.02574716,1671.20593026,1704154713531,false,true
4000009126,64909.78,0.04215651,2736.36978967,1704154714123,true,true
4000009127,64908.43,0.03381228,2194.70200952,1704154714185,false,true
4000009128,64911.46,0.01687211,1095.19329338,1704154714271,true,true
4000009129,64910.66,0.02762251,1792.99535496,1704154714556,true,true
4000009130,64910.66,0.02569988,1668.19617272,1704154714579,true,true
4000009131,64910.82,0.02823820,1832.96471732,1704154714712,false,true
4000009132,64910.96,0.30602880,19864.62319565,1704154714732,false,true
4000009133,64911.02,0.02763729,1793.96468394,1704154715043,true,true
4000009134,64910.47,0.06367646,4133.26894654,1704154715137,false,true
4000009135,64910.05,0.01437065,932.79961003,1704154715185,false,true
4000009136,64913.82,0.05552139,3604.10551661,1704154715356,true,true
4000009137,64913.35,0.03643255,2364.95886954,1704154715488,true,true
4000009138,64912.88,0.09461407,6141.67177222,1704154715855,false,true
4000009139,64911.02,0.07913266,5136.58167591,1704154715880,true,true
4000009140,64910.22,0.06894886,4475.48567135,1704154716074,true,true
4000009141,64910.63,0.08989331,5835.03138489,1704154716088,true,true
4000009142,64909.83,0.04237098,2750.29310873,1704154716160,true,true
4000009143,64908.88,0.06822359,4428.31681648,1704154716412,false,true
4000009144,64910.10,0.05665943,3677.76926724,1704154716638,true,true
4000009145,64906.61,0.15962743,10360.87534431,1704154716640,false,true
4000009146,64906.06,0.03602130,2338.00065908,1704154716964,false,true
4000009147,64906.19,0.04124526,2677.07268216,1704154717025,true,true
4000009148,64907.79,0.06414980,4163.82174694,1704154717444,true,true
4000009149,64908.81,0.01695949,1100.82031411,1704154717488,false,true
4000009150,64909.39,0.04284041,2780.74488045,1704154717620,false,true
4000009151,64909.68,0.01418076,920.46859376,1704154717956,false,true
4000009152,64909.37,0.01860109,1207.38503321,1704154718080,true,true
4000009153,64908.29,0.03528512,2290.29680164,1704154718398,false,true
4000009154,64910.14,0.02566749,1666.08036935,1704154718506,true,true
4000009155,64908.66,0.04188772,2718.87577566,1704154718513,false,true
4000009156,64907.56,0.08718706,5659.09932817,1704154718696,true,true
4000009157,64903.45,0.06630154,4303.19868631,1704154719011,true,true
4000009158,64901.63,0.09867314,6404.04762322,1704154719060,true,true
4000009159,64901.37,0.03468876,2251.34804760,1704154719141,true,true
4000009160,64902.08,0.05504088,3572.26759703,1704154719327,false,true
4000009161,64902.53,0.03458042,2244.35674646,1704154719415,false,true
4000009162,64903.42,0.14114638,9160.88278262,1704154719436,false,true
4000009163,64903.42,0.13734687,8914.28158930,1704154719478,true,true
4000009164,64902.38,0.08503921,5519.24712232,1704154719647,true,true
4000009165,64904.13,0.04793121,3110.93348490,1704154719769,false,true
4000009166,64902.52,0.09887017,6416.92318583,1704154719835,false,true
4000009167,64903.84,0.06931575,4498.85834748,1704154719891,true,true
4000009168,64903.06,0.04413728,2864.64453208,1704154719948,false,true
4000009169,64904.68,0.02697939,1751.08867455,1704154720032,false,true
4000009170,64908.89,0.06677104,4334.03409055,1704154720032,false,true
4000009171,64907.67,0.02055982,1334.49001182,1704154720286,true,true
4000009172,64909.12,0.17220319,11177.55752409,1704154720341,true,true
4000009173,64910.86,0.12596370,8176.41209578,1704154720427,true,true
4000009174,64908.72,0.12308964,7989.59097766,1704154720721,false,true
4000009175,64908.00,0.03324210,2157.67822680,1704154720787,true,true
4000009176,64906.57,0.01832426,1189.36486439,1704154720853,false,true
4000009177,64906.00,0.03119688,2024.86469328,1704154720873,false,true
4000009178,64905.34,0.04828643,3134.04715654,1704154721291,false,true
4000009179,64908.83,0.04941018,3207.15697389,1704154721297,true,true
4000009180,64905.63,0.03344169,2170.55395771,1704154721361,false,true
4000009181,64904.39,0.18433809,11964.35128522,1704154721364,false,true
4000009182,64903.60,0.02546915,1653.03952394,1704154721412,true,true
4000009183,64903.68,0.05010918,3252.27018378,1704154721513,true,true
4000009184,64903.05,0.02833852,1839.25638049,1704154721716,true,true
4000009185,64902.94,0.10115126,6565.01415870,1704154721745,false,true
4000009186,64900.53,0.04084831,2651.07696860,1704154721814,true,true
4000009187,64901.02,0.08704123,5649.06460905,1704154721875,true,true
4000009188,64899.40,0.17119637,11110.54169518,1704154722087,false,true
4000009189,64897.19,0.07087574,4599.63636517,1704154722119,false,true
4000009190,64898.98,0.03970038,2576.51416761,1704154722140,true,true
4000009191,64900.44,0.02508107,1627.77247867,1704154722163,true,true
4000009192,64902.89,0.12288539,7975.61694978,1704154722188,false,true
4000009193,64901.92,0.05196905,3372.89112558,1704154722274,true,true
4000009194,64901.62,0.08286118,5377.82481711,1704154722296,false,true
4000009195,64901.47,0.04772035,3097.12086391,1704154722296,true,true
4000009196,64899.12,0.05912180,3836.95279282,1704154722377,false,true
4000009197,64900.67,0.03293216,2137.31924855,1704154722386,false,true
4000009198,64899.50,0.09385072,6090.86480264,1704154722854,false,true
4000009199,64899.28,0.05298874,3438.93107411,1704154723023,true,true
4000009200,64898.99,0.06552691,4252.63027682,1704154723095,true,true
4000009201,64897.82,0.24114716,15649.92498319,1704154723166,false,true
4000009202,64898.25,0.09309651,6041.80058011,1704154723219,true,true
4000009203,64897.10,0.05839512,3789.67394215,1704154723362,true,true
4000009204,64895.91,0.10265535,6661.91235462,1704154723377,false,true
4000009205,64897.44,0.08698861,5645.33809816,1704154723776,true,true
4000009206,64897.22,0.14435396,9368.17069999,1704154723837,true,true
4000009207,64898.15,0.04017925,2607.55899339,1704154723861,true,true
4000009208,64896.53,0.05473058,3551.82472689,1704154723894,false,true
4000009209,64896.16,0.04142221,2688.14236771,1704154723934,false,true
4000009210,64894.84,0.05869523,3809.01755961,1704154723943,true,true
4000009211,64896.08,0.02602077,1688.64597158,1704154724119,true,true
4000009212,64896.88,0.02782045,1805.46040520,1704154724231,false,true
4000009213,64895.52,0.01808422,1173.58486069,1704154724394,false,true
4000009214,64895.68,0.04266007,2768.45425150,1704154724706,true,true
4000009215,64895.58,0.05440555,3530.67972247,1704154724874,false,true
4000009216,64894.29,0.06244188,4052.12146887,1704154724915,true,true
4000009217,64893.48,0.10042291,6516.79210163,1704154724955,true,true
4000009218,64894.54,0.03996189,2593.30846908,1704154725089,false,true
4000009219,64895.00,0.04075621,2644.87424795,1704154725206,false,true
4000009220,64895.06,0.17339304,11252.35173438,1704154725688,false,true
4000009221,64894.19,0.06385795,4144.00994031,1704154725883,false,true
4000009222,64895.17,0.03344379,2170.34043749,1704154725930,true,true
4000009223,64896.75,0.03220801,2090.19517297,1704154726035,true,true
4000009224,64897.58,0.04972942,3227.31901280,1704154726187,false,true
4000009225,64894.94,0.02369062,1537.40136346,1704154726289,true,true
4000009226,64895.05,0.02942568,1909.58097488,1704154726420,false,true
4000009227,64892.70,0.03578760,2322.35399052,1704154726938,true,true
4000009228,64889.39,0.06812788,4420.77657519,1704154727048,false,true
4000009229,64888.40,0.05427892,3522.07227253,1704154727138,true,true
4000009230,64888.43,0.09514530,6173.82913888,1704154727141,false,true
4000009231,64886.57,0.05011798,3251.98381753,1704154727348,false,true
4000009232,64890.10,0.02486216,1613.30804862,1704154727523,true,true
4000009233,64889.64,0.03158602,2049.60546683,1704154727658,true,true
4000009234,64888.90,0.05605954,3637.64188511,1704154728020,false,true
4000009235,64890.72,0.02755322,1787.94828412,1704154728188,true,true
4000009236,64890.62,0.04510733,2927.04261024,1704154728220,false,true
4000009237,64892.07,0.18992290,12324.49012140,1704154728239,false,true
4000009238,64890.76,0.04717313,3061.10025728,1704154728240,false,true
4000009239,64889.22,0.02698073,1750.75852473,1704154728309,true,true
4000009240,64890.37,0.07907586,5131.26181347,1704154728418,false,true
4000009241,64892.30,0.01402552,910.14825150,1704154728490,true,true
4000009242,64891.94,0.11600483,7527.77846807,1704154728647,true,true
4000009243,64889.61,0.02678605,1738.13633794,1704154728785,true,true
4000009244,64891.73,0.04525185,2936.47083220,1704154728870,false,true
4000009245,64891.15,0.01854845,1203.63025122,1704154729075,true,true
4000009246,64889.60,0.10503360,6815.58829056,1704154729198,false,true
4000009247,64890.69,0.08814695,5719.91640690,1704154729561,true,true
4000009248,64892.23,0.05732589,3720.00483883,1704154729564,true,true
4000009249,64893.04,0.06058402,3931.48123322,1704154729680,false,true
4000009250,64892.54,0.05362190,3479.66129063,1704154729694,false,true
4000009251,64891.73,0.06675201,4331.65340988,1704154729697,false,true
4000009252,64893.22,0.03745753,2430.73973495,1704154730042,true,true
4000009253,64893.52,0.10783402,6997.72913355,1704154730226,true,true
4000009254,64896.55,0.14622742,9489.65507340,1704154730249,true,true
4000009255,64897.95,0.07051640,4576.36980138,1704154730249,false,true
4000009256,64899.60,0.02743797,1780.71327781,1704154730469,true,true
4000009257,64897.87,0.04370481,2836.34907775,1704154730571,false,true
4000009258,64897.18,0.02617163,1698.46498300,1704154730640,true,true
4000009259,64898.75,0.03727712,2419.23849160,1704154730713,false,true
4000009260,64899.20,0.08845962,5740.95857030,1704154730779,false,true
4000009261,64900.69,0.03804903,2469.40830083,1704154731118,false,true
4000009262,64899.25,0.03867592,2510.03820106,1704154731424,false,true
4000009263,64899.55,0.03090845,2005.94449620,1704154731471,true,true
4000009264,64899.49,0.02124593,1378.85002158,1704154731553,true,true
4000009265,64898.77,0.03120651,2025.26411499,1704154731557,false,true
4000009266,64897.51,0.13426778,8713.64459523,1704154731688,true,true
4000009267,64897.37,0.02352672,1526.82225273,1704154731785,false,true
4000009268,64896.83,0.08091843,5251.34959558,1704154731814,false,true
4000009269,64895.65,0.05249503,3406.69909362,1704154731893,false,true
4000009270,64896.69,0.09026134,5857.66220096,1704154732247,false,true
4000009271,64897.86,0.05260224,3413.77280721,1704154732441,false,true
4000009272,64897.55,0.01230540,798.59031177,1704154732476,false,true
4000009273,64897.35,0.05285983,3430.46288845,1704154732545,true,true
4000009274,64897.05,0.03823569,2481.38348571,1704154732602,false,true
4000009275,64895.92,0.07708865,5002.73886331,1704154732643,false,true
4000009276,64895.49,0.02688456,1744.68669463,1704154732648,true,true
4000009277,64898.09,0.06684609,4338.18356497,1704154732692,false,true
4000009278,64899.81,0.03932178,2551.97605086,1704154732815,false,true
4000009279,64902.69,0.05966420,3872.36707670,1704154732958,true,true
4000009280,64903.95,0.03846847,2496.75565346,1704154733003,true,true
4000009281,64904.03,0.09505340,6169.34872520,1704154733151,false,true
4000009282,64906.14,0.02527030,1640.19762964,1704154733467,true,true
4000009283,64906.46,0.11878420,7709.86192593,1704154733497,false,true
4000009284,64906.25,0.06870323,4459.26902219,1704154733553,false,true
4000009285,64906.67,0.01329598,862.99778619,1704154733557,false,true
4000009286,64906.54,0.03232088,2097.83649056,1704154733737,false,true
4000009287,64905.95,0.11398314,7398.18398568,1704154733776,false,true
4000009288,64904.31,0.02265097,1470.14557868,1704154733930,true,true
4000009289,64903.43,0.06503844,4221.21783785,1704154734113,true,true
4000009290,64903.29,0.03151215,2045.24220997,1704154734410,false,true
4000009291,64903.22,0.04473224,2903.26641381,1704154734667,true,true
4000009292,64902.76,0.01519234,986.02479686,1704154734833,true,true
4000009293,64901.90,0.05047705,3276.05645140,1704154734877,false,true
4000009294,64901.37,0.02917559,1893.53576156,1704154734883,true,true
4000009295,64898.34,0.02500182,1622.57661498,1704154734969,false,true
4000009296,64900.24,0.05362238,3480.10533137,1704154735242,true,true
4000009297,64903.79,0.03749292,2433.43260617,1704154735255,true,true
4000009298,64904.60,0.03819308,2478.90658017,1704154735298,true,true
4000009299,64902.88,0.02900827,1882.72026682,1704154735354,true,true
4000009300,64903.76,0.06560633,4258.09749680,1704154735419,false,true
4000009301,64905.13,0.04916113,3190.80953360,1704154735440,false,true
4000009302,64904.26,0.08325750,5403.76642695,1704154735504,false,true
4000009303,64902.83,0.04989084,3238.05670708,1704154735526,true,true
4000009304,64902.94,0.01431804,929.28289104,1704154735612,false,true
4000009305,64902.89,0.02258462,1465.80710755,1704154735653,false,true
4000009306,64903.38,0.05249834,3407.31971039,1704154735741,true,true
4000009307,64903.53,0.03717913,2413.05677933,1704154735872,true,true
4000009308,64904.63,0.06682808,4337.45180601,1704154736209,false,true
4000009309,64905.75,0.05586907,3626.22389015,1704154736568,false,true
4000009310,64908.11,0.08784507,5701.85746652,1704154736642,true,true
4000009311,64909.14,0.03607281,2341.45507448,1704154736680,true,true
4000009312,64909.86,0.06324986,4105.53955762,1704154737112,false,true
4000009313,64909.16,0.02627267,1705.33694066,1704154737226,true,true
4000009314,64909.76,0.01934715,1255.81886318,1704154737759,false,true
4000009315,64909.67,0.12058372,7827.04947257,1704154737959,true,true
4000009316,64910.43,0.06603328,4286.24859911,1704154738036,true,true
4000009317,64912.28,0.06247792,4055.58423686,1704154738105,false,true
4000009318,64913.20,0.05261350,3415.31064820,1704154738131,true,true
4000009319,64913.23,0.09097659,5905.58431129,1704154738153,false,true
4000009320,64915.35,0.02595744,1685.03630270,1704154738153,true,true
4000009321,64915.72,0.03149368,2044.43491265,1704154738199,true,true
4000009322,64915.54,0.13801042,8959.02093993,1704154738398,false,true
4000009323,64914.86,0.05648844,3666.93917422,1704154738439,false,true
4000009324,64914.26,0.08143702,5286.42388991,1704154738466,false,true
4000009325,64914.88,0.02798264,1816.48971768,1704154738477,false,true
4000009326,64911.57,0.03722030,2416.02810887,1704154738532,true,true
4000009327,64911.74,0.05179319,3361.98608305,1704154738571,true,true
4000009328,64914.26,0.16000193,10386.40688452,1704154738590,false,true
4000009329,64914.10,0.05040848,3272.22111157,1704154738687,false,true
4000009330,64913.00,0.02888695,1875.13858535,1704154738948,false,true
4000009331,64914.95,0.03242446,2104.83219968,1704154739027,false,true
4000009332,64915.49,0.06853035,4448.68125012,1704154739174,false,true
4000009333,64916.29,0.10721916,6960.27008412,1704154739518,false,true
4000009334,64916.18,0.03185729,2068.05357195,1704154739539,false,true
4000009335,64916.19,0.07079424,4595.69233475,1704154739613,false,true
4000009336,64917.50,0.03628759,2355.69962382,1704154739880,false,true
4000009337,64916.63,0.09222191,5986.73560936,1704154739896,true,true
4000009338,64915.84,0.03440605,2233.49763683,1704154740332,false,true
4000009339,64914.83,0.02996584,1945.22740941,1704154740476,false,true
4000009340,64916.00,0.04635637,3009.27011492,1704154740502,true,true
4000009341,64917.33,0.06587489,4276.42197284,1704154740772,false,true
4000009342,64918.91,0.13644820,8858.06841546,1704154741041,true,true
4000009343,64917.98,0.06437055,4178.80607749,1704154741456,true,true
4000009344,64920.16,0.05133174,3332.46477388,1704154741586,false,true
4000009345,64921.81,0.02975530,1931.76793309,1704154741611,false,true
4000009346,64922.33,0.08778583,5699.26062458,1704154741766,true,true
4000009347,64922.51,0.06584062,4274.53831036,1704154741767,false,true
4000009348,64922.53,0.05950043,3862.91845169,1704154741909,false,true
4000009349,64922.70,0.07415556,4814.37917521,1704154742107,true,true
4000009350,64921.18,0.01702184,1105.07793857,1704154742108,false,true
4000009351,64920.25,0.06685296,4340.11087644,1704154742129,true,true
4000009352,64918.67,0.07061056,4583.94364316,1704154742385,true,true
4000009353,64918.98,0.10318094,6698.40138024,1704154742692,true,true
4000009354,64918.14,0.03185286,2067.82842488,1704154742706,false,true
4000009355,64917.66,0.17139872,11126.80382940,1704154742809,true,true
4000009356,64917.05,0.04647280,3016.87708124,1704154742846,false,true
4000009357,64918.12,0.06559378,4258.22488129,1704154742848,true,true
4000009358,64917.04,0.07763126,5039.59161067,1704154743081,true,true
4000009359,64917.17,0.08969174,5822.53393318,1704154743144,false,true
4000009360,64918.57,0.04141136,2688.36627296,1704154743167,true,true
4000009361,64920.34,0.12777761,8295.36588559,1704154743294,false,true
4000009362,64922.59,0.13979316,9075.73401148,1704154743307,true,true
4000009363,64923.49,0.00781517,507.38811134,1704154743704,false,true
4000009364,64921.66,0.07340290,4765.43811681,1704154743891,true,true
4000009365,64919.80,0.17928209,11638.95742638,1704154743898,false,true
4000009366,64919.66,0.06315625,4100.08227688,1704154744130,true,true
4000009367,64920.95,0.03194672,2074.01141178,1704154744192,true,true
4000009368,64920.19,0.01498234,972.65635944,1704154744295,false,true
4000009369,64918.62,0.02867442,1861.50377570,1704154744685,false,true
4000009370,64917.16,0.04431018,2876.49104469,1704154745177,false,true
4000009371,64917.56,0.10498440,6815.33108606,1704154745278,true,true
4000009372,64918.77,0.01365235,886.29376961,1704154745283,false,true
4000009373,64920.32,0.04119351,2674.29585112,1704154745376,false,true
4000009374,64920.91,0.04798748,3115.39087021,1704154745403,false,true
4000009375,64922.89,0.05490127,3564.34911307,1704154745788,true,true
4000009376,64923.35,0.05163144,3352.08605012,1704154745955,true,true
4000009377,64922.23,0.07324648,4755.32482125,1704154745955,false,true
4000009378,64923.15,0.10932470,7097.70389681,1704154745997,false,true
4000009379,64924.53,0.01617362,1050.06467690,1704154746089,false,true
4000009380,64922.81,0.04271736,2773.33104698,1704154746121,false,true
4000009381,64921.10,0.05960950,3869.91431045,1704154746471,true,true
4000009382,64922.54,0.11826924,7678.33946467,1704154746489,false,true
4000009383,64920.47,0.06487579,4211.76677842,1704154746538,true,true
4000009384,64921.64,0.05617870,3647.21333707,1704154746678,true,true
4000009385,64918.31,0.03153860,2047.43261177,1704154746761,true,true
4000009386,64919.19,0.03582437,2325.68908266,1704154746849,true,true
4000009387,64918.18,0.06747731,4380.50415650,1704154746924,true,true
4000009388,64919.72,0.06225631,4041.66221343,1704154747145,true,true
4000009389,64921.59,0.22690819,14731.24047882,1704154747175,true,true
4000009390,64919.95,0.07684112,4988.52166834,1704154747256,true,true
4000009391,64917.62,0.19082071,12387.62633991,1704154747386,true,true
4000009392,64917.02,0.18685119,12129.82243825,1704154747482,true,true
4000009393,64916.87,0.05395841,3502.81108738,1704154747654,true,true
4000009394,64918.82,0.04263547,2767.84440255,1704154747680,false,true
4000009395,64918.07,0.05615308,3645.34957816,1704154747690,true,true
4000009396,64918.27,0.08783894,5702.35202343,1704154747776,true,true
4000009397,64918.07,0.07479383,4855.47109151,1704154747953,false,true
4000009398,64917.20,0.02480363,1610.18220944,1704154747968,false,true
4000009399,64918.46,0.06791691,4409.06120516,1704154748088,false,true
4000009400,64919.46,0.18097881,11749.04661664,1704154748113,false,true
4000009401,64920.35,0.02971442,1929.07054645,1704154748320,true,true
4000009402,64918.73,0.09221154,5986.25606814,1704154748891,false,true
4000009403,64918.70,0.03641808,2364.21441010,1704154749118,false,true
4000009404,64918.80,0.06722883,4364.41496900,1704154749124,false,true
4000009405,64918.01,0.04490417,2915.08935710,1704154749132,false,true
4000009406,64919.35,0.06996223,4541.90249615,1704154749241,true,true
4000009407,64918.04,0.17218445,11177.87701248,1704154749291,false,true
4000009408,64919.67,0.08813796,5721.88727767,1704154749294,true,true
4000009409,64922.39,0.08837146,5737.28639099,1704154749524,false,true
4000009410,64922.45,0.02916199,1893.26783768,1704154749723,true,true
4000009411,64922.60,0.08767966,5692.39149432,1704154750484,true,true
4000009412,64921.69,0.07705016,5002.22660197,1704154750554,false,true
4000009413,64920.97,0.07158794,4647.55850510,1704154750917,false,true
4000009414,64921.51,0.06825710,4431.35400022,1704154751010,true,true
4000009415,64921.58,0.02521925,1637.27355642,1704154751073,false,true
4000009416,64920.89,0.08738092,5672.84709542,1704154751181,false,true
4000009417,64922.23,0.04441373,2883.43839422,1704154751254,false,true
4000009418,64923.29,0.06406322,4159.19501039,1704154751333,false,true
4000009419,64922.36,0.05020011,3259.10961346,1704154751418,false,true
4000009420,64921.00,0.01418003,920.58172763,1704154751502,true,true
4000009421,64921.64,0.01857654,1206.01944233,1704154752027,false,true
4000009422,64921.00,0.09238867,5997.96484507,1704154752149,true,true
4000009423,64923.75,0.02409497,1564.33580854,1704154752305,true,true
4000009424,64921.87,0.08792804,5708.45278223,1704154752317,true,true
4000009425,64923.10,0.04544054,2950.14072247,1704154752329,true,true
4000009426,64922.98,0.13066309,8483.03717881,1704154752372,false,true
4000009427,64923.41,0.03072603,1994.83864336,1704154752417,false,true
4000009428,64922.54,0.06169615,4005.47076622,1704154752759,true,true
4000009429,64919.50,0.08008139,5198.84379811,1704154752989,false,true
4000009430,64919.36,0.03865014,2509.14235271,1704154752989,true,true
4000009431,64917.73,0.07717686,5010.14655973,1704154753349,false,true
4000009432,64916.72,0.02690000,1746.25976800,1704154753559,false,true
4000009433,64916.78,0.05354608,3476.03909522,1704154754051,false,true
4000009434,64918.18,0.07293129,4734.56661185,1704154754062,true,true
4000009435,64918.84,0.05261062,3415.42042208,1704154754066,true,true
4000009436,64919.43,0.06036281,3918.71921840,1704154754097,false,true
4000009437,64922.40,0.11094391,7202.74490258,1704154754228,true,true
4000009438,64922.06,0.05209137,3381.87904862,1704154754275,false,true
4000009439,64920.91,0.03726940,2419.56336315,1704154754312,true,true
4000009440,64922.73,0.05804254,3768.28015293,1704154754550,true,true
4000009441,64925.58,0.02848342,1849.30256388,1704154754567,false,true
4000009442,64925.18,0.05650704,3668.72974327,1704154754638,true,true
4000009443,64925.53,0.03674656,2385.78988368,1704154754654,false,true
4000009444,64926.20,0.03716056,2412.69395067,1704154754677,true,true
4000009445,64928.37,0.03966057,2575.09616337,1704154754903,true,true
4000009446,64928.26,0.43820097,28451.62651241,1704154754946,false,true
4000009447,64927.04,0.07395699,4801.80844801,1704154755120,false,true
4000009448,64927.67,0.07047165,4575.56003556,1704154755249,true,true
4000009449,64930.00,0.02330225,1513.01509250,1704154755258,false,true
4000009450,64932.83,0.09528670,6187.23509236,1704154755265,false,true
4000009451,64929.36,0.04217913,2738.66391626,1704154755318,true,true
4000009452,64928.46,0.03377512,2192.96652792,1704154755358,false,true
4000009453,64927.93,0.02871104,1864.14839535,1704154755591,false,true
4000009454,64926.43,0.05095095,3308.06328861,1704154755770,false,true
4000009455,64926.79,0.21200173,13764.59180335,1704154755809,true,true
4000009456,64926.84,0.04614797,2996.24186451,1704154755857,false,true
4000009457,64927.13,0.03884309,2521.97035403,1704154755886,true,true
4000009458,64930.39,0.04221382,2740.95979599,1704154755917,false,true
4000009459,64929.45,0.02330733,1513.33211787,1704154756111,true,true
4000009460,64927.83,0.02368016,1537.50140285,1704154756196,false,true
4000009461,64926.06,0.02946334,1912.93858064,1704154756291,true,true
4000009462,64924.13,0.03278972,2128.84404394,1704154756463,false,true
4000009463,64925.85,0.06437881,4179.84896124,1704154756495,true,true
4000009464,64926.53,0.05123814,3326.71463385,1704154756620,true,true
4000009465,64928.53,0.04190022,2720.51969128,1704154756847,false,true
4000009466,64928.60,0.08020272,5207.45032579,1704154757378,false,true
4000009467,64929.95,0.01772697,1151.01127575,1704154757448,false,true
4000009468,64929.65,0.04543478,2950.06436323,1704154757535,true,true
4000009469,64927.91,0.12031500,7811.80149165,1704154757569,false,true
4000009470,64926.52,0.01849653,1200.91532498,1704154757817,false,true
4000009471,64930.43,0.08398740,5453.33799658,1704154757847,true,true
4000009472,64933.56,0.05830921,3786.22458609,1704154757896,false,true
4000009473,64932.07,0.07985869,5185.39004919,1704154758025,false,true
4000009474,64931.97,0.02845600,1847.70413832,1704154758074,true,true
4000009475,64932.76,0.01263612,820.49814729,1704154758127,false,true
4000009476,64933.49,0.04246156,2757.17728164,1704154758165,false,true
4000009477,64933.31,0.02765027,1795.42355349,1704154758228,true,true
4000009478,64934.12,0.16348116,10615.50526118,1704154758505,true,true
4000009479,64933.76,0.09241602,6000.91966284,1704154758516,true,true
4000009480,64933.11,0.07391934,4799.81263535,1704154758675,true,true
4000009481,64934.91,0.03350020,2175.33247198,1704154758735,true,true
4000009482,64934.80,0.02438571,1583.48120171,1704154758853,true,true
4000009483,64933.04,0.04761384,3091.71137727,1704154758986,true,true
4000009484,64931.03,0.09726845,6315.74064500,1704154759002,false,true
4000009485,64933.60,0.03790630,2461.39252168,1704154759111,false,true
4000009486,64931.25,0.02384797,1548.47850206,1704154759329,false,true
4000009487,64931.82,0.07288624,4732.63621616,1704154759378,false,true
4000009488,64931.05,0.05144658,3340.48045831,1704154759524,false,true
4000009489,64931.91,0.02665644,1730.85356300,1704154759700,false,true
4000009490,64930.55,0.06566022,4263.35419772,1704154759850,true,true
4000009491,64931.62,0.04426384,2874.12283862,1704154760045,false,true
4000009492,64929.37,0.05095440,3308.43709073,1704154760073,false,true
4000009493,64928.76,0.03509213,2278.48848666,1704154760109,false,true
4000009494,64929.31,0.04298502,2790.98768894,1704154760269,true,true
4000009495,64930.40,0.05173467,3359.15281697,1704154760381,false,true
4000009496,64931.28,0.03768571,2446.98138801,1704154760469,false,true
4000009497,64933.34,0.07290344,4733.86385669,1704154760521,false,true
4000009498,64935.43,0.04415058,2866.93689705,1704154760539,true,true
4000009499,64937.89,0.03817281,2478.86173677,1704154760793,false,true
4000009500,64935.92,0.01816069,1179.28111298,1704154760899,true,true
4000009501,64934.16,0.12336423,8010.55264910,1704154760983,true,true
4000009502,64931.24,0.01866277,1211.79679793,1704154761045,true,true
4000009503,64930.81,0.03576621,2322.32898593,1704154761154,false,true
4000009504,64929.84,0.05647456,3666.88414487,1704154761167,true,true
4000009505,64932.27,0.03871309,2513.72881241,1704154761276,false,true
4000009506,64933.35,0.06541630,4247.69950360,1704154761549,false,true
4000009507,64935.22,0.07393039,4800.68613934,1704154761552,false,true
4000009508,64934.57,0.08336173,5413.05809201,1704154761557,true,true
4000009509,64935.56,0.03188966,2070.77293031,1704154761943,true,true
4000009510,64936.85,0.01925287,1250.22073126,1704154762204,true,true
4000009511,64937.23,0.06673246,4333.42110349,1704154762229,true,true
4000009512,64939.16,0.01791813,1163.58831097,1704154762421,true,true
4000009513,64937.91,0.04622442,3001.71722576,1704154762625,true,true
4000009514,64940.19,0.07260757,4715.14939124,1704154762732,true,true
4000009515,64940.91,0.14881333,9664.07307033,1704154762813,false,true
4000009516,64944.78,0.04244949,2756.87278916,1704154762885,true,true
4000009517,64943.16,0.04604262,2990.15323748,1704154762916,false,true
4000009518,64944.66,0.04757516,3089.75259065,1704154763016,true,true
4000009519,64945.98,0.09784661,6354.74397613,1704154763136,true,true
4000009520,64946.34,0.03410998,2215.31835847,1704154763150,false,true
4000009521,64946.71,0.19446697,12629.98990517,1704154763194,true,true
4000009522,64946.31,0.02400803,1559.23295887,1704154763397,true,true
4000009523,64945.39,0.04525570,2939.14908622,1704154763918,true,true
4000009524,64943.22,0.07283193,4729.94005301,1704154763934,false,true
4000009525,64943.38,0.07496232,4868.30643344,1704154763969,false,true
4000009526,64943.29,0.07189395,4669.02964410,1704154764015,true,true
4000009527,64946.06,0.06293149,4087.15232543,1704154764016,true,true
4000009528,64945.61,0.07414924,4815.66762284,1704154764147,false,true
4000009529,64944.86,0.04923908,3197.82515713,1704154764185,false,true
4000009530,64944.51,0.02078722,1350.01581716,1704154764188,true,true
4000009531,64943.66,0.04396485,2855.23827035,1704154764221,true,true
4000009532,64944.15,0.04950968,3215.36408437,1704154764384,true,true
4000009533,64942.52,0.04294431,2788.91171106,1704154764484,true,true
4000009534,64943.18,0.08024095,5211.10245922,1704154764538,false,true
4000009535,64938.84,0.07557033,4907.44956862,1704154764581,false,true
4000009536,64937.64,0.14340303,9312.25433705,1704154764611,true,true
4000009537,64940.05,0.06195381,4023.28351909,1704154764678,false,true
4000009538,64940.44,0.04373974,2840.47796109,1704154764827,true,true
4000009539,64941.15,0.17774479,11542.95106911,1704154764933,false,true
4000009540,64943.42,0.04622685,3002.12973483,1704154765784,true,true
4000009541,64945.33,0.04735712,3075.62378625,1704154765815,false,true
4000009542,64943.96,0.03380878,2195.67605597,1704154766044,true,true
4000009543,64943.94,0.06141114,3988.28139149,1704154766165,false,true
4000009544,64944.12,0.04933439,3203.97854429,1704154766248,true,true
4000009545,64943.45,0.03692620,2398.11482339,1704154766456,false,true
4000009546,64940.88,0.02746751,1783.76427081,1704154766498,true,true
4000009547,64942.39,0.03520883,2286.54556930,1704154766517,false,true
4000009548,64943.14,0.06212121,4034.34643800,1704154766972,false,true
4000009549,64942.78,0.08096114,5257.84150357,1704154767307,true,true
4000009550,64942.83,0.08811464,5722.41408603,1704154767355,true,true
4000009551,64943.21,0.01189138,772.26438853,1704154767462,true,true
4000009552,64942.19,0.03577452,2323.27567500,1704154767522,true,true
4000009553,64943.52,0.03598904,2337.25493902,1704154767539,true,true
4000009554,64945.18,0.00989720,642.77543550,1704154767711,true,true
4000009555,64946.47,0.05625315,3653.44351888,1704154767846,true,true
4000009556,64944.28,0.02446790,1589.05014861,1704154768308,false,true
4000009557,64942.89,0.16908706,10981.00233800,1704154768413,true,true
4000009558,64942.95,0.01733723,1125.93086103,1704154768509,true,true
4000009559,64944.00,0.01323970,859.83907680,1704154768557,false,true
4000009560,64942.97,0.11464386,7445.31276066,1704154768727,true,true
4000009561,64942.49,0.01795064,1165.75925869,1704154768801,true,true
4000009562,64942.24,0.07234518,4698.25804240,1704154768838,true,true
4000009563,64944.06,0.03420086,2221.14270389,1704154769292,true,true
4000009564,64946.91,0.02621159,1702.36177669,1704154769360,true,true
4000009565,64947.25,0.03139494,2039.01501692,1704154769383,true,true
4000009566,64948.31,0.07478479,4857.14572420,1704154769430,false,true
4000009567,64948.12,0.02029070,1317.84281848,1704154769925,false,true
4000009568,64950.80,0.08593148,5581.31837118,1704154769935,true,true
4000009569,64951.73,0.03359044,2181.75718946,1704154769941,true,true
4000009570,64951.54,0.04588207,2980.11110489,1704154769977,false,true
4000009571,64952.32,0.01173095,761.95241830,1704154770068,false,true
4000009572,64952.77,0.05033318,3269.27946391,1704154770111,false,true
4000009573,64955.01,0.05714730,3712.00344297,1704154770166,false,true
4000009574,64954.00,0.03305672,2147.16619088,1704154770209,true,true
4000009575,64956.55,0.04013243,2606.86419592,1704154770265,false,true
4000009576,64961.06,0.06267823,4071.64425972,1704154770381,true,true
4000009577,64961.97,0.03139874,2039.72400592,1704154770454,false,true
4000009578,64965.43,0.08926592,5799.19887715,1704154770603,true,true
4000009579,64963.55,0.02772397,1801.04751129,1704154770691,false,true
4000009580,64965.00,0.15214034,9883.79718810,1704154770751,true,true
4000009581,64965.93,0.10991287,7140.59181852,1704154770891,false,true
4000009582,64965.06,0.07426712,4824.76790683,1704154770925,false,true
4000009583,64964.90,0.05561663,3613.12880629,1704154771256,true,true
4000009584,64966.42,0.06763835,4394.22145421,1704154771326,false,true
4000009585,64965.88,0.21281137,13825.47792606,1704154771507,false,true
4000009586,64965.63,0.02786833,1810.48361550,1704154771690,false,true
4000009587,64966.42,0.02308723,1499.89468082,1704154771969,true,true
4000009588,64966.56,0.03541655,2300.89142057,1704154772078,false,true
4000009589,64966.16,0.05635795,3661.35959697,1704154772491,false,true
4000009590,64967.55,0.07608834,4943.27303337,1704154772531,true,true
4000009591,64966.58,0.03810290,2475.41510108,1704154772659,true,true
4000009592,64964.69,0.02662493,1729.68032372,1704154772705,false,true
4000009593,64966.36,0.03818228,2480.56374810,1704154772986,false,true
4000009594,64966.92,0.05557500,3610.53657900,1704154773020,true,true
4000009595,64966.22,0.05569663,3618.39951784,1704154773163,true,true
4000009596,64965.92,0.09946926,6462.11198762,1704154773375,true,true
4000009597,64966.96,0.09654179,6272.02660926,1704154773424,true,true
4000009598,64964.93,0.03247566,2109.77897860,1704154773648,false,true
4000009599,64968.02,0.03952898,2568.11956322,1704154773693,true,true
4000009600,64969.45,0.03022210,1963.51321484,1704154773744,false,true
4000009601,64969.57,0.02360307,1533.48130858,1704154773777,true,true
4000009602,64971.42,0.04321980,2808.05177812,1704154773819,true,true
4000009603,64971.28,0.01705054,1107.79540849,1704154773821,false,true
4000009604,64973.59,0.03840060,2495.02484015,1704154773958,false,true
4000009605,64972.84,0.02727137,1771.89835959,1704154774198,true,true
4000009606,64971.89,0.05396240,3506.03911694,1704154774246,true,true
4000009607,64971.77,0.06994567,4544.49398374,1704154774259,false,true
4000009608,64971.06,0.04649780,3021.01135367,1704154774355,false,true
4000009609,64969.60,0.06193995,4024.21377552,1704154774425,true,true
4000009610,64969.10,0.02828121,1837.40476061,1704154774542,false,true
4000009611,64967.45,0.03256455,2115.63577390,1704154774564,true,true
4000009612,64967.84,0.03837666,2493.24870661,1704154774694,true,true
4000009613,64968.22,0.09429964,6126.47975744,1704154774779,true,true
4000009614,64968.45,0.04774535,3101.94138421,1704154774847,true,true
4000009615,64969.23,0.03316846,2154.92930649,1704154774970,false,true
4000009616,64970.10,0.02944398,1912.97832500,1704154775169,true,true
4000009617,64969.89,0.02100332,1364.58339003,1704154775236,true,true
4000009618,64971.06,0.05789218,3761.31630031,1704154775309,false,true
4000009619,64974.18,0.03764483,2445.94196049,1704154775348,true,true
4000009620,64973.22,0.08389306,5450.80224385,1704154775709,true,true
4000009621,64976.77,0.08581396,5575.91394171,1704154775882,true,true
4000009622,64976.33,0.02925599,1900.94686072,1704154775918,true,true
4000009623,64975.92,0.11582812,7526.03865887,1704154776065,true,true
4000009624,64976.83,0.03467945,2253.36072714,1704154776082,true,true
4000009625,64975.28,0.08593290,5583.51423871,1704154776455,false,true
4000009626,64975.03,0.13429809,8726.02242669,1704154776506,false,true
4000009627,64973.93,0.10721478,6966.16561069,1704154776862,false,true
4000009628,64975.92,0.03584645,2329.15606748,1704154777082,false,true
4000009629,64974.51,0.01129124,733.64278629,1704154777375,false,true
4000009630,64971.61,0.40127442,26071.44511922,1704154777754,true,true
4000009631,64972.02,0.02040014,1325.43830408,1704154778083,false,true
4000009632,64970.30,0.05734631,3725.80696459,1704154778269,true,true
4000009633,64968.46,0.05655561,3674.33088606,1704154778534,true,true
4000009634,64964.99,0.05093091,3308.72605884,1704154779122,true,true
4000009635,64966.54,0.01830824,1189.42300629,1704154779251,true,true
4000009636,64965.24,0.06562911,4263.61088214,1704154779574,false,true
4000009637,64965.91,0.02498237,1623.00240101,1704154779599,true,true
4000009638,64963.80,0.06105228,3966.18810746,1704154779696,false,true
4000009639,64962.25,0.02249415,1461.27059584,1704154779899,true,true
4000009640,64961.76,0.12273468,7973.06082584,1704154780302,false,true
4000009641,64960.61,0.03470991,2254.77692665,1704154780356,false,true
4000009642,64957.74,0.05901161,3833.26081936,1704154780449,false,true
4000009643,64958.80,0.08546137,5551.46804156,1704154780491,false,true
4000009644,64960.70,0.04875743,3167.31678300,1704154780853,false,true
4000009645,64959.54,0.06326611,4109.73740319,1704154780998,true,true
4000009646,64959.97,0.02972454,1930.90522666,1704154781002,false,true
4000009647,64959.54,0.05820619,3781.04732755,1704154781082,false,true
4000009648,64961.39,0.06878708,4468.50433084,1704154781088,false,true
4000009649,64961.25,0.04485286,2913.69785168,1704154781118,false,true
4000009650,64961.97,0.03296785,2141.65648266,1704154781120,true,true
4000009651,64962.60,0.13524416,8785.81226842,1704154781144,false,true
4000009652,64964.46,0.04695361,3050.31591870,1704154781321,true,true
4000009653,64964.25,0.08079304,5248.65924882,1704154781332,true,true
4000009654,64962.89,0.08591546,5581.31657728,1704154781449,false,true
4000009655,64964.41,0.08951129,5815.04814319,1704154781683,false,true
4000009656,64963.43,0.06257678,4065.20226716,1704154782270,false,true
4000009657,64961.68,0.04091466,2657.88505023,1704154782565,true,true
4000009658,64961.42,0.18852162,12246.63213590,1704154782577,true,true
4000009659,64962.12,0.05901284,3833.59919362,1704154782795,true,true
4000009660,64959.25,0.03026203,1965.79877228,1704154783411,true,true
4000009661,64958.12,0.03503094,2275.54400423,1704154783481,false,true
4000009662,64957.39,0.04232542,2749.34881385,1704154783808,true,true
4000009663,64958.24,0.02537764,1648.48682975,1704154783890,false,true
4000009664,64959.81,0.02704880,1757.08490873,1704154783932,true,true
4000009665,64960.72,0.09064281,5888.22220042,1704154784012,false,true
4000009666,64959.51,0.05343519,3471.12375916,1704154784200,true,true
4000009667,64960.52,0.05800253,3767.87451012,1704154784364,true,true
4000009668,64961.66,0.03081650,2001.89099539,1704154784560,false,true
4000009669,64963.53,0.04888842,3175.96433932,1704154784624,true,true
4000009670,64961.34,0.15636267,10157.52856918,1704154784651,false,true
4000009671,64959.57,0.07310146,4748.63940797,1704154784898,false,true
4000009672,64958.88,0.03275873,2127.97041102,1704154784987,true,true
4000009673,64958.59,0.03662284,2378.96804820,1704154785145,true,true
4000009674,64958.72,0.02503884,1626.49099668,1704154785310,true,true
4000009675,64959.99,0.03022711,1963.55276333,1704154785556,true,true
4000009676,64960.76,0.05960907,3872.25049009,1704154785627,true,true
4000009677,64961.60,0.09100205,5911.63877128,1704154785821,false,true
4000009678,64960.13,0.08710252,5658.19102253,1704154785823,false,true
4000009679,64958.02,0.11537204,7494.33928176,1704154785936,true,true
4000009680,64960.42,0.01627612,1057.30359117,1704154785961,false,true
4000009681,64960.42,0.03794423,2464.87311738,1704154785992,false,true
4000009682,64960.19,0.04234441,2750.70091904,1704154785994,false,true
4000009683,64962.88,0.09083866,5901.14096894,1704154786007,false,true
4000009684,64964.63,0.07019374,4560.11034742,1704154786042,true,true
4000009685,64964.03,0.02707045,1758.60552591,1704154786066,true,true
4000009686,64962.87,0.08702371,5653.30995965,1704154786187,false,true
4000009687,64963.11,0.08716475,5662.49324237,1704154786296,false,true
4000009688,64960.99,0.12849484,8347.15201629,1704154786299,true,true
4000009689,64961.95,0.07078801,4598.52716622,1704154786361,false,true
4000009690,64963.92,0.01444262,938.24921027,1704154786391,false,true
4000009691,64964.33,0.05337716,3467.61143670,1704154786399,true,true
4000009692,64963.51,0.02820967,1832.59917914,1704154786411,true,true
4000009693,64964.80,0.04212784,2736.82670003,1704154786613,true,true
4000009694,64964.97,0.04997633,3246.71077916,1704154786765,true,true
4000009695,64963.44,0.00684486,444.66565192,1704154786794,true,true
4000009696,64964.06,0.15115403,9819.57947416,1704154786919,false,true
4000009697,64966.70,0.06860402,4456.97678613,1704154786931,true,true
4000009698,64967.57,0.03569745,2319.17658170,1704154786952,false,true
4000009699,64969.43,0.01137632,739.11302590,1704154786973,true,true
4000009700,64971.74,0.01666672,1082.86579849,1704154787010,true,true
4000009701,64973.22,0.04675908,3038.08799184,1704154787070,false,true
4000009702,64972.95,0.12473855,8104.63157222,1704154787134,false,true
4000009703,64973.94,0.10745091,6981.50897929,1704154787599,true,true
4000009704,64973.77,0.08611461,5595.19086378,1704154787823,true,true
4000009705,64974.05,0.04010544,2605.81286383,1704154787978,true,true
4000009706,64976.52,0.06128911,3982.35308170,1704154788029,true,true
4000009707,64977.60,0.06485696,4214.24960410,1704154788038,false,true
4000009708,64980.21,0.12734121,8274.65856745,1704154788340,true,true
4000009709,64982.76,0.03858651,2507.45791857,1704154788561,false,true
4000009710,64983.61,0.08228038,5346.87612457,1704154788761,true,true
4000009711,64983.27,0.03158920,2052.76951268,1704154788937,true,true
4000009712,64985.23,0.04915461,3194.32363641,1704154789171,false,true
4000009713,64985.16,0.10152652,6597.71714644,1704154789229,true,true
4000009714,64984.62,0.08313922,5402.77061880,1704154789252,true,true
4000009715,64983.57,0.15283125,9931.52023256,1704154789313,true,true
4000009716,64985.08,0.02692797,1749.91628469,1704154789380,true,true
4000009717,64986.87,0.09259415,6017.40398881,1704154789619,false,true
4000009718,64988.58,0.02548843,1656.45687213,1704154789806,false,true
4000009719,64989.13,0.06039271,3924.86968124,1704154790025,true,true
4000009720,64989.53,0.05616259,3649.98032768,1704154790027,true,true
4000009721,64991.03,0.06905481,4487.94322835,1704154790077,true,true
4000009722,64991.39,0.04552470,2958.71353233,1704154790161,false,true
4000009723,64988.73,0.03522914,2289.49706759,1704154790166,false,true
4000009724,64988.58,0.08178100,5314.83106098,1704154790461,true,true
4000009725,64988.44,0.06891287,4478.53991722,1704154790498,true,true
4000009726,64989.33,0.08100802,5264.65694443,1704154790500,true,true
4000009727,64987.17,0.03993241,2595.09431718,1704154790508,true,true
4000009728,64987.60,0.03382262,2198.05089951,1704154790642,true,true
4000009729,64990.54,0.04261901,2769.83247417,1704154790678,false,true
4000009730,64987.15,0.01376364,894.45973723,1704154790697,false,true
4000009731,64989.28,0.07244279,4708.00476329,1704154790712,true,true
4000009732,64991.11,0.14376229,9343.27080324,1704154791177,false,true
4000009733,64990.80,0.04075115,2648.44983942,1704154791182,true,true
4000009734,64987.79,0.03775474,2453.59711462,1704154791237,false,true
4000009735,64985.68,0.05835229,3792.06324521,1704154791409,false,true
4000009736,64986.01,0.02793721,1815.52780843,1704154791552,true,true
4000009737,64985.73,0.06627991,4307.24833568,1704154791562,false,true
4000009738,64988.21,0.06430695,4179.19357106,1704154791572,false,true
4000009739,64988.99,0.02805888,1823.51827173,1704154791586,true,true
4000009740,64988.85,0.01453277,944.46800961,1704154791660,false,true
4000009741,64987.78,0.05395905,3506.67887041,1704154792115,true,true
4000009742,64986.78,0.08150635,5296.83523605,1704154792184,true,true
4000009743,64984.23,0.05599935,3639.07464025,1704154792267,false,true
4000009744,64983.49,0.02348357,1526.04433626,1704154792486,false,true
4000009745,64982.51,0.04332431,2815.32240782,1704154792501,true,true
4000009746,64983.48,0.20568645,13366.22130985,1704154792521,true,true
4000009747,64982.46,0.08252580,5362.72949747,1704154792577,false,true
4000009748,64981.45,0.05200296,3379.22774509,1704154792797,false,true
4000009749,64982.44,0.03868070,2513.56626691,1704154793079,true,true
4000009750,64982.15,0.03891839,2529.00065674,1704154793084,true,true
4000009751,64979.98,0.02739251,1779.96475195,1704154793229,true,true
4000009752,64978.27,0.02374219,1542.72643221,1704154793463,true,true
4000009753,64980.05,0.04747711,3085.06498166,1704154793602,false,true
4000009754,64981.27,0.11900760,7733.26498765,1704154793609,true,true
4000009755,64981.41,0.06507754,4228.83030853,1704154793711,false,true
4000009756,64982.72,0.05720141,3717.10320964,1704154793715,true,true
4000009757,64984.04,0.06479405,4210.57913696,1704154793873,true,true
4000009758,64983.91,0.02738322,1779.46870399,1704154793881,false,true
4000009759,64986.58,0.02254874,1465.36549591,1704154794151,true,true
4000009760,64985.68,0.03467764,2253.55001620,1704154794437,false,true
4000009761,64985.71,0.02632247,1710.58440190,1704154794943,false,true
4000009762,64983.56,0.09157044,5950.57318197,1704154795188,false,true
4000009763,64985.66,0.03161602,2054.58792627,1704154795729,false,true
4000009764,64986.57,0.07607413,4943.79677443,1704154795787,true,true
4000009765,64983.31,0.05535004,3596.82880783,1704154795907,true,true
4000009766,64984.59,0.14957702,9720.20131812,1704154796111,false,true
4000009767,64987.76,0.04762616,3095.11745580,1704154796150,false,true
4000009768,64986.37,0.03036151,1973.08432262,1704154796363,true,true
4000009769,64987.74,0.01548333,1006.22662437,1704154796449,true,true
4000009770,64989.99,0.09646078,6268.98512759,1704154796575,true,true
4000009771,64989.82,0.06691435,4348.75156192,1704154796581,false,true
4000009772,64991.24,0.05084321,3304.36326348,1704154796671,true,true
4000009773,64994.99,0.04634080,3011.91983259,1704154796826,false,true
4000009774,64995.66,0.02433229,1581.49324786,1704154797002,true,true
4000009775,64995.57,0.06178446,4015.71619484,1704154797048,true,true
4000009776,64994.70,0.03026100,1966.80461670,1704154797165,true,true
4000009777,64995.91,0.02545435,1654.42864171,1704154797225,true,true
4000009778,64993.36,0.03140658,2041.21916031,1704154797283,false,true
4000009779,64993.70,0.03124994,2031.04922538,1704154797400,false,true
4000009780,64996.26,0.07134989,4637.47600141,1704154797501,false,true
4000009781,64996.31,0.07984235,5189.45813173,1704154797584,false,true
4000009782,64996.00,0.04879553,3171.51426788,1704154797653,true,true
4000009783,64992.61,0.23425998,15225.16751875,1704154798013,false,true
4000009784,64995.69,0.07457564,4847.09517899,1704154798297,true,true
4000009785,64997.16,0.08816279,5730.33096768,1704154798346,true,true
4000009786,64995.96,0.05145861,3344.60175722,1704154798443,false,true
4000009787,64996.24,0.02383951,1549.47851344,1704154798488,false,true
4000009788,64994.97,0.08093757,5260.53493402,1704154798679,true,true
4000009789,64993.73,0.06038412,3924.58919157,1704154798680,false,true
4000009790,64992.46,0.01185840,770.70658766,1704154798728,false,true
4000009791,64992.13,0.05802131,3770.92852229,1704154798749,false,true
4000009792,64991.51,0.05269088,3424.45985443,1704154798838,false,true
4000009793,64989.63,0.01131413,735.30112247,1704154798996,false,true
4000009794,64992.58,0.16469780,10704.13494232,1704154799143,true,true
4000009795,64994.04,0.02760857,1794.39250292,1704154799146,false,true
4000009796,64994.02,0.01640866,1066.46477621,1704154799148,false,true
4000009797,64993.41,0.01680960,1092.51322474,1704154799272,false,true
4000009798,64994.52,0.05663702,3681.09592913,1704154799280,true,true
4000009799,64992.77,0.07149957,4646.95510811,1704154799310,true,true
4000009800,64992.99,0.02551787,1658.48266973,1704154799329,true,true
4000009801,64993.27,0.02334276,1517.12230323,1704154799438,true,true
4000009802,64991.65,0.06293010,4089.93103367,1704154799466,true,true
4000009803,64990.90,0.04342839,2822.45015165,1704154799703,false,true
4000009804,64989.79,0.03522616,2289.34074091,1704154799769,false,true
4000009805,64989.42,0.05506766,3578.81528416,1704154799813,false,true
4000009806,64989.70,0.03764796,2446.72962601,1704154799930,false,true
4000009807,64989.52,0.06383078,4148.33175343,1704154800025,true,true
4000009808,64990.25,0.02446759,1590.15479100,1704154800086,true,true
4000009809,64990.04,0.07301189,4745.04565158,1704154800515,false,true
4000009810,64988.75,0.10548324,6855.22391355,1704154800560,false,true
4000009811,64988.67,0.02970087,1930.22003914,1704154801020,true,true
4000009812,64988.01,0.21404150,13910.13114242,1704154801035,true,true
4000009813,64989.77,0.05801670,3770.49198916,1704154801049,false,true
4000009814,64989.17,0.12272967,7976.09938767,1704154801379,true,true
4000009815,64990.39,0.07532060,4895.11516903,1704154801460,true,true
4000009816,64989.52,0.06289757,4087.68288347,1704154801638,true,true
4000009817,64989.64,0.05279771,3431.30416572,1704154801855,false,true
4000009818,64989.70,0.07643570,4967.53321229,1704154801979,true,true
4000009819,64989.84,0.12067079,7842.37533477,1704154802161,false,true
4000009820,64988.95,0.10434039,6780.97238869,1704154802181,true,true
4000009821,64989.10,0.05032803,3270.77337447,1704154802216,true,true
4000009822,64990.73,0.01580329,1027.06735350,1704154802285,true,true
4000009823,64990.60,0.05880259,3821.61560565,1704154802305,false,true
4000009824,64991.42,0.05494175,3570.74234978,1704154802470,false,true
4000009825,64988.64,0.02003503,1302.04935206,1704154802557,false,true
4000009826,64986.27,0.17442635,11335.31787621,1704154802651,false,true
4000009827,64987.64,0.02108582,1370.31767926,1704154802670,true,true
4000009828,64988.68,0.14945673,9712.99559982,1704154802673,true,true
4000009829,64985.17,0.01512186,982.69664282,1704154802716,true,true
4000009830,64983.15,0.05000394,3249.41353361,1704154802729,false,true
4000009831,64982.64,0.02845697,1849.20903700,1704154802832,false,true
4000009832,64981.08,0.01773325,1152.32573691,1704154803121,true,true
4000009833,64981.86,0.02983828,1938.94693360,1704154803647,true,true
4000009834,64982.81,0.10806201,7022.17306405,1704154803715,false,true
4000009835,64984.15,0.04124154,2680.04642159,1704154803901,false,true
4000009836,64986.41,0.02485759,1615.40553535,1704154804199,true,true
4000009837,64989.29,0.08295988,5391.50369969,1704154804205,false,true
4000009838,64989.17,0.03506998,2279.16889212,1704154804344,false,true
4000009839,64987.95,0.08197427,5327.33976005,1704154804442,false,true
4000009840,64989.34,0.06735513,4377.36544431,1704154804566,false,true
4000009841,64990.93,0.08148032,5295.48177350,1704154805193,true,true
4000009842,64989.99,0.05794208,3765.65519978,1704154805201,false,true
4000009843,64990.42,0.10541613,6851.03856347,1704154805299,false,true
4000009844,64992.17,0.01823666,1185.24010695,1704154805597,false,true
4000009845,64993.98,0.04679109,3041.13916764,1704154805811,false,true
4000009846,64996.86,0.03252835,2114.24061098,1704154805837,true,true
4000009847,64994.65,0.08545340,5554.01382431,1704154806149,true,true
4000009848,64992.39,0.06460597,4198.89639857,1704154806156,false,true
4000009849,64992.83,0.05720130,3717.67436668,1704154806301,true,true
4000009850,64991.50,0.06713644,4363.29794026,1704154806345,true,true
4000009851,64990.63,0.10859476,7057.64186710,1704154806425,true,true
4000009852,64990.22,0.03387309,2201.41957118,1704154806511,false,true
4000009853,64987.64,0.03366154,2187.58404337,1704154806603,false,true
4000009854,64989.45,0.03340286,2170.83349983,1704154806921,false,true
4000009855,64989.49,0.06648112,4320.57408343,1704154807182,false,true
4000009856,64987.83,0.04462136,2899.84535805,1704154807464,false,true
4000009857,64986.04,0.18185332,11817.92712765,1704154807839,false,true
4000009858,64987.69,0.08175511,5313.07574460,1704154807995,false,true
4000009859,64987.51,0.07128844,4632.85820738,1704154808224,true,true
4000009860,64986.82,0.02977533,1935.00401115,1704154808305,false,true
4000009861,64983.85,0.01966697,1278.03542843,1704154808332,false,true
4000009862,64986.84,0.14350185,9325.73176565,1704154808364,false,true
4000009863,64987.31,0.02963494,1925.89503261,1704154808445,true,true
4000009864,64986.97,0.05314830,3453.94697765,1704154808446,false,true
4000009865,64988.44,0.03390935,2203.71575791,1704154808510,true,true
4000009866,64990.38,0.02702254,1756.20514317,1704154808584,false,true
4000009867,64989.20,0.06949583,4516.47839504,1704154808703,false,true
4000009868,64987.10,0.05410382,3516.05036072,1704154808755,true,true
4000009869,64989.28,0.12516533,8134.40467766,1704154808799,true,true
4000009870,64989.13,0.10783719,7008.24515974,1704154808874,false,true
4000009871,64987.69,0.03035265,1972.54860888,1704154808951,false,true
4000009872,64989.20,0.10249674,6661.18113521,1704154808990,false,true
4000009873,64988.91,0.05272662,3426.64556178,1704154809175,false,true
4000009874,64990.28,0.07768804,5048.96747225,1704154809497,false,true
4000009875,64990.43,0.09203992,5981.71397797,1704154809527,true,true
4000009876,64990.49,0.06899011,4483.70105405,1704154809623,false,true
4000009877,64990.50,0.02405114,1563.09561417,1704154809678,false,true
4000009878,64991.60,0.03260725,2119.19734910,1704154809746,true,true
4000009879,64988.80,0.03064522,1991.59607354,1704154809753,true,true
4000009880,64987.92,0.07807973,5074.23924686,1704154809854,false,true
4000009881,64986.77,0.04135857,2687.75987612,1704154810179,false,true
4000009882,64986.03,0.01679230,1091.26491157,1704154810245,true,true
4000009883,64984.03,0.05526584,3591.39700454,1704154810308,false,true
4000009884,64984.57,0.05403319,3511.32361788,1704154810374,true,true
4000009885,64984.26,0.08950273,5816.26867703,1704154810484,true,true
4000009886,64983.19,0.06095300,3960.92038007,1704154810588,true,true
4000009887,64983.29,0.04742049,3081.53945361,1704154810658,true,true
4000009888,64981.98,0.10068735,6542.86336395,1704154810704,true,true
4000009889,64985.12,0.03049818,1981.92788708,1704154810711,false,true
4000009890,64983.41,0.05612071,3646.91510742,1704154810774,false,true
4000009891,64981.78,0.01841509,1196.64532706,1704154811021,true,true
4000009892,64981.29,0.03763730,2445.72030612,1704154811323,true,true
4000009893,64980.24,0.13901642,9033.32033554,1704154811459,false,true
4000009894,64978.62,0.04012552,2607.30091638,1704154811604,true,true
4000009895,64978.84,0.04165505,2706.69682914,1704154811631,true,true
4000009896,64982.28,0.16227910,10545.26591435,1704154811816,false,true
4000009897,64979.86,0.10445940,6787.75718768,1704154811890,false,true
4000009898,64978.36,0.02615079,1699.23544690,1704154812187,false,true
4000009899,64980.09,0.02186118,1420.54144391,1704154812325,false,true
4000009900,64980.05,0.11777454,7652.99549793,1704154812700,false,true
4000009901,64979.31,0.06142278,3991.20986268,1704154813338,true,true
4000009902,64980.24,0.03884481,2524.14507655,1704154813445,false,true
4000009903,64979.50,0.11572718,7519.89429281,1704154813757,false,true
4000009904,64978.04,0.01535194,997.53897140,1704154813805,false,true
4000009905,64978.64,0.09673130,6285.46831943,1704154814041,false,true
4000009906,64982.81,0.12989758,8441.10976060,1704154814129,false,true
4000009907,64981.92,0.01549741,1007.05145683,1704154814356,false,true
4000009908,64983.40,0.03243306,2107.61051120,1704154814408,true,true
4000009909,64980.91,0.02352381,1528.59858047,1704154814455,false,true
4000009910,64981.75,0.04260138,2768.31222482,1704154814464,false,true
4000009911,64981.04,0.07762106,5043.89720470,1704154814881,true,true
4000009912,64980.83,0.01589042,1032.57268065,1704154814913,false,true
4000009913,64981.05,0.03865878,2512.08811612,1704154814952,true,true
4000009914,64981.42,0.18497607,12020.00769462,1704154815375,false,true
4000009915,64983.84,0.15524458,10088.38894759,1704154815415,false,true
4000009916,64983.11,0.03395305,2206.37478299,1704154815573,false,true
4000009917,64984.47,0.10476199,6807.90239630,1704154815649,false,true
4000009918,64981.58,0.08961029,5823.01822846,1704154815777,false,true
4000009919,64981.13,0.12561917,8162.87561626,1704154816019,false,true
4000009920,64979.58,0.05602477,3640.46602420,1704154816145,false,true
4000009921,64978.68,0.06737067,4377.65720732,1704154816165,true,true
4000009922,64980.26,0.02420062,1572.56257976,1704154816300,true,true
4000009923,64979.74,0.10481530,6810.87094202,1704154816374,false,true
4000009924,64981.42,0.02952466,1918.55433182,1704154816378,false,true
4000009925,64979.77,0.03569731,2319.60299342,1704154816401,false,true
4000009926,64977.89,0.04808908,3124.72695044,1704154816460,false,true
4000009927,64977.85,0.06778386,4404.44948750,1704154816528,true,true
4000009928,64974.21,0.04724349,3069.60844039,1704154816714,false,true
4000009929,64977.02,0.03916851,2545.05305764,1704154816804,false,true
4000009930,64978.20,0.06345982,4123.50487592,1704154816907,false,true
4000009931,64976.96,0.03952179,2568.00576796,1704154817001,true,true
4000009932,64976.88,0.07993360,5193.83593517,1704154817279,true,true
4000009933,64976.46,0.06367808,4137.57621800,1704154817463,false,true
4000009934,64975.72,0.18526563,12037.76770050,1704154817620,false,true
4000009935,64975.39,0.05144357,3342.56602374,1704154817686,true,true
4000009936,64975.07,0.04141414,2690.88664549,1704154817797,true,true
4000009937,64974.15,0.03634450,2361.45299468,1704154817871,false,true
4000009938,64974.14,0.02081554,1352.47181014,1704154817920,false,true
4000009939,64975.75,0.05456605,3545.47002329,1704154818082,true,true
4000009940,64976.99,0.08338190,5417.90488248,1704154818095,false,true
4000009941,64978.28,0.06485491,4214.16050135,1704154818107,true,true
4000009942,64977.97,0.04072575,2646.27656173,1704154818289,false,true
4000009943,64979.65,0.04466775,2902.49476129,1704154818367,false,true
4000009944,64980.11,0.04829151,3137.98763187,1704154818609,false,true
4000009945,64978.24,0.06672699,4335.80237070,1704154818768,true,true
4000009946,64976.10,0.01723266,1119.71103943,1704154818798,false,true
4000009947,64975.26,0.05696852,3701.54439882,1704154818931,false,true
4000009948,64975.61,0.00842271,547.27072010,1704154818981,false,true
4000009949,64977.67,0.17232083,11197.00602587,1704154819074,false,true
4000009950,64977.61,0.10038541,6522.80402067,1704154819195,false,true
4000009951,64978.32,0.01622653,1054.37265883,1704154819310,false,true
4000009952,64976.66,0.04637661,3013.39721992,1704154819460,false,true
4000009953,64975.51,0.02530665,1644.31249014,1704154819685,true,true
4000009954,64976.13,0.10369038,6737.39961063,1704154819776,false,true
4000009955,64975.40,0.07175399,4662.24420185,1704154819981,true,true
4000009956,64974.42,0.04433392,2880.57073833,1704154820037,true,true
4000009957,64977.39,0.04043872,2627.60248054,1704154820059,false,true
4000009958,64978.24,0.01988616,1292.16767716,1704154820126,false,true
4000009959,64978.83,0.04350676,2827.01836189,1704154820233,true,true
4000009960,64980.49,0.16443221,10684.88557758,1704154820434,false,true
4000009961,64982.72,0.00939133,610.27416782,1704154820490,true,true
4000009962,64982.22,0.07256030,4715.12937787,1704154820499,true,true
4000009963,64981.10,0.02670364,1735.23190120,1704154820508,true,true
4000009964,64980.06,0.02386119,1550.50155787,1704154820557,true,true
4000009965,64979.68,0.05785577,3759.44942075,1704154820730,true,true
4000009966,64980.57,0.03178266,2065.25536292,1704154820749,true,true
4000009967,64981.41,0.01801236,1170.46855023,1704154820772,true,true
4000009968,64980.20,0.04564392,2965.95105038,1704154820875,true,true
4000009969,64982.23,0.02428933,1578.37482861,1704154821050,true,true
4000009970,64982.58,0.04338454,2819.23934131,1704154821066,false,true
4000009971,64983.48,0.07290499,4737.61995957,1704154821197,true,true
4000009972,64985.25,0.02370209,1540.28624417,1704154821316,false,true
4000009973,64988.32,0.05114486,3323.81852804,1704154821540,true,true
4000009974,64986.89,0.08606190,5592.89522849,1704154821641,false,true
4000009975,64984.81,0.01888763,1227.40904690,1704154821795,true,true
4000009976,64986.31,0.03639103,2364.91875680,1704154821992,true,true
4000009977,64986.45,0.03445771,2239.28424803,1704154822133,true,true
4000009978,64985.52,0.05308841,3449.97792982,1704154822399,false,true
4000009979,64986.09,0.07449294,4841.00490320,1704154822495,true,true
4000009980,64987.48,0.09617365,6250.08315590,1704154822568,false,true
4000009981,64987.71,0.06444370,4188.04848693,1704154822612,true,true
4000009982,64987.07,0.03384444,2199.45099139,1704154822627,true,true
4000009983,64986.69,0.02854071,1854.76627315,1704154823061,false,true
4000009984,64983.27,0.02418311,1571.49756657,1704154823121,true,true
4000009985,64981.84,0.02579357,1676.11363877,1704154823121,true,true
4000009986,64978.88,0.02664041,1731.06400454,1704154823303,true,true
4000009987,64976.88,0.06690754,4347.44319768,1704154823377,true,true
4000009988,64978.76,0.03315149,2154.14271235,1704154823427,false,true
4000009989,64978.46,0.04232359,2750.12169987,1704154823709,true,true
4000009990,64978.80,0.06198137,4027.47504496,1704154823904,true,true
4000009991,64979.37,0.04527738,2942.09562765,1704154823979,true,true
4000009992,64981.00,0.04940652,3210.48507612,1704154824019,true,true
4000009993,64981.66,0.03000692,1949.89947309,1704154824322,false,true
4000009994,64979.76,0.02385397,1550.02524565,1704154824466,true,true
4000009995,64980.84,0.01101537,715.78799551,1704154824473,true,true
4000009996,64980.69,0.08034527,5220.89108284,1704154824483,false,true
4000009997,64982.11,0.04765926,3096.99927584,1704154824558,false,true
4000009998,64981.56,0.02670499,1735.33190998,1704154824686,false,true
4000009999,64981.97,0.01275366,828.75795151,1704154824762,false,true
4000010000,64982.25,0.06799750,4418.63054437,1704154824843,true,true
4000010001,64981.48,0.13172974,8559.99346522,1704154824913,false,true
4000010002,64981.35,0.05583491,3628.22782893,1704154825075,true,true
4000010003,64981.38,0.06110691,3970.81133934,1704154825352,true,true
4000010004,64979.39,0.07593275,4934.06377602,1704154825503,false,true
4000010005,64977.52,0.02020704,1313.00334574,1704154825730,true,true
4000010006,64978.75,0.04240331,2755.31407966,1704154826014,true,true
4000010007,64979.26,0.15310363,9948.56058071,1704154826042,false,true
4000010008,64980.11,0.03504953,2277.52231485,1704154826042,true,true
4000010009,64978.36,0.05218438,3390.85543002,1704154826265,true,true
4000010010,64978.93,0.06919106,4495.96104437,1704154826468,true,true
4000010011,64977.97,0.07369063,4788.26754542,1704154826482,false,true
4000010012,64978.80,0.02931744,1905.01207027,1704154826597,false,true
4000010013,64979.32,0.15682235,10190.20966380,1704154826647,false,true
4000010014,64979.99,0.05572642,3621.10221434,1704154826875,false,true
4000010015,64978.61,0.02487591,1616.40205429,1704154826945,false,true
4000010016,64979.17,0.10807326,7022.51073399,1704154827011,true,true
4000010017,64982.41,0.06607627,4293.79526841,1704154827017,false,true
4000010018,64980.49,0.06109570,3970.02852289,1704154827265,true,true
4000010019,64982.17,0.13132417,8533.72954005,1704154827267,true,true
4000010020,64981.37,0.02718808,1766.71868607,1704154827422,true,true
4000010021,64979.61,0.06279846,4080.61943940,1704154827509,true,true
4000010022,64979.57,0.07603407,4940.66117395,1704154827573,false,true
4000010023,64978.17,0.04452823,2893.36289874,1704154828270,true,true
4000010024,64977.13,0.05809440,3774.80738107,1704154828619,true,true
4000010025,64977.42,0.16806812,10920.63282185,1704154828724,true,true
4000010026,64974.57,0.08010313,5204.66642740,1704154828934,false,true
4000010027,64973.44,0.03695725,2401.23966544,1704154829579,false,true
4000010028,64974.98,0.02104701,1367.52905381,1704154829654,false,true
4000010029,64976.20,0.10225208,6643.95160050,1704154829703,false,true
4000010030,64974.01,0.06910173,4489.81649604,1704154829743,true,true
4000010031,64970.97,0.03739717,2429.73041015,1704154829786,false,true
4000010032,64971.58,0.03194154,2075.29232143,1704154830007,true,true
4000010033,64972.32,0.01743273,1132.64491203,1704154830081,true,true
4000010034,64971.20,0.06461179,4197.90553045,1704154830219,true,true
4000010035,64972.49,0.12938718,8406.60725868,1704154830232,false,true
4000010036,64973.71,0.03554294,2309.35667611,1704154830744,false,true
4000010037,64974.58,0.06221847,4042.61895649,1704154830965,true,true
4000010038,64975.21,0.05576901,3623.60313624,1704154831119,true,true
4000010039,64973.83,0.08552464,5556.86342017,1704154831159,false,true
4000010040,64973.41,0.05358727,3481.74766449,1704154831204,false,true
4000010041,64973.00,0.04424193,2874.53091789,1704154831408,false,true
4000010042,64973.60,0.05571494,3620.00022558,1704154831527,true,true
4000010043,64975.00,0.03406543,2213.40131425,1704154831539,true,true
4000010044,64976.33,0.02663258,1730.48730683,1704154832012,false,true
4000010045,64977.68,0.12253546,7962.06990853,1704154832018,true,true
4000010046,64975.71,0.02222934,1444.36714933,1704154832159,false,true
4000010047,64974.01,0.02098911,1363.74664303,1704154832437,true,true
4000010048,64974.62,0.03196641,2077.00534251,1704154832720,false,true
4000010049,64972.57,0.07665717,4980.61334383,1704154832800,false,true
4000010050,64971.77,0.05372270,3490.45890818,1704154832822,true,true
4000010051,64974.77,0.05077944,3299.38243473,1704154832923,false,true
4000010052,64977.08,0.06006578,3902.89899232,1704154832975,true,true
4000010053,64980.10,0.30987912,20135.97620551,1704154833096,false,true
4000010054,64977.86,0.05642253,3666.21525519,1704154833247,true,true
4000010055,64977.59,0.03498980,2273.55287858,1704154833251,true,true
4000010056,64978.15,0.05472879,3556.17552594,1704154833443,false,true
4000010057,64978.57,0.04100570,2664.49174785,1704154833545,false,true
4000010058,64976.31,0.07528425,4891.69276612,1704154833662,true,true
4000010059,64975.24,0.03026355,1966.38142450,1704154834063,false,true
4000010060,64973.77,0.03000508,1949.54316675,1704154834312,true,true
4000010061,64974.59,0.04274609,2777.40967185,1704154834426,false,true
4000010062,64974.79,0.05101455,3314.65967319,1704154834633,true,true
4000010063,64974.91,0.07961794,5173.16848589,1704154834650,true,true
4000010064,64976.88,0.14481336,9409.52031512,1704154834828,false,true
4000010065,64978.08,0.05989545,3891.89134174,1704154834970,false,true
4000010066,64977.30,0.05940578,3860.02718879,1704154835140,true,true
4000010067,64977.24,0.03128091,2032.54719649,1704154835176,true,true
4000010068,64977.39,0.03873356,2516.80563421,1704154835176,true,true
4000010069,64978.89,0.09077219,5898.27614907,1704154835240,false,true
4000010070,64978.78,0.06557235,4260.81130473,1704154835495,true,true
4000010071,64980.38,0.08273048,5375.85802798,1704154835551,true,true
4000010072,64977.73,0.16728096,10869.53705302,1704154835892,false,true
4000010073,64977.49,0.05093287,3309.49005110,1704154836009,true,true
4000010074,64977.57,0.09752860,6337.17143350,1704154836220,true,true
4000010075,64979.94,0.19506428,12675.26521054,1704154836260,false,true
4000010076,64979.93,0.06993306,4544.24534349,1704154836365,true,true
4000010077,64980.42,0.02589253,1682.50747426,1704154836435,true,true
4000010078,64981.23,0.04406600,2863.46288118,1704154836462,false,true
4000010079,64981.28,0.05613927,3648.00162287,1704154836499,false,true
4000010080,64980.39,0.01914215,1243.86437244,1704154836504,true,true
4000010081,64982.35,0.02608029,1694.75853288,1704154836782,false,true
4000010082,64985.08,0.06795253,4415.90059825,1704154836873,true,true
4000010083,64985.98,0.12325576,8009.89635424,1704154837045,true,true
4000010084,64983.43,0.02862272,1860.00252153,1704154837047,true,true
4000010085,64981.28,0.07761079,5043.24847601,1704154837103,true,true
4000010086,64979.68,0.04862395,3159.56871134,1704154837105,false,true
4000010087,64980.92,0.06152139,3997.71652188,1704154837246,false,true
4000010088,64978.83,0.08210777,5335.26682851,1704154837382,true,true
4000010089,64983.31,0.03579023,2325.76761106,1704154837384,false,true
4000010090,64984.13,0.06116101,3974.49502477,1704154837738,false,true
4000010091,64984.06,0.00836711,543.72877827,1704154837782,false,true
4000010092,64986.62,0.10416916,6769.60161664,1704154838140,false,true
4000010093,64985.33,0.05411478,3516.66683618,1704154838289,false,true
4000010094,64983.18,0.04743247,3082.31273585,1704154838372,false,true
4000010095,64983.31,0.09514082,6182.56539971,1704154838468,true,true
4000010096,64983.67,0.05037518,3273.56407331,1704154838910,true,true
4000010097,64982.83,0.09278396,6029.36429941,1704154839019,true,true
4000010098,64982.79,0.03946004,2564.22349271,1704154839039,false,true
4000010099,64983.00,0.03294456,2140.83634248,1704154839157,true,true
4000010100,64983.40,0.03003447,1951.74197780,1704154839213,true,true
4000010101,64984.10,0.11274485,7326.62260688,1704154839274,true,true
4000010102,64984.55,0.03015689,1959.73192605,1704154839323,false,true
4000010103,64982.03,0.12924612,8398.67524722,1704154839420,false,true
4000010104,64982.72,0.03761709,2444.46082668,1704154839485,false,true
4000010105,64982.67,0.08035398,5221.61616553,1704154839595,true,true
4000010106,64982.13,0.02891430,1878.91280146,1704154839602,false,true
4000010107,64984.05,0.07540278,4899.97802566,1704154839607,true,true
4000010108,64983.80,0.02308131,1499.91123278,1704154839635,true,true
4000010109,64982.74,0.03637484,2363.73677026,1704154839695,false,true
4000010110,64983.30,0.03610504,2346.22464583,1704154839814,true,true
4000010111,64984.03,0.05777446,3754.41724187,1704154841010,true,true
4000010112,64983.15,0.07141536,4640.79505118,1704154841098,false,true
4000010113,64982.38,0.01806321,1173.79037624,1704154841105,false,true
4000010114,64981.56,0.06014617,3908.39195463,1704154841164,false,true
4000010115,64979.79,0.18133753,11783.27461852,1704154841469,true,true
4000010116,64979.64,0.05784003,3758.42432699,1704154841587,true,true
4000010117,64980.53,0.06017470,3910.18389859,1704154841681,false,true
4000010118,64978.91,0.02764268,1796.19121588,1704154841822,true,true
4000010119,64981.73,0.03221107,2093.13105375,1704154841913,true,true
4000010120,64981.46,0.05529470,3593.13033626,1704154842182,false,true
4000010121,64982.12,0.05031377,3269.49543979,1704154842205,true,true
4000010122,64984.28,0.03935437,2557.41539930,1704154842394,false,true
4000010123,64983.98,0.05391244,3503.44492271,1704154842893,true,true
4000010124,64983.36,0.03285742,2135.18555253,1704154842932,true,true
4000010125,64983.89,0.02591511,1684.06465758,1704154843161,true,true
4000010126,64985.20,0.14342998,9320.82593630,1704154843246,true,true
4000010127,64983.71,0.05083216,3303.26234411,1704154843436,true,true
4000010128,64984.27,0.20591078,13380.96172343,1704154843445,true,true
4000010129,64984.69,0.04548795,2956.02032949,1704154843534,false,true
4000010130,64984.38,0.07655192,4974.67905901,1704154844046,true,true
4000010131,64982.88,0.03720165,2417.47035775,1704154844104,true,true
4000010132,64982.64,0.03167608,2058.39530325,1704154844120,false,true
4000010133,64982.66,0.04281865,2782.46977461,1704154844355,true,true
4000010134,64981.09,0.05608663,3644.57035183,1704154844511,true,true
4000010135,64980.73,0.03337609,2168.80269275,1704154844928,false,true
4000010136,64979.36,0.10281400,6680.78791904,1704154844928,false,true
4000010137,64981.40,0.06896308,4481.31748671,1704154844937,false,true
4000010138,64979.86,0.04462495,2899.72300351,1704154844983,true,true
4000010139,64979.02,0.01571854,1021.37532503,1704154845030,false,true
4000010140,64978.42,0.04649799,3021.36592338,1704154845077,false,true
4000010141,64978.54,0.04422090,2873.40951949,1704154845320,false,true
4000010142,64979.52,0.07223387,4693.72220034,1704154845342,true,true
4000010143,64978.08,0.07937097,5157.37323834,1704154845343,true,true
4000010144,64977.72,0.06260622,4068.00943342,1704154845797,false,true
4000010145,64978.45,0.02765922,1797.25324381,1704154845821,true,true
4000010146,64977.99,0.07337648,4767.85618368,1704154845844,true,true
4000010147,64978.70,0.11358902,7380.86685387,1704154845979,false,true
4000010148,64979.56,0.04504390,2926.93280268,1704154846111,true,true
4000010149,64976.98,0.03257923,2116.89997613,1704154846157,true,true
4000010150,64979.82,0.09149172,5945.11549709,1704154846276,false,true
4000010151,64981.76,0.07948192,5164.87504978,1704154846280,true,true
4000010152,64980.98,0.05372194,3490.90430870,1704154846284,false,true
4000010153,64980.92,0.02825568,1836.08008163,1704154846389,true,true
4000010154,64979.47,0.04080727,2651.63477675,1704154846417,true,true
4000010155,64978.29,0.01589685,1032.95012939,1704154846821,false,true
4000010156,64977.84,0.06246039,4058.54122776,1704154846846,false,true
4000010157,64980.45,0.16545919,10751.61262284,1704154847077,false,true
4000010158,64979.21,0.03819654,2481.98099393,1704154847112,false,true
4000010159,64980.19,0.03371302,2190.67844507,1704154847275,false,true
4000010160,64979.68,0.07079728,4600.38459927,1704154847278,true,true
4000010161,64978.91,0.06395261,4155.57088946,1704154847618,true,true
4000010162,64980.27,0.01899594,1234.36131010,1704154848081,false,true
4000010163,64979.64,0.05188479,3371.45497568,1704154848132,true,true
4000010164,64978.63,0.03153365,2049.01337590,1704154848165,false,true
4000010165,64981.06,0.06951721,4517.30199404,1704154848655,false,true
4000010166,64982.37,0.04280135,2781.33316220,1704154848686,false,true
4000010167,64983.38,0.06837158,4443.01636434,1704154848837,true,true
4000010168,64985.17,0.05703339,3706.32454483,1704154848856,false,true
4000010169,64984.20,0.07426868,4826.29075486,1704154848902,false,true
4000010170,64982.15,0.04496656,2922.02374690,1704154848958,false,true
4000010171,64984.59,0.03981660,2587.46542619,1704154848994,false,true
4000010172,64981.80,0.01369766,890.09860259,1704154849049,true,true
4000010173,64981.32,0.01943984,1263.22646379,1704154849110,true,true
4000010174,64981.23,0.02115566,1374.72080826,1704154849197,false,true
4000010175,64981.48,0.01325694,861.45558147,1704154849227,false,true
4000010176,64982.87,0.05040215,3275.27636117,1704154849341,false,true
4000010177,64981.01,0.03931691,2554.85252188,1704154849342,false,true
4000010178,64978.69,0.02605760,1693.18871254,1704154849346,true,true
4000010179,64979.40,0.04715192,3063.90347045,1704154849453,true,true
4000010180,64980.79,0.12747126,8283.18317710,1704154849578,false,true
4000010181,64981.17,0.03154053,2049.54054182,1704154849640,false,true
4000010182,64981.60,0.06637991,4313.47275966,1704154849730,true,true
4000010183,64985.77,0.02694084,1750.77123185,1704154849870,true,true
4000010184,64984.76,0.09244506,6007.52003729,1704154849996,true,true
4000010185,64985.76,0.02370612,1540.56022485,1704154850018,true,true
4000010186,64985.84,0.05199494,3378.93485165,1704154850382,true,true
4000010187,64986.42,0.04841642,3146.40980502,1704154850414,false,true
4000010188,64986.69,0.02929435,1903.74284220,1704154850473,false,true
4000010189,64986.38,0.07758187,5041.76488493,1704154850633,true,true
4000010190,64985.80,0.01907808,1239.80429126,1704154850929,false,true
4000010191,64988.90,0.02866228,1862.73004869,1704154850937,false,true
4000010192,64988.36,0.10661244,6928.56763120,1704154851330,false,true
4000010193,64988.80,0.04772514,3101.59957843,1704154851615,true,true
4000010194,64991.06,0.04437133,2883.73977031,1704154851694,false,true
4000010195,64992.55,0.04510289,2931.35183347,1704154851712,true,true
4000010196,64991.81,0.05543807,3603.02051221,1704154851778,false,true
4000010197,64994.78,0.11351397,7377.81550708,1704154851882,true,true
4000010198,64995.82,0.04215407,2739.83834599,1704154851974,false,true
4000010199,64995.69,0.09428313,6127.99708971,1704154851979,false,true
4000010200,64996.46,0.02926740,1902.27739340,1704154851993,false,true
4000010201,64997.87,0.06297012,4092.92367364,1704154852049,false,true
4000010202,64996.27,0.15411846,10017.12503814,1704154852183,false,true
4000010203,64997.16,0.12489543,8117.84824698,1704154852208,false,true
4000010204,64997.29,0.05706855,3709.30109423,1704154852252,true,true
4000010205,64998.54,0.06376306,4144.50580593,1704154852264,true,true
4000010206,64998.61,0.26180943,17017.24903489,1704154852318,true,true
4000010207,64996.88,0.03961283,2574.71035797,1704154852391,true,true
4000010208,64996.13,0.03814706,2479.41127088,1704154852560,true,true
4000010209,64993.85,0.02075023,1348.63733609,1704154852871,false,true
4000010210,64994.14,0.01145501,744.50852364,1704154852980,false,true
4000010211,64991.88,0.01318236,856.74635924,1704154852994,false,true
4000010212,64992.83,0.01900135,1234.95151032,1704154853035,true,true
4000010213,64992.58,0.09163748,5955.75624990,1704154853116,true,true
4000010214,64992.47,0.10713935,6963.25099069,1704154853139,false,true
4000010215,64993.94,0.03179029,2066.17620084,1704154853146,true,true
4000010216,64993.06,0.02277162,1479.99726496,1704154853503,true,true
4000010217,64993.12,0.28145457,18292.61064256,1704154853611,true,true
4000010218,64994.02,0.08740482,5680.79061918,1704154853719,false,true
4000010219,64995.31,0.03093930,2010.90939468,1704154853738,false,true
4000010220,64994.59,0.07837257,5093.79305440,1704154853774,true,true
4000010221,64991.80,0.04041442,2626.60590176,1704154853824,false,true
4000010222,64992.72,0.05137118,3338.75271781,1704154854078,true,true
4000010223,64991.30,0.04265979,2772.51520983,1704154854093,true,true
4000010224,64991.36,0.03684275,2394.46042864,1704154854289,true,true
4000010225,64988.91,0.04136763,2688.43718298,1704154854531,false,true
4000010226,64989.81,0.01914489,1244.22276357,1704154854768,true,true
4000010227,64989.68,0.05464360,3551.27007805,1704154854798,false,true
4000010228,64991.81,0.05438129,3534.33846723,1704154854804,false,true
4000010229,64990.19,0.03782704,2458.38651674,1704154854971,false,true
4000010230,64989.15,0.03005329,1953.13777180,1704154854990,false,true
4000010231,64988.95,0.04076917,2649.54555067,1704154855006,true,true
4000010232,64989.18,0.05052546,3283.60821452,1704154855019,false,true
4000010233,64987.30,0.06177205,4014.39874497,1704154855062,true,true
4000010234,64988.34,0.03811033,2476.72708355,1704154855102,true,true
4000010235,64989.46,0.02609777,1696.07997950,1704154855117,true,true
4000010236,64988.84,0.09743511,6332.19477417,1704154855196,true,true
4000010237,64987.68,0.04238381,2754.42548146,1704154855343,false,true
4000010238,64986.10,0.02388143,1551.96099812,1704154855428,false,true
4000010239,64984.59,0.03000721,1950.00623889,1704154855450,false,true
4000010240,64982.91,0.09908140,6438.59769887,1704154855607,false,true
4000010241,64983.64,0.22685708,14741.99881817,1704154855690,true,true
4000010242,64985.71,0.06355967,4130.47028232,1704154855700,true,true
4000010243,64985.50,0.04307503,2799.25236206,1704154855880,false,true
4000010244,64983.91,0.01122761,729.61399776,1704154855918,true,true
4000010245,64983.42,0.03115694,2024.68451793,1704154855992,false,true
4000010246,64980.62,0.04364340,2835.97519091,1704154856099,false,true
4000010247,64979.21,0.04871418,3165.40893220,1704154856110,true,true
4000010248,64978.19,0.03115253,2024.23501332,1704154856317,true,true
4000010249,64976.87,0.02830203,1838.97732405,1704154856317,false,true
4000010250,64976.48,0.03526573,2291.44300003,1704154856489,false,true
4000010251,64974.32,0.07086216,4604.22065973,1704154856524,false,true
4000010252,64975.28,0.05626246,3655.66909199,1704154857194,false,true
4000010253,64975.48,0.06242126,4055.85133070,1704154857334,false,true
4000010254,64974.93,0.01733086,1126.07141534,1704154857353,true,true
4000010255,64975.42,0.06123140,3978.53593219,1704154857430,true,true
4000010256,64976.20,0.04234468,2751.39639662,1704154857466,false,true
4000010257,64973.30,0.03701184,2404.78138387,1704154857631,true,true
4000010258,64972.86,0.07844693,5096.92140032,1704154857966,true,true
4000010259,64973.26,0.02742181,1781.68439080,1704154858257,false,true
4000010260,64973.78,0.04930627,3203.61473960,1704154858320,false,true
4000010261,64971.90,0.04220823,2742.34889874,1704154858352,false,true
4000010262,64971.72,0.04575268,2972.63031421,1704154858482,true,true
4000010263,64972.58,0.03678246,2389.85132495,1704154858487,true,true
4000010264,64971.95,0.11701873,7602.93507462,1704154858653,false,true
4000010265,64973.07,0.03387819,2201.17001034,1704154858654,true,true
4000010266,64972.63,0.04830839,3138.72314937,1704154859014,true,true
4000010267,64973.99,0.03249971,2111.63583254,1704154859187,true,true
4000010268,64973.44,0.03256418,2115.80679538,1704154859392,true,true
4000010269,64974.14,0.09799623,6367.22076749,1704154859400,false,true
4000010270,64974.75,0.12117460,7873.28934135,1704154859750,false,true
4000010271,64973.79,0.04445609,2888.48065588,1704154859974,true,true
4000010272,64975.42,0.07200497,4678.55316784,1704154860064,true,true
4000010273,64976.58,0.17050614,11078.90584620,1704154860175,true,true
4000010274,64977.29,0.12867675,8361.06650101,1704154860226,false,true
4000010275,64977.22,0.04806989,3123.44781791,1704154860318,true,true
4000010276,64977.14,0.03087233,2005.99570854,1704154860328,false,true
4000010277,64976.81,0.09136053,5936.31579931,1704154860489,true,true
4000010278,64977.52,0.11928197,7750.64659131,1704154860696,false,true
4000010279,64977.82,0.07605013,4941.57165812,1704154860826,true,true
4000010280,64978.47,0.03971731,2580.77003632,1704154860974,false,true
4000010281,64976.76,0.03797299,2467.36185771,1704154861259,false,true
4000010282,64976.26,0.03618635,2351.25368605,1704154861354,true,true
4000010283,64977.13,0.05412569,3516.93199547,1704154861437,false,true
4000010284,64975.39,0.08045769,5227.76978625,1704154861483,false,true
4000010285,64976.78,0.03522975,2289.11571520,1704154861547,true,true
4000010286,64977.72,0.08906640,5787.33160061,1704154861548,true,true
4000010287,64979.42,0.15322099,9956.21106203,1704154861642,true,true
4000010288,64980.59,0.06325869,4110.58699883,1704154861752,false,true
4000010289,64979.05,0.07232432,4699.56560550,1704154861841,false,true
4000010290,64979.13,0.11377453,7392.96997556,1704154861971,false,true
4000010291,64978.16,0.10568116,6866.96732347,1704154862147,false,true
4000010292,64979.87,0.06562625,4264.38519359,1704154862549,false,true
4000010293,64980.50,0.09096127,5910.70880523,1704154862561,true,true
4000010294,64979.32,0.06419666,4171.45531307,1704154862596,true,true
4000010295,64979.61,0.02264245,1471.29757044,1704154862630,true,true
4000010296,64980.48,0.04626635,3006.40963085,1704154862755,false,true
4000010297,64981.06,0.02825379,1835.96122322,1704154862766,true,true
4000010298,64978.33,0.08435893,5481.50239199,1704154862955,true,true
4000010299,64980.78,0.24783174,16104.29977396,1704154863016,true,true
4000010300,64980.29,0.04657152,3026.23087534,1704154863076,true,true
4000010301,64980.88,0.05302649,3445.70798351,1704154863086,true,true
4000010302,64982.63,0.13815431,8977.63040964,1704154863129,false,true
4000010303,64985.89,0.14482437,9411.54057814,1704154863133,true,true
4000010304,64983.66,0.03410715,2216.40743917,1704154863232,false,true
4000010305,64983.21,0.08259872,5367.52996749,1704154863443,false,true
4000010306,64979.47,0.03186452,2070.53962140,1704154863452,false,true
4000010307,64981.78,0.03091263,2008.75772188,1704154863527,false,true
4000010308,64982.10,0.04869611,3164.37548963,1704154863704,false,true
4000010309,64980.51,0.02857687,1856.93958680,1704154863712,false,true
4000010310,64980.62,0.10740031,6978.93873199,1704154863718,true,true
4000010311,64979.59,0.08453732,5493.20039330,1704154863784,false,true
4000010312,64977.63,0.03853977,2504.22291535,1704154863851,true,true
4000010313,64978.60,0.04146687,2694.45915898,1704154864020,false,true
4000010314,64979.34,0.02912579,1892.57461118,1704154864266,false,true
4000010315,64979.20,0.07612332,4946.43243494,1704154864348,false,true
4000010316,64977.45,0.05093554,3309.66150357,1704154864493,true,true
4000010317,64977.23,0.08567776,5567.10351740,1704154864502,false,true
4000010318,64980.47,0.03959846,2573.12654208,1704154864651,true,true
4000010319,64979.32,0.06055994,3935.14372044,1704154864943,true,true
4000010320,64980.05,0.10860541,7057.18497207,1704154864947,true,true
4000010321,64980.82,0.07065507,4591.22438576,1704154865001,false,true
4000010322,64981.78,0.02811388,1826.88996511,1704154865017,false,true
4000010323,64980.07,0.05489973,3567.38829838,1704154865211,true,true
4000010324,64978.54,0.03367897,2188.41029930,1704154865274,false,true
4000010325,64978.63,0.05157621,3351.35146639,1704154865433,false,true
4000010326,64978.85,0.07055609,4584.65358870,1704154865464,false,true
4000010327,64980.03,0.00810494,526.65924435,1704154865467,true,true
4000010328,64980.28,0.07834019,5090.56748145,1704154865538,true,true
4000010329,64981.69,0.03107963,2019.60688197,1704154865702,false,true
4000010330,64980.50,0.14686613,9543.43456047,1704154865768,false,true
4000010331,64981.69,0.02583113,1678.55048201,1704154866080,true,true
4000010332,64983.37,0.05068450,3293.64961677,1704154866167,true,true
4000010333,64982.68,0.03748742,2436.03301789,1704154866184,false,true
4000010334,64982.39,0.07034879,4571.43250781,1704154866241,false,true
4000010335,64982.05,0.08642215,5615.88847241,1704154866513,false,true
4000010336,64980.77,0.07258930,4716.90860776,1704154866593,false,true
4000010337,64979.79,0.04729487,3073.21072068,1704154866602,false,true
4000010338,64982.90,0.05461162,3548.82144130,1704154866774,false,true
4000010339,64984.21,0.05055100,3285.01679971,1704154867048,false,true
4000010340,64985.84,0.04804591,3122.30381991,1704154867170,true,true
4000010341,64986.97,0.04381490,2847.39759185,1704154867234,false,true
4000010342,64987.40,0.01881037,1222.43703934,1704154867454,true,true
4000010343,64984.16,0.12109451,7869.22501296,1704154867462,true,true
4000010344,64981.90,0.20972842,13628.55121560,1704154867527,false,true
4000010345,64982.19,0.03562905,2315.25369662,1704154867585,false,true
4000010346,64980.39,0.02876159,1868.93933522,1704154867596,false,true
4000010347,64980.95,0.13389843,8700.84718491,1704154867808,true,true
4000010348,64983.56,0.01489641,968.02175302,1704154867858,false,true
4000010349,64983.85,0.03180797,2067.00435128,1704154867918,true,true
4000010350,64984.75,0.13118537,8525.04847311,1704154867920,false,true
4000010351,64985.74,0.15649388,10169.87059727,1704154868129,true,true
4000010352,64984.91,0.11938864,7758.46002542,1704154868239,true,true
4000010353,64984.58,0.05718517,3716.15425468,1704154868480,true,true
4000010354,64984.25,0.02028424,1318.15612322,1704154868657,true,true
4000010355,64983.86,0.04911259,3191.52567280,1704154868784,false,true
4000010356,64985.28,0.24354751,15827.00313065,1704154868877,true,true
4000010357,64985.24,0.06631998,4309.81981710,1704154868938,true,true
4000010358,64987.71,0.02543182,1652.75574293,1704154869056,true,true
4000010359,64988.27,0.03844797,2498.66705531,1704154869172,true,true
4000010360,64989.68,0.02857232,1856.90593366,1704154869215,true,true
4000010361,64990.19,0.04619260,3002.06585059,1704154869410,false,true
4000010362,64989.76,0.15861051,10308.05897838,1704154869632,false,true
4000010363,64988.25,0.03026201,1966.67507138,1704154869712,true,true
4000010364,64987.47,0.08211934,5336.72814467,1704154869888,true,true
4000010365,64984.10,0.05707591,3709.02664303,1704154870015,false,true
4000010366,64985.34,0.04090727,2658.37284942,1704154870477,true,true
4000010367,64984.82,0.05435944,3532.53842370,1704154870491,true,true
4000010368,64985.09,0.03101022,2015.20193762,1704154870574,false,true
4000010369,64983.70,0.05317148,3455.27950488,1704154870630,false,true
4000010370,64981.77,0.03206051,2083.34868690,1704154870647,false,true
4000010371,64982.86,0.04341018,2820.91764951,1704154870728,true,true
4000010372,64980.99,0.05869261,3813.90390348,1704154870777,false,true
4000010373,64977.12,0.08318823,5405.33160330,1704154870780,true,true
4000010374,64976.10,0.03589939,2332.60235458,1704154871099,true,true
4000010375,64974.15,0.04097311,2662.19299511,1704154871389,true,true
4000010376,64975.09,0.18531912,12041.12650072,1704154871448,true,true
4000010377,64973.85,0.03629188,2358.02316734,1704154871464,false,true
4000010378,64973.21,0.02946112,1914.18353660,1704154871562,false,true
4000010379,64971.69,0.06870944,4464.16843575,1704154871623,true,true
4000010380,64972.89,0.02959617,1922.94869783,1704154871691,false,true
4000010381,64972.36,0.04541061,2950.43450074,1704154871707,true,true
4000010382,64971.91,0.03043269,1977.26999574,1704154871868,false,true
4000010383,64970.51,0.02811809,1826.84664753,1704154872063,true,true
4000010384,64970.43,0.08113591,5271.43496114,1704154872138,false,true
4000010385,64969.69,0.07198785,4677.02829827,1704154872219,true,true
4000010386,64969.26,0.05591193,3632.55671727,1704154872296,false,true
4000010387,64968.19,0.02714231,1763.38675312,1704154872303,false,true
4000010388,64967.93,0.06343119,4120.99311174,1704154872421,true,true
4000010389,64969.21,0.03912464,2541.89695233,1704154872495,false,true
4000010390,64970.11,0.09759179,6340.54933140,1704154872527,true,true
4000010391,64967.11,0.10642070,6913.84532318,1704154872542,true,true
4000010392,64968.62,0.03233744,2100.91885113,1704154872637,true,true
4000010393,64968.58,0.05010800,3255.44560664,1704154872692,true,true
4000010394,64970.05,0.08134305,5284.86202565,1704154872722,true,true
4000010395,64970.70,0.02251296,1462.68277027,1704154872784,true,true
4000010396,64973.29,0.03477395,2259.37793780,1704154873859,true,true
4000010397,64970.85,0.05757977,3741.00659970,1704154874066,true,true
4000010398,64971.10,0.03924270,2549.64138597,1704154874253,true,true
4000010399,64972.43,0.06415736,4168.45958158,1704154874417,false,true
4000010400,64972.16,0.01559376,1013.16026972,1704154874481,false,true
4000010401,64972.27,0.07666047,4980.80475517,1704154874510,true,true
4000010402,64971.23,0.04546732,2954.06770520,1704154874529,true,true
4000010403,64971.46,0.03699202,2403.42554775,1704154874648,true,true
4000010404,64971.16,0.05345638,3473.12301800,1704154874711,false,true
4000010405,64971.58,0.03187955,2071.26473319,1704154874714,false,true
4000010406,64971.03,0.08705441,5656.01468374,1704154875102,false,true
4000010407,64971.04,0.07937384,5157.00093359,1704154875153,true,true
4000010408,64971.59,0.05950380,3866.05649704,1704154875176,false,true
4000010409,64973.31,0.03063543,1990.48529037,1704154875326,true,true
4000010410,64974.61,0.02674210,1737.55751808,1704154875638,true,true
4000010411,64974.71,0.05360625,3483.05054794,1704154875778,false,true
4000010412,64974.86,0.05524576,3589.58552159,1704154875838,false,true
4000010413,64976.86,0.05737293,3727.91284040,1704154875907,false,true
4000010414,64976.51,0.05433479,3530.48502578,1704154876021,true,true
4000010415,64977.17,0.03812177,2477.04472999,1704154876068,true,true
4000010416,64977.25,0.04540031,2949.98729295,1704154876449,false,true
4000010417,64979.08,0.03439122,2234.70983568,1704154876595,false,true
4000010418,64978.81,0.03643160,2367.28201440,1704154876662,false,true
4000010419,64979.99,0.02436632,1583.32322994,1704154876736,false,true
4000010420,64983.08,0.02379577,1546.32242557,1704154876973,true,true
4000010421,64983.42,0.03335206,2167.33092285,1704154877044,true,true
4000010422,64984.09,0.03237904,2104.12244947,1704154877056,false,true
4000010423,64983.81,0.14490329,9416.36786573,1704154877468,false,true
4000010424,64986.30,0.09191649,5973.31259409,1704154877829,true,true
4000010425,64988.35,0.02325776,1511.48344710,1704154878013,true,true
4000010426,64989.75,0.06125924,3981.22269279,1704154878043,false,true
4000010427,64989.25,0.04771719,3101.10439021,1704154878306,true,true
4000010428,64988.18,0.05189622,3372.64088668,1704154878371,false,true
4000010429,64988.64,0.03462873,2250.47406763,1704154878440,true,true
4000010430,64987.72,0.01475032,958.58966607,1704154878612,false,true
4000010431,64989.18,0.09407070,6113.57765503,1704154878790,false,true
4000010432,64986.92,0.03879160,2520.94660587,1704154878930,false,true
4000010433,64985.80,0.06110727,3971.10482677,1704154879187,false,true
4000010434,64988.05,0.03525450,2291.12120873,1704154879339,true,true
4000010435,64986.11,0.04747576,3085.26496169,1704154879481,true,true
4000010436,64988.01,0.01110510,721.69834985,1704154879692,false,true
4000010437,64987.94,0.07290210,4737.75730067,1704154880107,true,true
4000010438,64985.50,0.08095585,5260.95639017,1704154880355,true,true
4000010439,64986.21,0.02219638,1442.45861192,1704154880927,false,true
4000010440,64988.29,0.08352147,5427.91751359,1704154881806,true,true
4000010441,64987.82,0.12609608,8194.70934975,1704154882040,true,true
4000010442,64987.90,0.13867829,9012.41084269,1704154882117,true,true
4000010443,64987.81,0.06453065,4193.70562138,1704154882164,true,true
4000010444,64985.75,0.11961431,7773.22564608,1704154882182,true,true
4000010445,64985.59,0.13712315,8911.02880541,1704154882229,true,true
4000010446,64985.31,0.12802500,8319.74431275,1704154882236,false,true
4000010447,64983.74,0.02766449,1797.74202539,1704154882250,true,true
4000010448,64981.96,0.02392149,1554.46530632,1704154882362,false,true
4000010449,64982.26,0.09417793,6119.89473352,1704154882557,false,true
4000010450,64982.40,0.08403365,5460.70825776,1704154882603,false,true
4000010451,64984.28,0.04211407,2736.75251682,1704154882881,false,true
4000010452,64984.38,0.02352250,1528.59507855,1704154882917,true,true
4000010453,64986.27,0.05438701,3534.40891635,1704154883219,false,true
4000010454,64986.29,0.03756283,2441.06896360,1704154883542,false,true
4000010455,64988.06,0.04050216,2632.15680421,1704154883807,false,true
4000010456,64987.55,0.06919195,4496.61531022,1704154883811,false,true
4000010457,64987.66,0.02138446,1389.72601576,1704154883840,true,true
4000010458,64988.44,0.10813398,7027.45867119,1704154883859,true,true
4000010459,64990.14,0.02849100,1851.63407874,1704154883916,true,true
4000010460,64988.27,0.15539195,10098.65400243,1704154884129,true,true
4000010461,64989.20,0.03599534,2339.30835033,1704154884189,false,true
4000010462,64987.37,0.15423457,10023.29906738,1704154884220,true,true
4000010463,64988.40,0.04789947,3112.90991615,1704154884328,false,true
4000010464,64988.27,0.06257456,4066.61240041,1704154884382,true,true
4000010465,64989.94,0.04397274,2857.78573424,1704154884455,false,true
4000010466,64986.94,0.08232766,5350.22270076,1704154884549,true,true
4000010467,64988.27,0.02450209,1592.34844048,1704154884631,true,true
4000010468,64987.87,0.01635608,1062.94680075,1704154884704,false,true
4000010469,64988.56,0.11832205,7689.57964575,1704154884819,false,true
4000010470,64987.33,0.06324023,4109.81369629,1704154885062,true,true
4000010471,64986.83,0.03181463,2067.53195132,1704154885187,true,true
4000010472,64986.51,0.01620817,1053.31240179,1704154885239,true,true
4000010473,64984.65,0.07703224,5005.91315512,1704154885298,true,true
4000010474,64981.67,0.06464072,4200.46193560,1704154885372,true,true
4000010475,64984.08,0.03333972,2166.55103166,1704154885427,true,true
4000010476,64982.86,0.05861548,3809.00153067,1704154885527,true,true
4000010477,64983.61,0.05327973,3462.30919523,1704154885798,false,true
4000010478,64983.22,0.03828314,2487.76170891,1704154885994,false,true
4000010479,64982.84,0.04546004,2954.12250571,1704154886036,false,true
4000010480,64981.07,0.03305384,2147.87389081,1704154886351,true,true
4000010481,64981.03,0.36103791,23460.61526085,1704154886373,false,true
4000010482,64982.23,0.09876189,6417.76785121,1704154886656,false,true
4000010483,64981.97,0.12321645,8006.84765741,1704154886669,false,true
4000010484,64978.85,0.05714538,3713.24107521,1704154886841,true,true
4000010485,64979.39,0.05002936,3250.87729489,1704154886868,false,true
4000010486,64976.88,0.11014333,7156.76993621,1704154887307,true,true
4000010487,64978.17,0.06503402,4225.79160734,1704154887343,true,true
4000010488,64979.25,0.07867234,5112.06964894,1704154887530,true,true
4000010489,64977.61,0.08697563,5651.46856564,1704154887538,false,true
4000010490,64979.78,0.05917617,3845.25450784,1704154887563,false,true
4000010491,64979.03,0.08088319,5255.71122951,1704154887716,true,true
4000010492,64978.38,0.04628621,3007.60294214,1704154887997,true,true
4000010493,64978.38,0.04565085,2966.31827862,1704154888163,false,true
4000010494,64980.89,0.08927244,5801.00260367,1704154888174,false,true
4000010495,64981.90,0.09603049,6240.24369813,1704154888402,false,true
4000010496,64981.36,0.05055417,3285.07872027,1704154888663,true,true
4000010497,64981.09,0.03156983,2051.44196451,1704154888762,true,true
4000010498,64982.28,0.05396231,3506.59393787,1704154888898,true,true
4000010499,64983.65,0.07436221,4832.32782787,1704154889136,false,true
4000010500,64982.80,0.14796268,9615.02924190,1704154889177,false,true
4000010501,64983.85,0.07387616,4800.75730002,1704154889184,true,true
4000010502,64981.88,0.06385553,4149.45238780,1704154889259,false,true
4000010503,64979.93,0.04241644,2756.21730205,1704154889275,false,true
4000010504,64980.30,0.05765060,3746.15328318,1704154889392,false,true
4000010505,64979.20,0.04945321,3213.43002323,1704154889752,true,true
4000010506,64978.77,0.04812678,3127.21896846,1704154889764,false,true
4000010507,64979.99,0.06144983,3993.00933890,1704154889842,false,true
4000010508,64981.03,0.03146962,2044.92832131,1704154889966,false,true
4000010509,64979.72,0.05873504,3816.58645339,1704154890237,true,true
4000010510,64980.07,0.03343310,2172.48517832,1704154890492,true,true
4000010511,64979.25,0.10309355,6698.94155884,1704154890532,true,true
4000010512,64977.31,0.05284267,3433.57454982,1704154890982,false,true
4000010513,64978.32,0.01986768,1290.96846870,1704154891091,true,true
4000010514,64976.66,0.02477408,1609.73697297,1704154891185,true,true
4000010515,64973.94,0.03734675,2426.56549369,1704154891215,false,true
4000010516,64974.07,0.05076245,3298.24297967,1704154891245,false,true
4000010517,64973.98,0.07552826,4907.37165467,1704154891457,false,true
4000010518,64975.14,0.12777023,8301.88858208,1704154891457,true,true
4000010519,64977.15,0.16957806,11018.69904133,1704154891508,false,true
4000010520,64976.24,0.05709332,3709.70926272,1704154891627,true,true
4000010521,64977.10,0.01844293,1198.36810690,1704154891696,false,true
4000010522,64975.81,0.04526920,2941.40293805,1704154891936,false,true
4000010523,64978.46,0.19493148,12666.34737592,1704154891962,false,true
4000010524,64979.08,0.02571993,1671.25738906,1704154892164,false,true
4000010525,64979.72,0.08498996,5522.62380361,1704154892199,false,true
4000010526,64982.12,0.06026125,3915.90377885,1704154892563,false,true
4000010527,64983.70,0.03435530,2232.53450861,1704154892773,true,true
4000010528,64983.93,0.04966702,3227.55815099,1704154892863,true,true
4000010529,64981.94,0.07440457,4834.95330347,1704154893047,false,true
4000010530,64980.72,0.04966229,3227.09136105,1704154893079,true,true
4000010531,64979.72,0.06849306,4450.65986074,1704154893157,true,true
4000010532,64979.09,0.05137111,3338.04798009,1704154893171,false,true
4000010533,64978.53,0.05866977,3812.27541004,1704154893458,true,true
4000010534,64981.26,0.03860604,2508.66912281,1704154894355,true,true
4000010535,64984.40,0.01931340,1255.06971096,1704154894372,true,true
4000010536,64982.73,0.16651335,10820.49206445,1704154894592,false,true
4000010537,64982.20,0.05361477,3484.00570709,1704154894592,false,true
4000010538,64981.04,0.07298328,4742.52943701,1704154894632,true,true
4000010539,64983.74,0.04726797,3071.64947281,1704154894711,false,true
4000010540,64984.01,0.16902475,10983.90604425,1704154894780,true,true
4000010541,64983.16,0.04239813,2755.16446549,1704154895251,false,true
4000010542,64982.47,0.07746526,5033.88393399,1704154895310,false,true
4000010543,64980.86,0.03392374,2204.39379962,1704154895467,true,true
4000010544,64981.24,0.03374670,2192.90241191,1704154895525,true,true
4000010545,64978.89,0.11511190,7479.84348779,1704154895686,false,true
4000010546,64980.94,0.04343893,2822.70250399,1704154895854,true,true
4000010547,64982.04,0.05463306,3550.16769024,1704154896120,true,true
4000010548,64980.80,0.09973571,6480.90622437,1704154896192,false,true
4000010549,64980.45,0.04133248,2685.80315002,1704154896374,true,true
4000010550,64977.94,0.01841564,1196.61035098,1704154896498,true,true
4000010551,64978.12,0.07613734,4947.26121500,1704154896581,true,true
4000010552,64976.82,0.05150623,3346.71103559,1704154896590,true,true
4000010553,64978.53,0.07962776,5174.09479199,1704154897059,true,true
4000010554,64977.31,0.10642203,6915.01723414,1704154897091,true,true
4000010555,64977.74,0.01805837,1173.39207068,1704154897107,false,true
4000010556,64977.83,0.02014346,1308.87831949,1704154897555,true,true
4000010557,64978.05,0.04685166,3044.32950606,1704154897721,false,true
4000010558,64976.79,0.04855357,3154.85512164,1704154897786,true,true
4000010559,64979.33,0.07253299,4713.14509310,1704154897789,true,true
4000010560,64980.93,0.03646425,2369.48087675,1704154897799,false,true
4000010561,64979.82,0.04687565,3045.97129938,1704154898010,false,true
4000010562,64980.12,0.07737080,5027.56386850,1704154898017,false,true
4000010563,64981.86,0.04914780,3193.71545891,1704154898140,false,true
4000010564,64982.01,0.01295079,841.56836529,1704154898159,false,true
4000010565,64982.92,0.03820636,2482.76083537,1704154898236,true,true
4000010566,64984.51,0.11679726,7590.01271044,1704154898278,false,true
4000010567,64985.96,0.05411808,3516.91538216,1704154898295,false,true
4000010568,64985.46,0.03877150,2519.58376239,1704154898458,true,true
4000010569,64985.15,0.04907375,3189.06500481,1704154898585,true,true
4000010570,64984.03,0.03807854,2474.49698572,1704154898608,false,true
4000010571,64983.93,0.04230908,2749.41029308,1704154898646,false,true
4000010572,64984.27,0.02838079,1844.30492017,1704154898941,false,true
4000010573,64984.75,0.16212383,10535.57656159,1704154899033,false,true
4000010574,64986.42,0.10596203,6886.09298563,1704154899336,true,true
4000010575,64985.28,0.07297880,4742.54775206,1704154899372,false,true
4000010576,64986.51,0.07422851,4823.85180740,1704154899408,true,true
4000010577,64987.92,0.03614609,2349.05920523,1704154899433,false,true
4000010578,64988.07,0.03013105,1958.15878657,1704154899497,true,true
4000010579,64989.08,0.01285099,835.17401719,1704154899609,false,true
4000010580,64990.34,0.06320934,4107.99649778,1704154899644,false,true
4000010581,64990.04,0.03671734,2386.26139529,1704154899693,true,true
4000010582,64989.82,0.04461865,2899.75803214,1704154899742,true,true
4000010583,64988.88,0.03356754,2181.51682896,1704154899779,true,true
4000010584,64988.01,0.09456591,6145.65030474,1704154899846,false,true
4000010585,64987.40,0.09249976,6011.31890302,1704154899877,false,true
4000010586,64987.04,0.03850127,2502.08357354,1704154899882,false,true
4000010587,64986.02,0.04533889,2946.39401232,1704154899924,false,true
4000010588,64987.45,0.16587050,10779.50082523,1704154900239,true,true
4000010589,64986.69,0.07279396,4730.63851239,1704154900415,true,true
4000010590,64985.31,0.04364942,2836.57109002,1704154900441,false,true
4000010591,64984.60,0.07030567,4568.78584268,1704154900509,false,true
4000010592,64985.19,0.03173440,2062.26601354,1704154900546,false,true
4000010593,64987.13,0.09269281,6023.83969354,1704154900550,true,true
4000010594,64988.87,0.08468328,5503.47067509,1704154900581,false,true
4000010595,64987.50,0.02479033,1611.06157087,1704154900604,false,true
4000010596,64985.15,0.02984038,1939.18157036,1704154900808,false,true
4000010597,64983.99,0.04706470,3058.45199415,1704154900962,true,true
4000010598,64983.64,0.03753314,2439.04005783,1704154900980,false,true
4000010599,64982.09,0.06396402,4156.51570440,1704154901028,false,true
4000010600,64979.25,0.01031801,670.45655129,1704154901252,false,true
4000010601,64981.16,0.05114513,3323.46987575,1704154901293,true,true
4000010602,64978.03,0.05546366,3603.91936339,1704154901597,false,true
4000010603,64978.97,0.05024595,3264.93007767,1704154902038,true,true
4000010604,64979.05,0.02232954,1450.95229614,1704154902142,false,true
4000010605,64980.45,0.05919619,3846.59506449,1704154902258,true,true
4000010606,64980.56,0.02940821,1910.96195440,1704154902262,true,true
4000010607,64980.19,0.03275740,2128.58207591,1704154902310,false,true
4000010608,64981.08,0.02308856,1500.31956444,1704154902733,true,true
4000010609,64977.83,0.04040703,2625.56112614,1704154902996,false,true
4000010610,64977.45,0.07025535,4565.01349186,1704154903544,false,true
4000010611,64976.16,0.04127506,2681.89490257,1704154903682,true,true
4000010612,64977.43,0.08260680,5367.57756452,1704154903683,true,true
4000010613,64977.43,0.04971376,3230.27236044,1704154903710,false,true
4000010614,64975.68,0.04181656,2717.05942126,1704154903802,false,true
4000010615,64974.84,0.05238079,3403.43344932,1704154904036,true,true
4000010616,64976.61,0.14767317,9595.30197455,1704154904037,true,true
4000010617,64980.36,0.10540694,6849.38090770,1704154904324,true,true
4000010618,64978.28,0.07847232,5098.99638121,1704154904352,true,true
4000010619,64977.86,0.02610976,1696.55632991,1704154904414,true,true
4000010620,64978.72,0.06812640,4426.76627021,1704154904890,false,true
4000010621,64980.43,0.06925073,4499.94221321,1704154904963,true,true
4000010622,64981.57,0.02318469,1506.57755616,1704154905128,false,true
4000010623,64980.94,0.03903994,2536.85199874,1704154905240,true,true
4000010624,64982.87,0.01612338,1047.74350650,1704154905305,true,true
4000010625,64981.66,0.12215555,7937.87041721,1704154905414,false,true
4000010626,64981.25,0.02822842,1834.31801713,1704154905598,true,true
4000010627,64980.08,0.02836395,1843.09174012,1704154905637,true,true
4000010628,64979.20,0.10431896,6778.56256563,1704154905655,false,true
4000010629,64979.35,0.03257059,2116.41576732,1704154905711,false,true
4000010630,64978.04,0.04592269,2983.96638773,1704154905731,true,true
4000010631,64977.03,0.04798516,3117.93318087,1704154905761,false,true
4000010632,64975.08,0.04612487,2996.96711824,1704154905771,true,true
4000010633,64974.00,0.03605174,2342.42575476,1704154905872,true,true
4000010634,64973.82,0.05453222,3543.16664648,1704154905982,true,true
4000010635,64975.78,0.08191980,5322.80290244,1704154906159,true,true
4000010636,64978.68,0.04312014,2801.88977862,1704154906500,true,true
4000010637,64978.23,0.09170386,5958.75450697,1704154906623,true,true
4000010638,64978.46,0.05790379,3762.49910236,1704154906812,false,true
4000010639,64976.29,0.04776254,3103.43265018,1704154906852,true,true
4000010640,64978.20,0.01676470,1089.34002954,1704154906861,false,true
4000010641,64981.65,0.03200965,2080.03987292,1704154906883,false,true
4000010642,64981.19,0.14020868,9110.92687473,1704154907050,false,true
4000010643,64981.05,0.07913590,5142.33387470,1704154907157,true,true
4000010644,64981.47,0.07024841,4564.84494696,1704154907247,true,true
4000010645,64979.60,0.08979444,5834.80679342,1704154907736,true,true
4000010646,64978.68,0.05082129,3302.30034010,1704154907743,false,true
4000010647,64978.48,0.04535664,2947.20552511,1704154907745,false,true
4000010648,64976.96,0.03707097,2408.75893485,1704154908162,true,true
4000010649,64974.43,0.00995779,647.00172931,1704154908306,false,true
4000010650,64973.34,0.02495464,1621.38630930,1704154908955,false,true
4000010651,64975.34,0.02824393,1835.15895469,1704154909023,true,true
4000010652,64977.50,0.05752993,3738.15102657,1704154909235,false,true
4000010653,64977.49,0.04843085,3146.91507157,1704154909367,false,true
4000010654,64979.40,0.09791616,6362.53332710,1704154909387,false,true
4000010655,64979.06,0.03096849,2012.30336982,1704154909530,true,true
4000010656,64979.53,0.02069091,1344.48560707,1704154909981,false,true
4000010657,64978.48,0.09546831,6203.38567197,1704154910264,false,true
4000010658,64977.74,0.05550344,3606.48809343,1704154910453,true,true
4000010659,64980.95,0.07790183,5062.13492014,1704154910533,true,true
4000010660,64980.11,0.05173813,3361.94937859,1704154910614,false,true
4000010661,64979.77,0.08888962,5776.02706299,1704154911007,true,true
4000010662,64981.42,0.03874806,2517.90396105,1704154911024,false,true
4000010663,64981.08,0.04835114,3141.90929643,1704154911268,true,true
4000010664,64980.90,0.04319117,2806.60109865,1704154911335,true,true
4000010665,64980.73,0.09697834,6301.72332739,1704154911475,true,true
4000010666,64978.08,0.04832215,3139.88052847,1704154911493,true,true
4000010667,64977.71,0.03648110,2370.45833628,1704154911682,false,true
4000010668,64975.02,0.03102780,2016.03192556,1704154911712,false,true
4000010669,64975.28,0.02664010,1730.94795673,1704154911844,true,true
4000010670,64975.93,0.09610285,6244.37205440,1704154911896,false,true
4000010671,64973.74,0.06769259,4398.24074259,1704154911946,false,true
4000010672,64972.66,0.06576829,4273.14074495,1704154912043,false,true
4000010673,64976.20,0.06293474,4089.26025319,1704154912081,true,true
4000010674,64977.80,0.04357642,2831.49990348,1704154912145,false,true
4000010675,64979.01,0.03009903,1955.80517136,1704154912150,false,true
4000010676,64980.25,0.06000214,3898.95405774,1704154912278,false,true
4000010677,64979.67,0.07331850,4764.21193489,1704154912399,false,true
4000010678,64978.56,0.09542501,6200.57973779,1704154912864,true,true
4000010679,64978.20,0.09522372,6187.46592290,1704154912879,false,true
4000010680,64977.77,0.02886630,1875.66780215,1704154913049,false,true
4000010681,64977.99,0.07347292,4774.12266103,1704154913164,false,true
4000010682,64977.65,0.06384835,4148.71573938,1704154913177,false,true
4000010683,64977.08,0.06034867,3921.28035848,1704154913249,true,true
4000010684,64978.55,0.02689327,1747.48568936,1704154913352,false,true
4000010685,64979.52,0.09788453,6360.48977483,1704154913488,true,true
4000010686,64979.60,0.20018673,13008.05364071,1704154913497,false,true
4000010687,64978.81,0.02801492,1820.37616385,1704154913574,true,true
4000010688,64980.29,0.07298637,4742.67548865,1704154913730,true,true
4000010689,64978.70,0.09536332,6196.58456128,1704154914083,false,true
4000010690,64978.86,0.06005320,3902.18847535,1704154914205,false,true
4000010691,64980.78,0.05064248,3290.78785153,1704154914226,false,true
4000010692,64981.68,0.06557192,4260.97352243,1704154914332,true,true
4000010693,64981.53,0.07873506,5116.32466344,1704154914767,true,true
4000010694,64980.97,0.09524599,6189.17681881,1704154914857,true,true
4000010695,64979.00,0.03124336,2030.16228944,1704154914918,false,true
4000010696,64978.82,0.01974979,1283.31804945,1704154914999,true,true
4000010697,64977.63,0.05692312,3698.72942981,1704154915091,true,true
4000010698,64978.75,0.05935247,3856.64931001,1704154915211,false,true
4000010699,64978.18,0.03827156,2486.81631456,1704154915359,false,true
4000010700,64979.40,0.02167475,1408.41225015,1704154915362,true,true
4000010701,64978.49,0.11104625,7215.61764516,1704154915430,false,true
4000010702,64976.97,0.09808213,6373.07961855,1704154915438,false,true
4000010703,64980.85,0.01697366,1102.96285441,1704154915769,true,true
4000010704,64982.64,0.03444050,2238.03461292,1704154916201,true,true
4000010705,64980.89,0.06614804,4298.35851096,1704154916456,false,true
4000010706,64981.62,0.06134453,3986.26693754,1704154916488,true,true
4000010707,64980.56,0.05056439,3285.70237826,1704154916502,true,true
4000010708,64978.39,0.04451055,2892.22387701,1704154916815,false,true
4000010709,64980.20,0.09299128,6042.59197266,1704154917379,true,true
4000010710,64979.13,0.11599300,7537.12422609,1704154917587,false,true
4000010711,64978.96,0.04133021,2685.59406238,1704154917629,true,true
4000010712,64978.25,0.09487711,6164.94857286,1704154917810,true,true
4000010713,64980.86,0.04791777,3113.73790388,1704154917994,false,true
4000010714,64979.29,0.15680396,10189.00998999,1704154918010,false,true
4000010715,64979.71,0.03481063,2261.98464232,1704154918017,false,true
4000010716,64980.15,0.09527505,6190.98704026,1704154918409,true,true
4000010717,64981.77,0.10276246,6677.68654035,1704154918468,false,true
4000010718,64982.32,0.01578767,1025.91942399,1704154918689,false,true
4000010719,64982.17,0.07494836,4870.30707074,1704154918689,true,true
4000010720,64979.97,0.01415233,919.61797883,1704154919129,true,true
4000010721,64980.57,0.12675763,8236.78304925,1704154919138,false,true
4000010722,64979.83,0.06199118,4028.17633790,1704154919274,true,true
4000010723,64977.22,0.05163775,3355.27744206,1704154919286,false,true
4000010724,64976.69,0.01497781,973.20851725,1704154919413,false,true
4000010725,64976.20,0.01184253,769.48259779,1704154919425,true,true
4000010726,64976.85,0.06693860,4349.45937141,1704154919513,false,true
4000010727,64979.08,0.06500881,4224.21266569,1704154919559,true,true
4000010728,64978.15,0.07838718,5093.45394012,1704154919732,true,true
4000010729,64980.09,0.00940626,611.21962136,1704154919865,false,true
4000010730,64980.58,0.06748127,4384.97206374,1704154919913,false,true
4000010731,64980.36,0.02857020,1856.50188127,1704154919946,true,true
4000010732,64980.62,0.01405984,913.61712030,1704154920573,true,true
4000010733,64980.52,0.04822616,3133.76095440,1704154920667,false,true
4000010734,64979.23,0.03304708,2147.37381215,1704154920689,true,true
4000010735,64979.04,0.10156044,6599.29989318,1704154920747,false,true
4000010736,64976.18,0.03048353,1980.70333232,1704154920778,true,true
4000010737,64974.41,0.17745812,11530.23664671,1704154920866,false,true
4000010738,64973.97,0.04450824,2891.87705051,1704154920967,true,true
4000010739,64975.43,0.02872412,1866.36204837,1704154921011,true,true
4000010740,64975.90,0.02326503,1511.66626278,1704154921270,false,true
4000010741,64975.55,0.02534796,1646.99764238,1704154921488,true,true
4000010742,64977.24,0.01662343,1080.14460073,1704154921610,false,true
4000010743,64977.17,0.03668708,2383.82263396,1704154921610,true,true
4000010744,64977.08,0.04635679,3012.12885237,1704154921879,false,true
4000010745,64976.62,0.06126459,3980.76598389,1704154921880,true,true
4000010746,64974.29,0.09107884,5917.78296302,1704154921928,false,true
4000010747,64972.66,0.03140290,2040.32994471,1704154921932,true,true
4000010748,64971.24,0.07801837,5068.95024168,1704154922043,false,true
4000010749,64972.82,0.02369879,1539.77721689,1704154922065,true,true
4000010750,64973.26,0.06969292,4528.17621132,1704154922067,false,true
4000010751,64971.49,0.08607404,5592.35862912,1704154922319,true,true
4000010752,64972.79,0.01766172,1147.53122460,1704154922552,false,true
4000010753,64972.72,0.03187906,2071.26923924,1704154922603,true,true
4000010754,64974.60,0.07641436,4964.99247526,1704154922836,true,true
4000010755,64975.40,0.04813142,3127.35826707,1704154923062,false,true
4000010756,64974.74,0.04593326,2984.50162585,1704154923092,true,true
4000010757,64972.70,0.03704255,2406.75448839,1704154923270,true,true
4000010758,64972.42,0.12857913,8354.09723759,1704154923312,false,true
4000010759,64972.05,0.06647604,4319.08459468,1704154923424,false,true
4000010760,64972.56,0.07388476,4800.48200219,1704154923570,false,true
4000010761,64972.63,0.04090058,2657.41825113,1704154923596,false,true
4000010762,64969.43,0.07903674,5134.97194686,1704154923730,false,true
4000010763,64970.55,0.10582506,6875.51235198,1704154923857,false,true
4000010764,64971.50,0.02570276,1669.94687134,1704154923890,true,true
4000010765,64971.61,0.07121924,4627.22868578,1704154923949,false,true
4000010766,64970.53,0.02967435,1927.95824691,1704154924059,false,true
4000010767,64972.27,0.02824495,1835.13851754,1704154924225,false,true
4000010768,64972.63,0.03129969,2033.62317748,1704154924321,true,true
4000010769,64975.41,0.03899103,2533.45816057,1704154924397,true,true
4000010770,64976.32,0.04224299,2744.79403600,1704154924437,false,true
4000010771,64976.29,0.04977872,3234.43654655,1704154924550,false,true
4000010772,64973.92,0.11136664,7235.92715803,1704154924557,false,true
4000010773,64973.00,0.05183455,3367.84621715,1704154924993,false,true
4000010774,64970.58,0.08523651,5537.86549188,1704154925001,false,true
4000010775,64970.50,0.01323566,859.92744803,1704154925026,false,true
4000010776,64971.27,0.07598728,4936.99008545,1704154925124,true,true
4000010777,64969.73,0.05638689,3663.44101884,1704154925222,false,true
4000010778,64969.61,0.01995732,1296.61929705,1704154925309,false,true
4000010779,64971.01,0.06419698,4170.94262955,1704154925331,true,true
4000010780,64974.47,0.04632157,3009.71946032,1704154925358,true,true
4000010781,64974.36,0.03913067,2542.49023962,1704154925686,true,true
4000010782,64974.74,0.06891823,4477.94407551,1704154926333,false,true
4000010783,64973.50,0.07904961,5136.12983534,1704154926441,false,true
4000010784,64972.61,0.01371038,890.79917269,1704154926446,true,true
4000010785,64972.49,0.03838528,2493.98722095,1704154926455,false,true
4000010786,64971.26,0.17682594,11488.60412248,1704154927001,false,true
4000010787,64971.25,0.08898324,5781.35233185,1704154927004,false,true
4000010788,64970.20,0.02375497,1543.36515189,1704154927157,false,true
4000010789,64972.03,0.02969217,1929.16056001,1704154927197,false,true
4000010790,64973.88,0.03031608,1969.75334399,1704154927223,true,true
4000010791,64972.89,0.02973530,1931.98837602,1704154927543,false,true
4000010792,64974.04,0.02773419,1802.00237043,1704154927813,true,true
4000010793,64974.68,0.03672060,2385.90923441,1704154927901,true,true
4000010794,64975.96,0.04095320,2660.97348507,1704154928065,true,true
4000010795,64976.64,0.02312316,1502.46524298,1704154928244,false,true
4000010796,64974.56,0.03113243,2022.81594098,1704154928326,false,true
4000010797,64974.11,0.04571021,2969.98021266,1704154928351,true,true
4000010798,64974.70,0.02643524,1717.62178843,1704154928519,false,true
4000010799,64974.60,0.04563098,2964.85467311,1704154928621,false,true
4000010800,64974.98,0.04249161,2760.89150992,1704154928830,false,true
4000010801,64973.78,0.04953363,3218.38717822,1704154928871,true,true
4000010802,64973.32,0.01867426,1213.32867074,1704154928991,false,true
4000010803,64973.19,0.07853435,5102.62724408,1704154929120,false,true
4000010804,64973.47,0.04401403,2859.74425778,1704154929179,true,true
4000010805,64975.26,0.11884458,7721.95748509,1704154929528,false,true
4000010806,64975.31,0.04956491,3220.49539237,1704154929741,false,true
4000010807,64974.71,0.02981439,1937.18134408,1704154929878,true,true
4000010808,64974.53,0.11559231,7510.55601386,1704154930049,true,true
4000010809,64976.74,0.07313199,4751.87829991,1704154930216,false,true
4000010810,64977.27,0.07910003,5139.70400632,1704154930284,false,true
4000010811,64976.02,0.07039817,4574.19290188,1704154930287,true,true
4000010812,64974.90,0.02682654,1743.05175385,1704154930293,false,true
4000010813,64974.34,0.08766935,5696.25815448,1704154930328,false,true
4000010814,64973.34,0.06207893,4033.47542573,1704154930558,true,true
4000010815,64972.91,0.07136946,4637.08150133,1704154930560,true,true
4000010816,64971.72,0.14397487,9354.29494068,1704154930578,true,true
4000010817,64971.27,0.05650277,3671.05672542,1704154930622,true,true
4000010818,64973.25,0.06885749,4473.89491214,1704154930803,true,true
4000010819,64974.06,0.02757920,1791.93259555,1704154931078,false,true
4000010820,64973.84,0.03425808,2225.87900863,1704154931195,false,true
4000010821,64972.43,0.13507255,8775.99179980,1704154931230,false,true
4000010822,64974.11,0.03203694,2081.57166362,1704154931286,true,true
4000010823,64973.60,0.01179692,766.48836131,1704154931311,true,true
4000010824,64974.45,0.04904099,3186.41135271,1704154931375,true,true
4000010825,64973.45,0.03884987,2524.21008595,1704154931382,true,true
4000010826,64971.59,0.06872305,4465.04582815,1704154931423,false,true
4000010827,64969.58,0.04836910,3142.52011198,1704154931427,true,true
4000010828,64971.91,0.04494387,2920.08907669,1704154931437,false,true
4000010829,64972.44,0.05289134,3436.47941467,1704154931455,false,true
4000010830,64976.23,0.04977224,3234.01251386,1704154931456,true,true
4000010831,64974.64,0.08576690,5572.67345142,1704154931469,true,true
4000010832,64974.53,0.02515716,1634.57464713,1704154931601,true,true
4000010833,64975.62,0.05382404,3497.25036990,1704154931608,false,true
4000010834,64977.87,0.04149583,2696.31064728,1704154931757,false,true
4000010835,64976.98,0.02032792,1320.84685128,1704154932068,true,true
4000010836,64977.15,0.05709994,3710.19136637,1704154932097,true,true
4000010837,64976.81,0.02733606,1776.20997677,1704154932135,false,true
4000010838,64977.15,0.05824370,3784.50963146,1704154932369,false,true
4000010839,64976.76,0.03436314,2232.80550063,1704154932422,false,true
4000010840,64976.98,0.03321221,2158.02910493,1704154932514,false,true
4000010841,64975.78,0.05773210,3751.18822854,1704154932515,false,true
4000010842,64972.39,0.09678605,6288.42098716,1704154932530,false,true
4000010843,64973.69,0.08127804,5280.93417477,1704154932539,false,true
4000010844,64972.17,0.07792427,5062.90891757,1704154932697,false,true
4000010845,64973.64,0.03762042,2444.33562573,1704154932705,true,true
4000010846,64973.96,0.02395835,1556.66887457,1704154933122,false,true
4000010847,64974.38,0.05922574,3848.15573654,1704154933145,true,true
4000010848,64973.95,0.01588993,1032.43151732,1704154933318,false,true
4000010849,64973.12,0.03655890,2375.34579677,1704154933331,false,true
4000010850,64975.41,0.01494290,970.92105409,1704154933367,false,true
4000010851,64974.86,0.02565403,1666.86700769,1704154933420,true,true
4000010852,64976.46,0.09506727,6177.13466646,1704154933506,false,true
4000010853,64977.18,0.05818818,3780.90384573,1704154933554,false,true
4000010854,64979.21,0.05940163,3859.87099011,1704154933764,false,true
4000010855,64979.19,0.03010434,1956.15562868,1704154933855,false,true
4000010856,64979.12,0.04277856,2779.71318367,1704154933995,true,true
4000010857,64980.81,0.10456617,6794.79442520,1704154934028,false,true
4000010858,64982.88,0.06213316,4037.59168030,1704154934137,true,true
4000010859,64981.83,0.02612962,1697.95052480,1704154934360,true,true
4000010860,64981.28,0.04314523,2803.63227129,1704154934587,true,true
4000010861,64981.33,0.04365758,2836.92761298,1704154934730,true,true
4000010862,64983.38,0.10572433,6870.32431164,1704154934805,true,true
4000010863,64982.17,0.00787147,511.50520169,1704154934940,true,true
4000010864,64983.33,0.02455231,1595.49086299,1704154935014,true,true
4000010865,64985.20,0.02799806,1819.45952871,1704154935125,false,true
4000010866,64986.85,0.03106933,2019.09788831,1704154935163,true,true
4000010867,64987.65,0.12038233,7823.36472822,1704154935183,true,true
4000010868,64985.81,0.07349977,4776.44208826,1704154935278,false,true
4000010869,64985.31,0.02215141,1439.51624579,1704154935506,true,true
4000010870,64986.73,0.03135152,2037.43276533,1704154935510,true,true
4000010871,64988.94,0.07730825,5024.18122076,1704154935673,true,true
4000010872,64988.43,0.02636792,1713.60972317,1704154935699,true,true
4000010873,64988.28,0.02492132,1619.59372213,1704154935789,false,true
4000010874,64987.46,0.02839926,1845.59577328,1704154935790,true,true
4000010875,64989.65,0.05088749,3307.16016448,1704154936194,false,true
4000010876,64987.11,0.04890363,3178.10558221,1704154936204,true,true
4000010877,64986.09,0.01541883,1002.00947407,1704154936383,false,true
4000010878,64987.66,0.04864249,3161.16160167,1704154936486,false,true
4000010879,64986.46,0.01959379,1273.33105008,1704154936706,false,true
4000010880,64985.81,0.06314614,4103.60305627,1704154936924,false,true
4000010881,64987.47,0.03355842,2180.87681300,1704154937089,true,true
4000010882,64986.87,0.02940667,1911.04744042,1704154937153,true,true
4000010883,64988.22,0.02966017,1927.56165320,1704154937530,true,true
4000010884,64987.61,0.05720002,3717.29259175,1704154937946,false,true
4000010885,64987.53,0.04942342,3211.90598995,1704154937949,false,true
4000010886,64985.62,0.03473476,2257.25991415,1704154938878,true,true
4000010887,64984.34,0.07732208,5024.72433623,1704154938880,true,true
4000010888,64983.33,0.04627895,3007.36027990,1704154938910,true,true
4000010889,64981.54,0.03242591,2107.08556770,1704154938972,false,true
4000010890,64980.93,0.02196931,1427.58619526,1704154938973,false,true
4000010891,64980.65,0.02889460,1877.58988949,1704154938976,true,true
4000010892,64983.28,0.06486606,4215.20933948,1704154939093,false,true
4000010893,64982.87,0.04740483,3080.50190526,1704154939118,true,true
4000010894,64985.02,0.06616065,4299.45116346,1704154939339,true,true
4000010895,64982.69,0.18668832,12131.50922518,1704154939409,false,true
4000010896,64981.97,0.14057490,9134.83393455,1704154939581,true,true
4000010897,64982.40,0.01594352,1036.04819405,1704154939648,false,true
4000010898,64981.32,0.07180377,4665.90375558,1704154939761,true,true
4000010899,64981.34,0.02257852,1467.18248482,1704154939833,true,true
4000010900,64981.94,0.05893211,3829.52283609,1704154939847,true,true
4000010901,64982.93,0.03672085,2386.22842509,1704154939876,true,true
4000010902,64981.81,0.05099496,3313.74480168,1704154939893,false,true
4000010903,64983.28,0.04011259,2606.64766750,1704154940117,false,true
4000010904,64981.98,0.01085153,705.15390543,1704154940188,true,true
4000010905,64981.83,0.05598213,3637.82125470,1704154940325,true,true
4000010906,64982.72,0.05514245,3583.30638846,1704154940453,false,true
4000010907,64983.64,0.15955457,10368.43673723,1704154940526,false,true
4000010908,64982.34,0.02483682,1613.95468176,1704154940550,false,true
4000010909,64981.34,0.11766679,7646.14568770,1704154940652,false,true
4000010910,64982.27,0.05464346,3550.85607145,1704154940681,true,true
4000010911,64980.45,0.05104180,3316.71913281,1704154940736,false,true
4000010912,64977.66,0.12299215,7991.74210537,1704154940920,true,true
4000010913,64977.40,0.06175313,4012.55782926,1704154940957,false,true
4000010914,64976.14,0.01031242,670.06124566,1704154941071,false,true
4000010915,64976.18,0.05104613,3316.78253118,1704154941078,false,true
4000010916,64973.85,0.03748439,2435.50513320,1704154941107,true,true
4000010917,64971.12,0.03732868,2425.28614772,1704154941142,false,true
4000010918,64972.90,0.12821074,8330.22358895,1704154941376,true,true
4000010919,64972.87,0.06553318,4257.87878483,1704154941377,true,true
4000010920,64972.74,0.04421359,2872.67808754,1704154941460,false,true
4000010921,64970.17,0.04355245,2829.61008042,1704154941732,false,true
4000010922,64968.69,0.07912509,5140.65344343,1704154941795,false,true
4000010923,64967.53,0.16257179,10561.88764398,1704154941826,false,true
4000010924,64965.53,0.02939268,1909.51103432,1704154942098,true,true
4000010925,64965.22,0.02670863,1735.13202385,1704154942114,true,true
4000010926,64966.00,0.08992145,5841.83692070,1704154942187,true,true
4000010927,64965.75,0.05248811,3409.92943223,1704154942317,false,true
4000010928,64966.00,0.04391184,2852.77659744,1704154942319,true,true
4000010929,64967.02,0.02764329,1795.90217430,1704154942517,false,true
4000010930,64966.23,0.07638031,4962.14078693,1704154942528,false,true
4000010931,64965.00,0.04526518,2940.65241870,1704154942734,true,true
4000010932,64967.39,0.02490247,1617.84848045,1704154943018,true,true
4000010933,64968.64,0.02428595,1577.82514261,1704154943058,false,true
4000010934,64969.36,0.10715731,6961.94185002,1704154943063,false,true
4000010935,64969.49,0.08226610,5344.78656129,1704154943074,false,true
4000010936,64968.71,0.03380983,2196.58104042,1704154943231,false,true
4000010937,64969.05,0.12165556,7903.84616042,1704154943263,false,true
4000010938,64969.32,0.02122121,1378.72758328,1704154943496,true,true
4000010939,64967.79,0.04761325,3093.32762722,1704154943663,false,true
4000010940,64966.55,0.03382749,2197.65532046,1704154943676,true,true
4000010941,64966.10,0.02129811,1383.65514407,1704154943782,false,true
4000010942,64967.27,0.05205250,3381.70882168,1704154943910,true,true
4000010943,64964.79,0.03901878,2534.84684876,1704154943938,false,true
4000010944,64961.96,0.11916569,7741.23678715,1704154943946,false,true
4000010945,64965.55,0.03997215,2596.81270943,1704154944156,false,true
4000010946,64963.22,0.05253803,3413.03960126,1704154944490,true,true
4000010947,64962.70,0.05751441,3736.29136251,1704154944768,false,true
4000010948,64963.89,0.03009354,1954.99342227,1704154944855,true,true
4000010949,64964.55,0.07739505,5027.93459548,1704154945090,true,true
4000010950,64964.06,0.06382394,4146.26226760,1704154945191,true,true
4000010951,64962.99,0.11348648,7372.42106538,1704154945314,true,true
4000010952,64962.62,0.08049616,5229.24145354,1704154945460,false,true
4000010953,64963.95,0.02987510,1940.80450265,1704154945728,false,true
4000010954,64964.30,0.07726670,5019.57707881,1704154946305,true,true
4000010955,64964.06,0.04628292,3006.72639186,1704154946342,false,true
4000010956,64962.94,0.03443994,2237.31975582,1704154946458,false,true
4000010957,64961.88,0.06775277,4401.34731441,1704154946603,false,true
4000010958,64961.63,0.03309815,2150.10977398,1704154946738,false,true
4000010959,64962.12,0.09614406,6245.72196301,1704154946852,false,true
4000010960,64964.10,0.04758490,3091.31020209,1704154947004,true,true
4000010961,64963.53,0.02527945,1642.24230846,1704154947013,true,true
4000010962,64965.62,0.07163513,4653.82063423,1704154947045,true,true
4000010963,64968.82,0.03586535,2330.12946839,1704154947092,false,true
4000010964,64969.57,0.09710713,6309.00848003,1704154947221,true,true
4000010965,64969.56,0.08076228,5247.08979620,1704154947250,false,true
4000010966,64969.89,0.02346755,1524.68414207,1704154947381,false,true
4000010967,64969.93,0.01949362,1266.49912685,1704154947434,false,true
4000010968,64966.86,0.07085169,4603.01182499,1704154947666,false,true
4000010969,64967.78,0.05602741,3639.97644685,1704154947805,false,true
4000010970,64966.27,0.02082687,1353.04405967,1704154947874,false,true
4000010971,64965.05,0.05975461,3881.96122638,1704154948061,false,true
4000010972,64965.93,0.12660296,8224.87903715,1704154948358,false,true
4000010973,64963.96,0.01911370,1241.70164225,1704154948365,false,true
4000010974,64964.49,0.16041472,10421.26047329,1704154949110,false,true
4000010975,64965.31,0.05849508,3800.15100567,1704154949151,false,true
4000010976,64967.74,0.04845167,3147.79549913,1704154949222,false,true
4000010977,64968.06,0.11338770,7366.57889686,1704154949376,false,true
4000010978,64966.98,0.02871892,1865.78150126,1704154949574,true,true
4000010979,64968.21,0.10837801,7041.12531306,1704154949641,true,true
4000010980,64967.67,0.04675244,3037.39709361,1704154949789,true,true
4000010981,64966.68,0.02032662,1320.55301702,1704154949796,false,true
4000010982,64965.84,0.06777624,4403.14036364,1704154949799,true,true
4000010983,64964.74,0.05108109,3318.46973077,1704154949858,false,true
4000010984,64967.01,0.05837507,3792.45375644,1704154950020,false,true
4000010985,64967.84,0.08341954,5419.58732759,1704154950048,true,true
4000010986,64968.59,0.03231608,2099.53015193,1704154950365,true,true
4000010987,64969.33,0.02817686,1830.63171570,1704154950570,false,true
4000010988,64967.80,0.03936650,2557.55489870,1704154950607,false,true
4000010989,64968.60,0.07285014,4732.97160560,1704154950786,true,true
4000010990,64968.45,0.06678690,4339.04137330,1704154950825,false,true
4000010991,64970.24,0.02425443,1575.81613816,1704154951015,true,true
4000010992,64969.07,0.06595323,4284.92001660,1704154951199,true,true
4000010993,64969.95,0.04593781,2984.57721881,1704154951336,false,true
4000010994,64968.54,0.05413642,3517.16416823,1704154951515,false,true
4000010995,64967.09,0.12822712,8330.54284548,1704154951703,false,true
4000010996,64963.84,0.02254679,1464.72605807,1704154952142,true,true
4000010997,64963.87,0.09624679,6252.56395348,1704154952191,true,true
4000010998,64962.90,0.06740383,4378.74826791,1704154952215,true,true
4000010999,64964.69,0.06352490,4126.87543578,1704154952265,false,true
4000011000,64965.95,0.03149239,2045.93303412,1704154952352,false,true
4000011001,64965.70,0.03390797,2202.85500663,1704154952534,true,true
4000011002,64965.83,0.04655642,3024.57646713,1704154952696,true,true
4000011003,64963.41,0.06125380,3979.25572346,1704154952718,true,true
4000011004,64962.33,0.05858929,3806.09679145,1704154952815,false,true
4000011005,64963.00,0.04132627,2684.67847801,1704154952889,true,true
4000011006,64963.79,0.03186736,2070.22448289,1704154952922,true,true
4000011007,64962.59,0.02466562,1602.34255916,1704154952925,false,true
4000011008,64963.47,0.02365766,1536.88368568,1704154953211,true,true
4000011009,64963.55,0.08442470,5484.52821969,1704154953445,false,true
4000011010,64963.72,0.04091215,2657.80545720,1704154954119,true,true
4000011011,64963.54,0.17491759,11363.26585467,1704154954163,true,true
4000011012,64961.99,0.06991583,4541.87144930,1704154954438,true,true
4000011013,64959.37,0.01778217,1155.11856043,1704154954443,true,true
4000011014,64959.03,0.02771745,1800.49866607,1704154954672,true,true
4000011015,64959.85,0.04343602,2821.59734380,1704154954744,false,true
4000011016,64959.17,0.05325121,3459.15440310,1704154954820,false,true
4000011017,64955.77,0.05962875,3873.23137039,1704154955095,false,true
4000011018,64957.90,0.11885620,7720.64915398,1704154955263,false,true
4000011019,64958.69,0.19335496,12560.08490660,1704154955296,true,true
4000011020,64957.04,0.04431042,2878.27372436,1704154955298,false,true
4000011021,64956.40,0.03624298,2354.21350607,1704154955444,false,true
4000011022,64957.51,0.07644419,4965.62423637,1704154955602,true,true
4000011023,64956.41,0.06339157,4117.68881146,1704154955665,true,true
4000011024,64956.13,0.02432967,1580.36120738,1704154955829,true,true
4000011025,64952.92,0.05951229,3865.49701139,1704154955995,false,true
4000011026,64952.02,0.04973832,3230.60435541,1704154956449,false,true
4000011027,64951.51,0.03984799,2588.18712096,1704154956581,false,true
4000011028,64952.91,0.03076833,1998.49256934,1704154957122,false,true
4000011029,64951.54,0.05891353,3826.52450034,1704154957248,false,true
4000011030,64949.69,0.04560398,2961.96436377,1704154957266,false,true
4000011031,64948.36,0.05851324,3800.33897629,1704154957658,false,true
4000011032,64950.29,0.04913966,3191.63516750,1704154958410,false,true
4000011033,64950.49,0.03422530,2222.95000540,1704154958441,true,true
4000011034,64949.47,0.05891286,3826.35903318,1704154959120,false,true
4000011035,64946.60,0.05897615,3830.30042359,1704154959535,true,true
4000011036,64945.90,0.07684893,4991.02292289,1704154959778,true,true
4000011037,64947.63,0.03921459,2546.89468192,1704154959828,true,true
4000011038,64945.28,0.07146790,4641.50277651,1704154959902,true,true
4000011039,64946.84,0.05568859,3616.79794456,1704154960363,true,true
4000011040,64944.73,0.02501496,1624.58982316,1704154960375,false,true
4000011041,64946.51,0.01739086,1129.47566290,1704154960409,false,true
4000011042,64946.99,0.08865036,5757.57404442,1704154960462,false,true
4000011043,64949.80,0.04565395,2965.21492171,1704154960497,true,true
4000011044,64949.00,0.01988057,1291.22314093,1704154960521,true,true
4000011045,64948.96,0.04283444,2782.05233018,1704154960890,false,true
4000011046,64948.46,0.02682721,1742.38597560,1704154961003,true,true
4000011047,64947.96,0.10818999,7026.71914292,1704154961239,true,true
4000011048,64948.16,0.01829711,1188.36362782,1704154961272,false,true
4000011049,64947.68,0.02593569,1684.46289470,1704154961367,false,true
4000011050,64947.47,0.02828541,1837.06581741,1704154961372,false,true
4000011051,64949.54,0.02636577,1712.44463325,1704154961417,false,true
4000011052,64947.12,0.11799671,7663.54648398,1704154961480,false,true
4000011053,64945.44,0.05697994,3700.58727447,1704154961991,true,true
4000011054,64945.65,0.10085716,6550.23381335,1704154962116,false,true
4000011055,64947.67,0.01129115,733.33388412,1704154962162,false,true
4000011056,64945.10,0.02777280,1803.70727328,1704154962226,false,true
4000011057,64947.39,0.03772856,2450.37150046,1704154962471,true,true
4000011058,64947.52,0.02311126,1501.01902108,1704154962530,true,true
4000011059,64947.44,0.04410900,2864.76663096,1704154963137,false,true
4000011060,64946.89,0.11103758,7211.54549413,1704154963313,true,true
4000011061,64949.17,0.09130790,5930.37231944,1704154963351,false,true
4000011062,64949.74,0.13420915,8716.84939812,1704154963357,true,true
4000011063,64948.42,0.03310157,2149.89467102,1704154963364,true,true
4000011064,64947.56,0.04115418,2672.86357480,1704154963623,false,true
4000011065,64950.30,0.10859881,7053.52528914,1704154963643,false,true
4000011066,64948.88,0.03388289,2200.65575666,1704154963857,true,true
4000011067,64946.64,0.02625805,1705.37212045,1704154963914,false,true
4000011068,64948.76,0.05072554,3294.56092333,1704154964382,true,true
4000011069,64946.31,0.01865600,1211.63835936,1704154964451,false,true
4000011070,64942.42,0.10175252,6608.05488990,1704154964574,false,true
4000011071,64942.13,0.05540199,3597.92323684,1704154964620,false,true
4000011072,64942.48,0.04847523,3148.10165477,1704154964669,true,true
4000011073,64943.61,0.04751863,3086.03137445,1704154964671,false,true
4000011074,64944.42,0.01898054,1232.68016159,1704154964925,false,true
4000011075,64943.94,0.18816733,12220.32778948,1704154965234,false,true
4000011076,64943.00,0.05080303,3299.30117729,1704154965501,false,true
4000011077,64946.05,0.16523809,10731.56125504,1704154965551,false,true
4000011078,64944.63,0.02626616,1705.84604272,1704154965658,true,true
4000011079,64944.72,0.02535337,1646.56751571,1704154965672,true,true
4000011080,64941.53,0.17850587,11592.44431178,1704154965872,true,true
4000011081,64944.27,0.07098057,4609.78130283,1704154965915,false,true
4000011082,64942.79,0.05197205,3375.20992902,1704154966020,true,true
4000011083,64945.52,0.05696048,3699.32799305,1704154966126,false,true
4000011084,64944.59,0.04498033,2921.22908991,1704154966415,false,true
4000011085,64947.59,0.04622358,3002.11012217,1704154966483,true,true
4000011086,64946.91,0.04825274,3133.86636203,1704154966763,false,true
4000011087,64947.36,0.03437814,2232.76943471,1704154966765,true,true
4000011088,64946.62,0.06566834,4264.93672401,1704154966889,false,true
4000011089,64948.70,0.04555545,2958.76725541,1704154966973,true,true
4000011090,64948.78,0.05167845,3356.45227979,1704154966977,true,true
4000011091,64949.48,0.06519065,4234.09881836,1704154967101,false,true
4000011092,64949.82,0.04885584,3173.17801395,1704154967298,false,true
4000011093,64948.97,0.08497617,5519.11471604,1704154967344,false,true
4000011094,64950.80,0.04733324,3074.33180459,1704154967447,true,true
4000011095,64953.39,0.03956597,2569.94388014,1704154967696,true,true
4000011096,64952.79,0.10772237,6996.86847691,1704154967762,false,true
4000011097,64950.68,0.03720001,2416.16594551,1704154968261,false,true
4000011098,64951.87,0.07099329,4611.14694295,1704154968283,true,true
4000011099,64951.31,0.15492286,10062.44270595,1704154968410,true,true
4000011100,64948.89,0.06927174,4499.12262137,1704154968452,true,true
4000011101,64950.68,0.07578649,4922.38406031,1704154968479,false,true
4000011102,64950.74,0.05095000,3309.24020300,1704154968666,true,true
4000011103,64952.03,0.06543112,4249.88406917,1704154968752,true,true
4000011104,64951.26,0.02302909,1495.76841215,1704154968807,true,true
4000011105,64952.79,0.06845281,4446.20099284,1704154968948,true,true
4000011106,64953.61,0.03117079,2024.65533705,1704154968953,true,true
4000011107,64953.30,0.03468944,2253.19360315,1704154969064,false,true
4000011108,64955.79,0.06213528,4036.04619927,1704154969158,true,true
4000011109,64957.06,0.04788459,3110.44218571,1704154969255,true,true
4000011110,64955.97,0.02984113,1938.35954505,1704154969372,true,true
4000011111,64956.72,0.02525784,1640.66644068,1704154969374,false,true
4000011112,64955.79,0.05641018,3664.16780594,1704154969380,false,true
4000011113,64958.27,0.04023852,2613.82464656,1704154969508,false,true
4000011114,64957.81,0.08472783,5503.73428285,1704154969584,true,true
4000011115,64954.37,0.04147068,2693.70189287,1704154969610,false,true
4000011116,64956.63,0.04303413,2795.35205978,1704154969742,false,true
4000011117,64956.85,0.04772262,3099.91106895,1704154969751,false,true
4000011118,64958.66,0.08752615,5685.58141896,1704154969760,true,true
4000011119,64958.73,0.04859700,3156.79940181,1704154969850,true,true
4000011120,64957.28,0.10633570,6907.27783890,1704154970087,false,true
4000011121,64958.03,0.04664031,3029.66265619,1704154970123,false,true
4000011122,64958.20,0.04826768,3135.38161098,1704154970164,true,true
4000011123,64957.63,0.07979827,5183.50649730,1704154970314,true,true
4000011124,64956.68,0.07096258,4609.49360103,1704154970324,false,true
4000011125,64956.28,0.20275187,13170.00723824,1704154970481,true,true
4000011126,64955.46,0.02007447,1303.94643311,1704154970554,true,true
4000011127,64957.99,0.07770714,5047.69962305,1704154970689,true,true
4000011128,64958.57,0.06307085,4096.99222468,1704154970774,false,true
4000011129,64957.94,0.05646246,3667.68508893,1704154970820,true,true
4000011130,64958.76,0.04676582,3037.84967758,1704154970824,true,true
4000011131,64957.67,0.06786507,4408.35682159,1704154971158,true,true
4000011132,64957.19,0.05674164,3685.77749039,1704154971370,false,true
4000011133,64955.25,0.08195002,5323.08403660,1704154971381,false,true
4000011134,64954.65,0.02209117,1434.92421544,1704154971389,false,true
4000011135,64954.40,0.03322845,2158.33403268,1704154971405,true,true
4000011136,64951.83,0.06847782,4447.75972341,1704154971462,false,true
4000011137,64953.90,0.04656047,3024.28411233,1704154971487,true,true
4000011138,64951.93,0.03858823,2506.38001378,1704154971513,true,true
4000011139,64951.28,0.04957560,3219.99867677,1704154971554,false,true
4000011140,64951.97,0.03950046,2565.63269291,1704154971727,true,true
4000011141,64951.80,0.11264402,7316.43185824,1704154972225,false,true
4000011142,64947.08,0.04282145,2781.12813887,1704154972413,true,true
4000011143,64949.39,0.05432435,3528.33339465,1704154972532,false,true
4000011144,64951.29,0.02877413,1868.91686213,1704154972624,false,true
4000011145,64952.92,0.06846289,4446.86461714,1704154972674,false,true
4000011146,64952.07,0.05673305,3684.92903491,1704154972761,false,true
4000011147,64952.54,0.07862461,5106.86812601,1704154973144,true,true
4000011148,64953.23,0.03023607,1963.93040901,1704154973538,false,true
4000011149,64952.30,0.08577913,5571.55178550,1704154973626,true,true
4000011150,64953.82,0.01759145,1142.63187684,1704154973677,false,true
4000011151,64952.00,0.03865775,2510.89817800,1704154973872,true,true
4000011152,64952.75,0.08644801,5615.03598153,1704154973919,false,true
4000011153,64953.82,0.08455787,5492.35666756,1704154973964,false,true
4000011154,64953.66,0.10360517,6729.53498642,1704154974102,true,true
4000011155,64953.20,0.04590397,2981.60974420,1704154974379,false,true
4000011156,64951.68,0.02802617,1820.34682547,1704154974402,false,true
4000011157,64951.41,0.06495070,4218.63954549,1704154974560,true,true
4000011158,64952.17,0.07545546,4900.99586535,1704154974644,false,true
4000011159,64952.26,0.00846206,549.62992126,1704154974686,false,true
4000011160,64955.02,0.03680439,2390.62988854,1704154974744,false,true
4000011161,64955.49,0.05409384,3513.69188318,1704154974981,false,true
4000011162,64955.54,0.05543192,3600.61029684,1704154974989,false,true
4000011163,64953.13,0.08407673,5461.04677366,1704154975030,false,true
4000011164,64951.54,0.05805612,3770.83440042,1704154975171,true,true
4000011165,64952.88,0.04400197,2858.05467717,1704154975291,true,true
4000011166,64952.67,0.01415853,919.63432678,1704154975293,true,true
4000011167,64951.86,0.02924697,1899.64510086,1704154975396,true,true
4000011168,64949.16,0.11446067,7434.12436954,1704154975505,false,true
4000011169,64952.45,0.03713034,2411.70655233,1704154975559,true,true
4000011170,64951.73,0.02838073,1843.37751216,1704154975569,true,true
4000011171,64951.79,0.05540904,3598.91633018,1704154975640,false,true
4000011172,64951.29,0.11254373,7309.86044491,1704154975790,false,true
4000011173,64951.04,0.03436157,2231.81970753,1704154975878,true,true
4000011174,64952.50,0.04022043,2612.41747958,1704154975997,true,true
4000011175,64952.25,0.08327689,5409.02137850,1704154976186,true,true
4000011176,64951.75,0.03950128,2565.67726324,1704154976205,false,true
4000011177,64953.25,0.01946638,1264.40464673,1704154976656,true,true
4000011178,64953.16,0.03592871,2333.68324922,1704154976713,true,true
4000011179,64952.24,0.04170235,2708.66104576,1704154977013,true,true
4000011180,64952.69,0.10444512,6783.99150137,1704154977046,true,true
4000011181,64955.01,0.11380470,7392.18542655,1704154977116,true,true
4000011182,64952.64,0.09722080,6314.74762291,1704154977195,true,true
4000011183,64951.27,0.01523618,989.60924095,1704154977278,false,true
4000011184,64950.57,0.05113824,3321.45783680,1704154977483,true,true
4000011185,64947.89,0.02697069,1751.68940734,1704154977498,true,true
4000011186,64944.80,0.05246340,3407.22502032,1704154977607,false,true
4000011187,64946.23,0.03479569,2259.84888575,1704154977664,false,true
4000011188,64947.51,0.03761584,2443.05514456,1704154977708,false,true
4000011189,64948.22,0.16183214,10510.70943179,1704154977753,true,true
4000011190,64948.74,0.02450615,1591.64356475,1704154977908,true,true
4000011191,64948.58,0.01554707,1009.76011966,1704154978117,false,true
4000011192,64946.82,0.05992867,3892.17654333,1704154978120,false,true
4000011193,64946.17,0.03050275,1981.03678697,1704154978243,true,true
4000011194,64949.71,0.09774116,6348.25999706,1704154978337,true,true
4000011195,64948.93,0.03494443,2269.60333796,1704154978502,false,true
4000011196,64950.05,0.01990726,1292.97753236,1704154978525,true,true
4000011197,64949.69,0.07515255,4881.13482521,1704154978553,true,true
4000011198,64946.93,0.13071290,8489.40156640,1704154978649,false,true
4000011199,64942.85,0.18128462,11773.13988397,1704154978664,false,true
4000011200,64941.40,0.04559335,2960.89597969,1704154978832,true,true
4000011201,64940.97,0.02149058,1395.61911106,1704154978905,false,true
4000011202,64940.62,0.09165393,5952.06303964,1704154979073,true,true
4000011203,64940.10,0.06229097,4045.18182090,1704154979220,true,true
4000011204,64940.20,0.11695054,7594.79145771,1704154979310,false,true
4000011205,64940.77,0.02516155,1634.01043139,1704154979395,false,true
4000011206,64941.22,0.03930276,2552.36918377,1704154979446,false,true
4000011207,64939.20,0.02074333,1347.05525554,1704154979581,false,true
4000011208,64937.53,0.03064466,1989.98852809,1704154979658,false,true
4000011209,64937.64,0.04060319,2636.67533507,1704154979786,true,true
4000011210,64938.64,0.02395013,1555.28887002,1704154980219,false,true
4000011211,64938.92,0.05101333,3312.75055580,1704154980232,false,true
4000011212,64939.52,0.04421547,2871.33139837,1704154980639,false,true
4000011213,64938.94,0.04300981,2793.01147100,1704154980762,false,true
4000011214,64937.97,0.08331674,5410.41996262,1704154980768,false,true
4000011215,64936.29,0.10998680,7142.13474097,1704154980790,true,true
4000011216,64936.69,0.03985176,2587.84138507,1704154980915,false,true
4000011217,64935.92,0.07583214,4924.22977647,1704154980979,true,true
4000011218,64937.98,0.02946234,1913.22484567,1704154981009,true,true
4000011219,64937.38,0.09726397,6316.06738020,1704154981029,false,true
4000011220,64937.56,0.05977756,3881.80888915,1704154981096,false,true
4000011221,64938.77,0.03538781,2298.04085439,1704154981154,false,true
4000011222,64939.05,0.05975013,3880.11667958,1704154981299,true,true
4000011223,64938.77,0.02456132,1594.98191038,1704154981420,false,true
4000011224,64937.78,0.05699735,3701.28137488,1704154981424,false,true
4000011225,64933.83,0.02192290,1423.53786171,1704154981589,true,true
4000011226,64932.58,0.11139027,7232.85761800,1704154981616,true,true
4000011227,64933.18,0.08451609,5487.89848487,1704154981778,false,true
4000011228,64936.11,0.06946470,4510.76740032,1704154981901,false,true
4000011229,64934.97,0.02016490,1309.40717655,1704154981998,false,true
4000011230,64934.92,0.12206787,7926.46737302,1704154982061,false,true
4000011231,64933.94,0.03982686,2586.11493763,1704154982230,false,true
4000011232,64934.73,0.01812492,1176.93678647,1704154982234,true,true
4000011233,64933.22,0.03718556,2414.57814830,1704154982278,true,true
4000011234,64934.62,0.04094728,2658.89606683,1704154982303,false,true
4000011235,64934.99,0.03857379,2504.78866791,1704154982381,true,true
4000011236,64935.98,0.07543454,4898.41578075,1704154982405,true,true
4000011237,64935.68,0.04682843,3040.83594538,1704154982459,true,true
4000011238,64936.67,0.06300809,4091.53554766,1704154982498,true,true
4000011239,64936.83,0.05748159,3732.67223796,1704154982788,true,true
4000011240,64937.35,0.14108711,9161.82304256,1704154982863,false,true
4000011241,64937.74,0.06688079,4343.08735201,1704154982983,false,true
4000011242,64940.49,0.03420106,2221.03359492,1704154983087,true,true
4000011243,64940.32,0.02509581,1629.72993206,1704154983184,false,true
4000011244,64939.85,0.05803680,3768.90108648,1704154983704,true,true
4000011245,64939.26,0.02659769,1727.23430631,1704154983778,true,true
4000011246,64939.65,0.09973741,6476.91249731,1704154983785,true,true
4000011247,64941.71,0.09676257,6283.92675979,1704154983838,false,true
4000011248,64940.98,0.02409991,1565.07177331,1704154983932,true,true
4000011249,64938.54,0.16132153,10475.98462877,1704154984010,false,true
4000011250,64937.96,0.07525534,4886.92825871,1704154984212,true,true
4000011251,64937.11,0.06538038,4245.61292790,1704154984252,false,true
4000011252,64936.51,0.02884787,1873.27999873,1704154984256,false,true
4000011253,64938.33,0.01604086,1041.66666016,1704154984323,true,true
4000011254,64936.46,0.09126048,5926.13250910,1704154984369,false,true
4000011255,64935.40,0.05487010,3563.01189154,1704154984474,true,true
4000011256,64936.08,0.05550002,3603.95373872,1704154984612,true,true
4000011257,64937.33,0.06594187,4282.08897301,1704154984789,true,true
4000011258,64936.52,0.11421880,7416.97139058,1704154984809,false,true
4000011259,64935.36,0.03331605,2163.38970053,1704154984939,true,true
4000011260,64934.56,0.07251105,4708.47312689,1704154984944,true,true
4000011261,64934.83,0.03411306,2215.12575188,1704154984948,false,true
4000011262,64933.74,0.03288342,2135.24344459,1704154984952,true,true
4000011263,64935.00,0.05179119,3363.06092265,1704154985174,true,true
4000011264,64935.12,0.09627727,6251.77608072,1704154985348,false,true
4000011265,64934.22,0.06656144,4322.11518848,1704154985933,false,true
4000011266,64933.27,0.06758529,4388.53388360,1704154986209,true,true
4000011267,64933.69,0.04168677,2706.87580028,1704154986511,true,true
4000011268,64933.08,0.08597560,5582.66051285,1704154986758,false,true
4000011269,64932.32,0.02709525,1759.35744348,1704154986773,false,true
4000011270,64932.99,0.02589805,1681.63782167,1704154986826,false,true
4000011271,64932.47,0.02071480,1345.06312956,1704154987254,false,true
4000011272,64934.18,0.07289493,4733.37250571,1704154987433,true,true
4000011273,64936.07,0.11731231,7617.80037402,1704154987486,false,true
4000011274,64935.55,0.04681255,3039.79868115,1704154987681,false,true
4000011275,64932.29,0.06025735,3912.64772483,1704154987745,false,true
4000011276,64931.93,0.03622758,2352.32668863,1704154987993,true,true
4000011277,64934.40,0.03046190,1978.02519936,1704154988084,true,true
4000011278,64935.08,0.03579568,2324.39534445,1704154988170,false,true
4000011279,64934.11,0.04257860,2764.80349605,1704154988176,true,true
4000011280,64934.90,0.14262243,9261.17322981,1704154988265,false,true
4000011281,64933.31,0.08524856,5535.47117353,1704154988390,false,true
4000011282,64933.89,0.08604770,5587.41188655,1704154988450,true,true
4000011283,64932.11,0.04601428,2987.80429053,1704154988561,false,true
4000011284,64931.19,0.06233532,4047.50650663,1704154988586,false,true
4000011285,64934.45,0.27904835,18119.85113066,1704154988614,false,true
4000011286,64932.24,0.09062706,5884.61801041,1704154988872,false,true
4000011287,64930.89,0.02965889,1925.77812411,1704154988903,false,true
4000011288,64931.25,0.03200769,2078.29932131,1704154988933,true,true
4000011289,64929.71,0.05601820,3637.24548072,1704154989152,false,true
4000011290,64929.83,0.07231448,4695.36689294,1704154989217,false,true
4000011291,64929.55,0.02482396,1611.80855202,1704154989322,false,true
4000011292,64929.44,0.10106781,6562.27630533,1704154989582,false,true
4000011293,64927.67,0.02685818,1743.83904784,1704154989933,true,true
4000011294,64927.32,0.01493580,969.74146606,1704154989952,true,true
4000011295,64926.53,0.11609091,7537.37995084,1704154990262,false,true
4000011296,64930.36,0.13000463,8441.24742757,1704154990380,true,true
4000011297,64932.84,0.11192223,7267.42825303,1704154990389,false,true
4000011298,64930.93,0.04970394,3227.32304886,1704154990562,true,true
4000011299,64929.44,0.03181962,2066.03010761,1704154990564,false,true
4000011300,64929.81,0.08926875,5796.20297644,1704154990583,false,true
4000011301,64929.67,0.08288391,5381.62492461,1704154990608,true,true
4000011302,64928.97,0.07160028,4648.93243211,1704154990641,false,true
4000011303,64930.46,0.10043933,6521.57189899,1704154990665,true,true
4000011304,64930.99,0.04220001,2740.08842731,1704154990718,false,true
4000011305,64931.27,0.05825915,3782.84059862,1704154990838,false,true
4000011306,64929.09,0.03056408,1984.49790109,1704154991174,false,true
4000011307,64927.82,0.06110636,3967.50274294,1704154991310,false,true
4000011308,64926.65,0.11062079,7182.23731505,1704154991318,true,true
4000011309,64928.09,0.05080799,3298.86574744,1704154991361,true,true
4000011310,64927.03,0.03729583,2421.50747328,1704154991388,false,true
4000011311,64924.69,0.08224289,5339.59413795,1704154991554,false,true
4000011312,64923.82,0.08785671,5703.99322583,1704154991682,true,true
4000011313,64921.86,0.08674368,5631.56104884,1704154991763,true,true
4000011314,64922.49,0.04805568,3119.89440424,1704154992067,false,true
4000011315,64922.57,0.05200333,3376.18983216,1704154992233,false,true
4000011316,64924.22,0.09485945,6158.67580088,1704154992686,true,true
4000011317,64923.57,0.08257647,5361.15923040,1704154992752,false,true
4000011318,64923.95,0.10842368,7039.29357914,1704154992840,true,true
4000011319,64926.47,0.04898037,3180.12252339,1704154992916,true,true
4000011320,64926.35,0.02676796,1737.94593975,1704154992970,true,true
4000011321,64924.59,0.02533199,1644.66906463,1704154993365,false,true
4000011322,64922.65,0.10811515,7019.12204315,1704154993430,true,true
4000011323,64922.60,0.03607914,2342.35157456,1704154993942,false,true
4000011324,64920.92,0.03549027,2304.06097945,1704154994086,true,true
4000011325,64921.52,0.03492589,2267.44186615,1704154994253,true,true
4000011326,64922.22,0.11769009,7640.70191480,1704154994297,true,true
4000011327,64923.40,0.07298903,4738.69599030,1704154994312,false,true
4000011328,64921.02,0.06132275,3981.13547921,1704154994351,true,true
4000011329,64921.29,0.06409799,4161.32419721,1704154994395,false,true
4000011330,64921.96,0.04714191,3060.54519534,1704154994506,true,true
4000011331,64918.14,0.06148126,3991.24904406,1704154994670,false,true
4000011332,64918.74,0.02375085,1541.87525593,1704154994707,true,true
4000011333,64919.19,0.09410730,6109.36968909,1704154994842,false,true
4000011334,64918.04,0.03669532,2382.18825157,1704154994944,false,true
4000011335,64920.36,0.05473684,3553.53535806,1704154995024,false,true
4000011336,64921.59,0.05413977,3514.83995063,1704154995072,true,true
4000011337,64922.81,0.04463017,2897.51604718,1704154995100,false,true
4000011338,64922.25,0.03212065,2085.34486946,1704154995249,false,true
4000011339,64924.15,0.04141682,2688.95183420,1704154995672,true,true
4000011340,64925.25,0.03476441,2257.08801035,1704154995699,true,true
4000011341,64924.35,0.08511352,5525.93996221,1704154995754,false,true
4000011342,64924.06,0.31444373,20414.96359314,1704154995881,false,true
4000011343,64921.00,0.04766919,3094.73148399,1704154995895,false,true
4000011344,64921.56,0.02447342,1588.85260494,1704154996041,true,true
4000011345,64922.43,0.08101126,5259.44785656,1704154996146,true,true
4000011346,64920.54,0.01798581,1167.64849754,1704154996331,false,true
4000011347,64920.20,0.03549343,2304.24057429,1704154996376,true,true
4000011348,64918.12,0.06222785,4039.71503364,1704154996761,false,true
4000011349,64920.51,0.04409148,2862.44136825,1704154996851,true,true
4000011350,64922.54,0.08287896,5380.71259576,1704154996894,false,true
4000011351,64922.00,0.04198005,2725.42880610,1704154996929,false,true
4000011352,64921.43,0.05724002,3716.10395163,1704154997020,false,true
4000011353,64919.13,0.07665276,4976.23049130,1704154997167,false,true
4000011354,64919.47,0.04086961,2653.23342031,1704154997385,false,true
4000011355,64919.03,0.07494241,4865.18856306,1704154997387,false,true
4000011356,64919.07,0.01723197,1118.68346667,1704154997447,true,true
4000011357,64920.55,0.06972469,4526.56522338,1704154997447,false,true
4000011358,64918.05,0.02205376,1431.68709437,1704154997481,false,true
4000011359,64918.65,0.05723844,3715.84225291,1704154997692,true,true
4000011360,64916.32,0.02576211,1672.38137664,1704154997753,true,true
4000011361,64916.42,0.03603356,2339.16971506,1704154997826,true,true
4000011362,64916.72,0.05824590,3781.13278145,1704154997896,false,true
4000011363,64916.32,0.04331828,2812.06332633,1704154997909,true,true
4000011364,64915.21,0.07870550,5109.18406065,1704154998034,true,true
4000011365,64914.36,0.11646350,7560.15356586,1704154998180,true,true
4000011366,64913.26,0.05126904,3328.04052347,1704154998448,true,true
4000011367,64912.64,0.04056525,2633.19746976,1704154998483,false,true
4000011368,64915.45,0.15288847,9924.82382986,1704154998483,false,true
4000011369,64914.93,0.05966159,3872.92793854,1704154998636,false,true
4000011370,64912.68,0.03888333,2524.02115762,1704154998642,true,true
4000011371,64911.40,0.03333970,2164.12660258,1704154998722,true,true
4000011372,64911.10,0.09422269,6116.09845286,1704154998847,true,true
4000011373,64910.56,0.04401579,2857.08957774,1704154999186,false,true
4000011374,64910.59,0.02178902,1414.33814372,1704154999251,false,true
4000011375,64910.47,0.03292054,2136.88772405,1704154999299,false,true
4000011376,64908.73,0.04840059,3141.62082815,1704154999651,false,true
4000011377,64909.91,0.09776174,6345.70574484,1704154999740,false,true
4000011378,64912.14,0.02398997,1557.24029124,1704154999795,false,true
4000011379,64911.47,0.02137538,1387.50733761,1704154999809,true,true
4000011380,64909.15,0.02316500,1503.62045975,1704154999844,false,true
4000011381,64907.01,0.14410294,9353.29096761,1704154999977,true,true
4000011382,64907.78,0.07715341,5007.85656253,1704155000532,true,true
4000011383,64908.10,0.12437364,8072.85666248,1704155000596,false,true
4000011384,64907.45,0.04978001,3231.09351007,1704155000611,false,true
4000011385,64907.94,0.02913127,1890.85072528,1704155000737,false,true
4000011386,64906.88,0.03671194,2382.85748415,1704155000853,true,true
4000011387,64909.19,0.03055711,1983.43725884,1704155000957,false,true
4000011388,64907.92,0.03124939,2028.33290617,1704155001073,true,true
4000011389,64906.90,0.04504762,2923.90136658,1704155001189,true,true
4000011390,64906.63,0.01973916,1281.20235463,1704155001238,true,true
4000011391,64906.12,0.04013735,2605.15965558,1704155001388,true,true
4000011392,64906.26,0.03025229,1963.56300034,1704155001434,false,true
4000011393,64905.60,0.04428018,2874.03165101,1704155001443,false,true
4000011394,64905.57,0.13061379,8477.56248981,1704155001447,true,true
4000011395,64903.33,0.09772246,6342.51306979,1704155001747,false,true
4000011396,64899.98,0.03158922,2050.13974622,1704155001751,false,true
4000011397,64902.44,0.05793300,3759.99305652,1704155001889,false,true
4000011398,64900.26,0.05455368,3540.54801596,1704155002084,true,true
4000011399,64900.59,0.07726846,5014.76864239,1704155002143,false,true
4000011400,64901.61,0.01812690,1176.46499431,1704155002218,false,true
4000011401,64904.49,0.03803635,2468.72989821,1704155002334,true,true
4000011402,64903.58,0.11173300,7251.87170414,1704155002337,false,true
4000011403,64903.20,0.02921676,1896.26121763,1704155002638,true,true
4000011404,64902.36,0.03565097,2313.83208929,1704155002856,false,true
4000011405,64903.49,0.04513433,2929.37553581,1704155002869,true,true
4000011406,64903.32,0.03116333,2022.60357926,1704155002877,true,true
4000011407,64904.10,0.05562237,3610.11986472,1704155002883,false,true
4000011408,64904.88,0.07546012,4897.73003339,1704155002912,true,true
4000011409,64905.76,0.05345999,3469.86128054,1704155002917,true,true
4000011410,64905.89,0.03853762,2501.31852458,1704155003208,false,true
4000011411,64906.63,0.02818443,1829.35636977,1704155003215,true,true
4000011412,64905.84,0.08017086,5203.55701182,1704155003297,false,true
4000011413,64906.60,0.10794996,7006.66487374,1704155003699,false,true
4000011414,64904.97,0.05119185,3322.60548849,1704155003745,true,true
4000011415,64906.02,0.04039603,2621.94553110,1704155003805,false,true
4000011416,64906.91,0.14324472,9297.57214902,1704155004091,false,true
4000011417,64905.72,0.02848506,1848.84332854,1704155004254,false,true
4000011418,64905.27,0.05602627,3636.40018144,1704155004283,true,true
4000011419,64905.03,0.07366063,4780.94539997,1704155004301,false,true
4000011420,64905.38,0.05484288,3559.59796669,1704155004307,false,true
4000011421,64904.05,0.02030235,1317.70473952,1704155004475,true,true
4000011422,64904.19,0.04245576,2755.55671363,1704155004645,false,true
4000011423,64904.39,0.35670836,23151.93851370,1704155004660,true,true
4000011424,64902.75,0.05328095,3458.08017761,1704155005154,true,true
4000011425,64903.40,0.12487222,8104.63164355,1704155005496,true,true
4000011426,64903.29,0.04214758,2735.51660754,1704155005720,true,true
4000011427,64903.89,0.04318346,2802.77453766,1704155005740,true,true
4000011428,64905.87,0.04407819,2860.93326998,1704155005752,true,true
4000011429,64905.67,0.05385568,3495.53899371,1704155005778,false,true
4000011430,64906.18,0.07193662,4669.13120631,1704155005836,true,true
4000011431,64908.29,0.04765819,3093.41161740,1704155005847,false,true
4000011432,64908.41,0.04379150,2842.43663651,1704155006177,true,true
4000011433,64910.05,0.13583520,8817.06962376,1704155006278,true,true
4000011434,64913.78,0.01310747,850.85542394,1704155006578,true,true
4000011435,64913.88,0.03604015,2339.50597228,1704155006774,true,true
4000011436,64911.06,0.07354567,4773.92739811,1704155006829,false,true
4000011437,64910.29,0.11346996,7365.36800989,1704155006945,true,true
4000011438,64909.74,0.03017268,1958.50081390,1704155007020,true,true
4000011439,64910.31,0.08647720,5613.26185993,1704155007124,true,true
4000011440,64909.36,0.06896931,4476.75377174,1704155007145,false,true
4000011441,64908.24,0.04967763,3224.48753067,1704155007152,true,true
4000011442,64910.07,0.07192411,4668.59901479,1704155007189,true,true
4000011443,64910.50,0.05057203,3282.65575331,1704155007321,true,true
4000011444,64909.52,0.03361505,2181.93676028,1704155007413,false,true
4000011445,64908.76,0.06836713,4437.62563306,1704155007520,false,true
4000011446,64906.58,0.01676328,1088.04717438,1704155007523,true,true
4000011447,64907.54,0.02869177,1862.31220895,1704155007838,false,true
4000011448,64908.10,0.08588913,5574.90023895,1704155008052,true,true
4000011449,64909.23,0.04256196,2762.66405089,1704155008296,true,true
4000011450,64908.56,0.02396803,1555.73031334,1704155008415,false,true
4000011451,64908.26,0.03279690,2128.78971239,1704155008514,true,true
4000011452,64907.89,0.01893533,1229.05231675,1704155008514,false,true
4000011453,64911.48,0.02263125,1469.02793175,1704155008806,true,true
4000011454,64913.40,0.03309482,2148.29728859,1704155008851,true,true
4000011455,64912.41,0.14871718,9653.59056220,1704155008870,false,true
4000011456,64911.95,0.05350058,3472.82697393,1704155009032,false,true
4000011457,64910.94,0.01662789,1079.33197012,1704155009485,false,true
4000011458,64910.56,0.03594551,2333.24318359,1704155009560,true,true
4000011459,64909.63,0.10357103,6722.75723602,1704155009747,false,true
4000011460,64909.61,0.02152677,1397.29424526,1704155009841,true,true
4000011461,64909.32,0.04699651,3050.51150647,1704155009865,true,true
4000011462,64909.08,0.03837564,2490.92748681,1704155009992,false,true
4000011463,64910.73,0.10547294,6846.32553065,1704155010012,false,true
4000011464,64910.76,0.02225802,1444.78499430,1704155010064,false,true
4000011465,64911.39,0.03145673,2041.90006915,1704155010498,false,true
4000011466,64911.94,0.07067371,4587.56762310,1704155010505,false,true
4000011467,64912.06,0.02661456,1727.60591559,1704155010638,true,true
4000011468,64912.59,0.12377752,8034.71940698,1704155010659,true,true
4000011469,64913.72,0.07162254,4649.28550725,1704155010754,false,true
4000011470,64913.17,0.04120734,2674.89906667,1704155010796,false,true
4000011471,64914.67,0.13510397,8770.22962824,1704155010852,false,true
4000011472,64915.69,0.03516423,2282.71025377,1704155010973,false,true
4000011473,64914.72,0.07817500,5074.70823600,1704155010994,false,true
4000011474,64913.95,0.04188111,2718.66828048,1704155011043,true,true
4000011475,64912.41,0.03157329,2049.49834553,1704155011088,true,true
4000011476,64911.72,0.13016911,8449.50082097,1704155011401,false,true
4000011477,64911.82,0.02656900,1724.64214558,1704155011476,false,true
4000011478,64909.71,0.03618585,2348.81302960,1704155011529,true,true
4000011479,64908.68,0.06402928,4156.05604615,1704155011626,true,true
4000011480,64912.62,0.01746120,1133.45224034,1704155011735,false,true
4000011481,64913.64,0.03647942,2368.01193729,1704155011895,false,true
4000011482,64912.84,0.09999854,6491.18922725,1704155012248,true,true
4000011483,64914.35,0.06205941,4028.54626153,1704155012356,true,true
4000011484,64916.88,0.02869591,1862.84894596,1704155012414,false,true
4000011485,64916.10,0.03341504,2169.17407814,1704155013175,false,true
4000011486,64915.27,0.09283814,6026.61292440,1704155013432,false,true
4000011487,64914.03,0.06525086,4235.69628357,1704155013552,true,true
4000011488,64916.25,0.06607646,4289.43599648,1704155013739,false,true
4000011489,64915.70,0.02831651,1838.18606821,1704155014118,false,true
4000011490,64914.39,0.07887971,5120.42825803,1704155014338,true,true
4000011491,64914.03,0.04978386,3231.67098156,1704155014405,false,true
4000011492,64914.13,0.02927122,1900.11578034,1704155014529,true,true
4000011493,64915.19,0.10390087,6744.74471722,1704155014579,false,true
4000011494,64917.07,0.09590383,6225.79564538,1704155014681,true,true
4000011495,64918.27,0.13374167,8682.27784331,1704155014719,true,true
4000011496,64919.97,0.01105465,717.66754636,1704155014737,true,true
4000011497,64918.90,0.05105121,3314.18839687,1704155014749,true,true
4000011498,64920.08,0.02973821,1930.60697226,1704155014988,false,true
4000011499,64919.23,0.03417084,2218.34462125,1704155015127,false,true
4000011500,64920.32,0.04281450,2779.53104064,1704155015229,true,true
4000011501,64920.57,0.28301911,18373.76194209,1704155015513,false,true
4000011502,64921.59,0.04865525,3158.77619185,1704155015648,true,true
4000011503,64919.77,0.03484075,2261.85347663,1704155015767,true,true
4000011504,64919.79,0.02638184,1712.70351261,1704155016127,false,true
4000011505,64921.61,0.03333744,2164.32027808,1704155016178,true,true
4000011506,64923.13,0.10144857,6586.35869842,1704155016226,true,true
4000011507,64923.25,0.05265925,3418.80965256,1704155016234,true,true
4000011508,64925.04,0.08049206,5225.95021518,1704155016310,true,true
4000011509,64925.11,0.03685021,2392.50393777,1704155016426,false,true
4000011510,64925.22,0.09372168,6084.90069277,1704155016523,false,true
4000011511,64924.56,0.01291862,838.73571931,1704155016661,false,true
4000011512,64923.63,0.34280799,22256.33910380,1704155016835,false,true
4000011513,64923.19,0.04057428,2634.21168955,1704155017122,true,true
4000011514,64923.69,0.04754210,3086.60856235,1704155017178,true,true
4000011515,64921.22,0.05310904,3447.90366983,1704155017480,false,true
4000011516,64922.56,0.04861408,3156.15052564,1704155017502,true,true
4000011517,64923.76,0.05268683,3420.62710608,1704155017590,false,true
4000011518,64923.59,0.06421539,4169.09365205,1704155017688,true,true
4000011519,64924.90,0.03800492,2467.46563051,1704155017692,false,true
4000011520,64923.39,0.05755586,3736.72154557,1704155017696,false,true
4000011521,64922.89,0.06207369,4030.00334776,1704155017712,true,true
4000011522,64923.82,0.05643836,3664.19392574,1704155017786,false,true
4000011523,64923.73,0.05042809,3273.97969958,1704155017859,true,true
4000011524,64924.72,0.00732910,475.83976535,1704155017862,true,true
4000011525,64925.63,0.03110951,2019.80453574,1704155017930,true,true
4000011526,64925.47,0.07519214,4881.88502981,1704155017943,false,true
4000011527,64925.93,0.03261604,2117.62672992,1704155017971,true,true
4000011528,64926.65,0.03269260,2122.62099779,1704155018026,true,true
4000011529,64927.50,0.02599779,1687.97151022,1704155018103,false,true
4000011530,64928.86,0.06307593,4095.44822834,1704155018120,true,true
4000011531,64930.13,0.09233397,5995.25667552,1704155018334,true,true
4000011532,64928.49,0.08907761,5783.67471011,1704155018447,true,true
4000011533,64928.22,0.05250769,3409.23084801,1704155018471,true,true
4000011534,64927.97,0.05278259,3427.06642004,1704155018502,false,true
4000011535,64928.79,0.02228096,1446.67577284,1704155018624,false,true
4000011536,64929.71,0.03278470,2128.70106344,1704155018811,true,true
4000011537,64928.59,0.03812118,2475.15446654,1704155018839,true,true
4000011538,64928.51,0.07967461,5173.15371213,1704155018892,false,true
4000011539,64927.52,0.03120378,2025.98405003,1704155018947,false,true
4000011540,64928.99,0.02514300,1632.50959557,1704155019094,false,true
4000011541,64929.07,0.10559554,6856.22020835,1704155019247,false,true
4000011542,64928.96,0.05002765,3248.24328574,1704155019258,true,true
4000011543,64929.42,0.02040514,1324.89390522,1704155019269,true,true
4000011544,64929.23,0.03251221,2110.99276090,1704155019318,false,true
4000011545,64928.82,0.03672045,2384.21548837,1704155019356,false,true
4000011546,64929.12,0.06193875,4021.62853140,1704155019357,true,true
4000011547,64926.77,0.06222239,4039.89880438,1704155019441,false,true
4000011548,64924.84,0.05393730,3501.87057253,1704155019612,false,true
4000011549,64922.23,0.05532743,3591.98013577,1704155019842,true,true
4000011550,64922.08,0.03396094,2204.81486356,1704155019865,true,true
4000011551,64923.70,0.06248168,4056.54184782,1704155020129,false,true
4000011552,64923.11,0.09896017,6424.80200253,1704155020286,true,true
4000011553,64923.56,0.03997518,2595.33099724,1704155020473,false,true
4000011554,64923.67,0.03823213,2482.17019152,1704155020583,true,true
4000011555,64921.12,0.05889736,3823.68257624,1704155020625,false,true
4000011556,64922.95,0.12805937,8313.99207554,1704155020736,true,true
4000011557,64925.44,0.05512598,3579.07850693,1704155020825,true,true
4000011558,64926.03,0.07554620,4904.91484759,1704155020830,false,true
4000011559,64927.85,0.10682477,6935.90264284,1704155021195,true,true
4000011560,64928.19,0.11472032,7448.58273382,1704155021280,false,true
4000011561,64927.75,0.03461234,2247.30135844,1704155021822,false,true
4000011562,64930.04,0.02661990,1728.43117180,1704155021902,true,true
4000011563,64931.11,0.11417358,7413.41728207,1704155021988,true,true
4000011564,64931.66,0.18997544,12335.42067843,1704155022021,true,true
4000011565,64929.24,0.04973526,3229.27263300,1704155022144,false,true
4000011566,64928.82,0.06756759,4387.08388894,1704155022289,true,true
4000011567,64927.47,0.03008213,1953.15659311,1704155022353,true,true
4000011568,64928.70,0.06678998,4336.58657443,1704155022478,false,true
4000011569,64928.33,0.05466206,3549.11627016,1704155022491,false,true
4000011570,64928.47,0.05322707,3455.95221768,1704155022624,true,true
4000011571,64926.39,0.07401880,4805.77347613,1704155022761,true,true
4000011572,64926.58,0.06994978,4541.59998715,1704155022776,true,true
4000011573,64925.58,0.01527578,991.78887645,1704155022901,false,true
4000011574,64926.44,0.06498253,4219.08433509,1704155023017,false,true
4000011575,64924.33,0.03941768,2559.16646415,1704155023231,true,true
4000011576,64923.45,0.10179896,6609.13968961,1704155023241,true,true
4000011577,64923.98,0.03227227,2095.24421203,1704155023574,true,true
4000011578,64923.93,0.08058103,5231.63715105,1704155023683,true,true
4000011579,64923.79,0.02629760,1707.33985990,1704155023761,false,true
4000011580,64925.64,0.13925649,9041.31673740,1704155023845,false,true
4000011581,64925.92,0.03033400,1969.46285728,1704155023859,false,true
4000011582,64926.68,0.02946242,1912.89711537,1704155023969,true,true
4000011583,64929.13,0.03364444,2184.50421854,1704155024226,false,true
4000011584,64928.75,0.08127952,5277.37763420,1704155024282,true,true
4000011585,64928.55,0.06168354,4005.02281107,1704155024329,false,true
4000011586,64927.64,0.11739194,7621.98161922,1704155024418,true,true
4000011587,64926.92,0.02974468,1931.23045879,1704155024667,false,true
4000011588,64928.39,0.02897327,1881.18777414,1704155024702,true,true
4000011589,64930.00,0.04614002,2995.87149860,1704155024723,true,true
4000011590,64930.15,0.11186952,7263.70471403,1704155024794,false,true
4000011591,64927.46,0.01979086,1284.97027102,1704155024887,false,true
4000011592,64926.22,0.03157339,2049.94086529,1704155025816,false,true
4000011593,64926.17,0.00665206,431.89277841,1704155026640,true,true
4000011594,64926.16,0.07053249,4579.40373094,1704155026662,false,true
4000011595,64925.16,0.12643996,8209.13463339,1704155026819,true,true
4000011596,64926.44,0.02423841,1573.71367256,1704155026831,false,true
4000011597,64926.26,0.06865246,4457.34746760,1704155027081,false,true
4000011598,64925.49,0.05490033,3564.43082641,1704155027387,false,true
4000011599,64924.42,0.03621723,2351.38265176,1704155027393,true,true
4000011600,64923.14,0.01746911,1134.14947421,1704155027426,false,true
4000011601,64924.83,0.03328958,2161.32032227,1704155027527,true,true
4000011602,64923.25,0.05221834,3390.18434241,1704155027585,false,true
4000011603,64923.29,0.05061959,3286.39032125,1704155027679,false,true
4000011604,64924.85,0.04371148,2837.96128228,1704155028009,false,true
4000011605,64926.81,0.02589156,1681.05639672,1704155028369,true,true
4000011606,64927.14,0.06206560,4029.74190038,1704155028570,true,true
4000011607,64927.32,0.02823792,1833.41246797,1704155028577,false,true
4000011608,64924.91,0.04307309,2796.51649167,1704155028723,true,true
4000011609,64922.67,0.04550870,2954.54631223,1704155028739,false,true
4000011610,64925.55,0.11979689,7777.87897154,1704155028764,true,true
4000011611,64927.47,0.10676358,6931.88913754,1704155028797,true,true
4000011612,64928.83,0.09531940,6188.97711830,1704155028823,false,true
4000011613,64927.79,0.02559863,1662.06247293,1704155029325,true,true
4000011614,64926.40,0.12629185,8199.67516984,1704155029366,false,true
4000011615,64925.40,0.02137722,1387.92455939,1704155029439,true,true
4000011616,64924.60,0.03566615,2315.61052229,1704155029695,true,true
4000011617,64924.15,0.03444529,2236.33117475,1704155029735,false,true
4000011618,64924.82,0.11063109,7182.70360465,1704155029971,true,true
4000011619,64926.13,0.02697928,1751.66024059,1704155030139,false,true
4000011620,64926.21,0.03262448,2118.18383962,1704155030170,false,true
4000011621,64925.93,0.07572540,4916.54201962,1704155030303,true,true
4000011622,64924.69,0.02076811,1348.36310364,1704155030339,false,true
4000011623,64921.96,0.04902737,3182.95295405,1704155030659,true,true
4000011624,64922.53,0.06229055,4044.06010109,1704155030681,true,true
4000011625,64919.92,0.05148106,3342.14629672,1704155030751,true,true
4000011626,64919.45,0.04336364,2815.14365880,1704155030989,false,true
4000011627,64917.91,0.03712593,2410.13778241,1704155031013,true,true
4000011628,64918.37,0.00674526,437.89128443,1704155031135,false,true
4000011629,64918.55,0.05798338,3764.19695370,1704155031244,false,true
4000011630,64919.08,0.02982201,1936.01745295,1704155031341,true,true
4000011631,64921.95,0.10211315,6629.38481864,1704155031425,true,true
4000011632,64921.35,0.04384174,2846.26494715,1704155031665,false,true
4000011633,64921.99,0.05518982,3583.03294214,1704155031671,true,true
4000011634,64921.36,0.24642841,15998.46751984,1704155031749,true,true
4000011635,64920.81,0.06053031,3929.67675475,1704155031780,true,true
4000011636,64919.81,0.07102941,4611.21580161,1704155031792,false,true
4000011637,64920.09,0.04936866,3205.01785038,1704155031858,false,true
4000011638,64918.52,0.04269482,2771.68452607,1704155031968,false,true
4000011639,64919.99,0.03760169,2441.10133878,1704155032067,true,true
4000011640,64920.97,0.02994886,1944.30904159,1704155032264,true,true
4000011641,64920.91,0.02351250,1526.45289637,1704155032320,true,true
4000011642,64922.18,0.06540394,4246.16636539,1704155032645,true,true
4000011643,64923.68,0.08252958,5358.12404245,1704155032666,false,true
4000011644,64920.29,0.12798998,8309.14661869,1704155032683,false,true
4000011645,64920.58,0.03947250,2562.57759405,1704155032775,true,true
4000011646,64923.42,0.06336807,4114.07182320,1704155032934,true,true
4000011647,64924.74,0.06052316,3929.45042698,1704155032937,false,true
4000011648,64927.17,0.06367472,4134.21937014,1704155033038,true,true
4000011649,64929.13,0.03453670,2242.43788407,1704155033724,false,true
4000011650,64928.00,0.03916543,2542.93303904,1704155033926,true,true
4000011651,64926.63,0.12872036,8357.37918719,1704155033966,true,true
4000011652,64924.77,0.10800808,7012.39975214,1704155033978,false,true
4000011653,64922.66,0.12724718,8261.22540310,1704155033984,true,true
4000011654,64921.89,0.06640639,4311.22834688,1704155034308,true,true
4000011655,64922.54,0.03989396,2590.01721386,1704155034380,true,true
4000011656,64923.64,0.04831702,3136.91681235,1704155034632,false,true
4000011657,64923.62,0.03664151,2378.89947147,1704155034781,false,true
4000011658,64922.34,0.07812705,5072.19090330,1704155034891,true,true
4000011659,64922.11,0.08702536,5649.86999471,1704155035242,true,true
4000011660,64922.16,0.03031019,1967.80300481,1704155035389,true,true
4000011661,64920.57,0.11200354,7271.33365882,1704155035937,false,true
4000011662,64919.27,0.09190006,5966.08480816,1704155035995,true,true
4000011663,64919.35,0.06406350,4158.96077872,1704155036396,true,true
4000011664,64919.72,0.04634271,3008.55575724,1704155036438,true,true
4000011665,64919.73,0.02437959,1582.71640031,1704155036801,false,true
4000011666,64921.10,0.06529171,4238.80963408,1704155036860,false,true
4000011667,64919.45,0.14233736,9240.46312565,1704155036917,true,true
4000011668,64920.03,0.04437730,2880.97564732,1704155037081,true,true
4000011669,64919.55,0.03212494,2085.53664858,1704155037081,false,true
4000011670,64918.32,0.10461553,6791.46445351,1704155037310,false,true
4000011671,64914.51,0.07122490,4623.52948330,1704155037402,false,true
4000011672,64914.68,0.04438940,2881.52369639,1704155037436,true,true
4000011673,64912.34,0.04217735,2737.83048350,1704155037969,true,true
4000011674,64910.20,0.01570167,1019.19854003,1704155038017,false,true
4000011675,64909.16,0.03071745,1993.84387684,1704155038091,true,true
4000011676,64906.94,0.03337556,2166.30547039,1704155038108,false,true
4000011677,64906.61,0.01298743,842.97005391,1704155038238,true,true
4000011678,64908.90,0.07201536,4674.43780070,1704155038298,false,true
4000011679,64909.71,0.09055570,5877.94422585,1704155038334,false,true
4000011680,64912.67,0.04259518,2764.96686293,1704155038341,true,true
4000011681,64911.53,0.01406680,913.09751020,1704155038469,true,true
4000011682,64909.19,0.07865083,5105.16166813,1704155038648,true,true
4000011683,64909.45,0.13682391,8881.16474495,1704155038742,false,true
4000011684,64908.05,0.04242993,2754.04401794,1704155038882,false,true
4000011685,64909.76,0.03462822,2247.70944943,1704155038896,false,true
4000011686,64911.62,0.03967313,2575.24713877,1704155039191,false,true
4000011687,64912.25,0.07545391,4897.88306940,1704155039320,false,true
4000011688,64911.01,0.02613632,1696.53492888,1704155039371,false,true
4000011689,64911.65,0.17595961,11421.82861846,1704155039372,false,true
4000011690,64913.19,0.11746625,7625.10900484,1704155039429,true,true
4000011691,64912.12,0.03404079,2209.65984537,1704155039631,false,true
4000011692,64910.58,0.03883438,2520.76212974,1704155039688,false,true
4000011693,64910.74,0.04258178,2764.01485032,1704155039747,true,true
4000011694,64911.10,0.11509049,7470.65030544,1704155039793,false,true
4000011695,64908.99,0.08958480,5814.85888735,1704155040188,false,true
4000011696,64910.00,0.09549786,6198.76609260,1704155040230,true,true
4000011697,64909.46,0.03537760,2296.34091210,1704155040324,false,true
4000011698,64911.31,0.05358991,3478.59126088,1704155040344,true,true
4000011699,64911.00,0.01793323,1164.06389253,1704155040455,true,true
4000011700,64914.52,0.07290838,4732.81249168,1704155040678,false,true
4000011701,64916.30,0.02577176,1673.00730369,1704155040760,true,true
4000011702,64915.82,0.04140022,2687.52922948,1704155040984,false,true
4000011703,64914.30,0.03312888,2150.53805498,1704155041133,false,true
4000011704,64910.54,0.06368710,4133.96405203,1704155041200,false,true
4000011705,64909.82,0.04328822,2809.83056832,1704155041223,false,true
4000011706,64908.63,0.17913242,11627.23997078,1704155041225,false,true
4000011707,64907.05,0.08118251,5269.31723570,1704155041298,true,true
4000011708,64907.03,0.05167624,3354.15125997,1704155041305,true,true
4000011709,64906.27,0.04865126,3157.77181740,1704155041451,true,true
4000011710,64904.38,0.09027137,5859.00730160,1704155041452,false,true
4000011711,64905.83,0.07516750,4878.80897652,1704155041486,false,true
4000011712,64905.67,0.05098893,3309.47066423,1704155041488,false,true
4000011713,64906.48,0.05066662,3288.59195770,1704155041649,false,true
4000011714,64907.18,0.08464523,5494.08317975,1704155041907,true,true
4000011715,64907.57,0.04706247,3054.71056590,1704155042077,false,true
4000011716,64910.26,0.14780645,9594.15509918,1704155042384,false,true
4000011717,64909.74,0.04688458,3043.26589781,1704155042411,false,true
4000011718,64909.52,0.11056684,7176.84051232,1704155042471,false,true
4000011719,64907.59,0.06047629,3925.37023604,1704155042702,true,true
4000011720,64911.49,0.07578920,4919.58989791,1704155042747,false,true
4000011721,64913.74,0.08499249,5517.18039781,1704155042816,true,true
4000011722,64914.68,0.02588931,1680.59627407,1704155042872,true,true
4000011723,64913.67,0.04133854,2683.43634384,1704155043310,false,true
4000011724,64912.59,0.03750342,2434.44412606,1704155043326,true,true
4000011725,64911.94,0.05501674,3571.24332588,1704155043408,true,true
4000011726,64912.50,0.03862167,2507.02915387,1704155043648,false,true
4000011727,64912.94,0.02279599,1479.75473111,1704155043652,false,true
4000011728,64913.57,0.07472454,4850.63665801,1704155043941,true,true
4000011729,64915.07,0.07193500,4669.66556045,1704155043960,true,true
4000011730,64913.90,0.13013529,8447.58920153,1704155043966,true,true
4000011731,64912.73,0.01268461,823.39266409,1704155044408,true,true
4000011732,64915.68,0.05077220,3295.91188810,1704155044839,false,true
4000011733,64915.22,0.03832624,2487.95630137,1704155045257,false,true
4000011734,64915.52,0.06539112,4244.89855818,1704155045305,false,true
4000011735,64913.84,0.04930014,3200.26139994,1704155045449,false,true
4000011736,64913.87,0.05198418,3374.49430258,1704155045460,false,true
4000011737,64914.57,0.14138423,9177.89649523,1704155045493,false,true
4000011738,64914.83,0.02711517,1760.17665097,1704155045657,false,true
4000011739,64915.30,0.03206044,2081.21308073,1704155045679,true,true
4000011740,64913.65,0.04780505,3103.20028393,1704155045982,false,true
4000011741,64913.33,0.04439748,2881.98827041,1704155046026,true,true
4000011742,64913.00,0.05321651,3454.44331363,1704155046087,true,true
4000011743,64911.79,0.07557909,4905.97401847,1704155046110,true,true
4000011744,64910.33,0.08999994,5841.92580538,1704155046264,true,true
4000011745,64912.34,0.01542283,1001.13198472,1704155046381,false,true
4000011746,64915.98,0.10258936,6659.68884197,1704155046577,false,true
4000011747,64911.87,0.05408341,3510.65527908,1704155047335,false,true
4000011748,64911.35,0.07523177,4883.39575359,1704155047383,true,true
4000011749,64910.23,0.04968622,3225.14396803,1704155047448,false,true
4000011750,64908.00,0.06056584,3931.20754272,1704155047593,false,true
4000011751,64909.27,0.03401992,2208.20817266,1704155047629,false,true
4000011752,64906.96,0.06188218,4016.58418197,1704155047859,false,true
4000011753,64904.20,0.04284757,2780.98725279,1704155047878,true,true
4000011754,64904.38,0.03479660,2258.45174911,1704155047937,false,true
4000011755,64905.45,0.04467566,2899.69381635,1704155048061,true,true
4000011756,64907.42,0.11809034,7664.93929632,1704155048244,true,true
4000011757,64907.05,0.09247881,6002.52674461,1704155048367,false,true
4000011758,64906.49,0.03664031,2378.19391461,1704155048526,true,true
4000011759,64906.86,0.06282087,4077.50541417,1704155048586,false,true
4000011760,64905.57,0.14130235,9171.30956909,1704155048629,true,true
4000011761,64906.34,0.03940160,2557.41364614,1704155048652,true,true
4000011762,64907.11,0.04785909,3106.39521913,1704155048846,false,true
4000011763,64906.58,0.07384127,4792.78429856,1704155048913,false,true
4000011764,64908.09,0.00977955,634.77191156,1704155049005,true,true
4000011765,64910.46,0.03958188,2569.27803846,1704155049188,true,true
4000011766,64909.88,0.03193638,2072.98659343,1704155049208,true,true
4000011767,64912.39,0.05178753,3361.65234450,1704155049358,false,true
4000011768,64911.72,0.04588670,2978.58462212,1704155049484,false,true
4000011769,64911.36,0.04179728,2713.11828910,1704155049772,true,true
4000011770,64910.59,0.02724909,1768.75450886,1704155050079,false,true
4000011771,64911.10,0.04062158,2636.79144154,1704155050251,false,true
4000011772,64909.10,0.04298503,2790.11961077,1704155050280,true,true
4000011773,64907.91,0.09620305,6244.33891113,1704155050289,false,true
4000011774,64906.91,0.08410780,5459.17740490,1704155050353,true,true
4000011775,64909.31,0.06433230,4175.76520371,1704155050638,false,true
4000011776,64907.38,0.06562107,4259.29172650,1704155050910,false,true
4000011777,64908.21,0.02385878,1548.63070258,1704155050928,true,true
4000011778,64909.16,0.03296643,2139.82327950,1704155051276,false,true
4000011779,64908.57,0.04559937,2959.78989960,1704155051383,false,true
4000011780,64908.48,0.07626345,4950.14461906,1704155051459,false,true
4000011781,64908.85,0.13416764,8708.66721961,1704155051510,true,true
4000011782,64908.11,0.04366114,2833.96207785,1704155051633,true,true
4000011783,64905.55,0.03433214,2228.34642938,1704155051693,true,true
4000011784,64905.83,0.07031612,4563.92613098,1704155051766,false,true
4000011785,64905.64,0.01989949,1291.58913412,1704155051812,false,true
4000011786,64906.09,0.05536457,3593.49776323,1704155052057,false,true
4000011787,64903.29,0.04892650,3175.49081819,1704155052668,true,true
4000011788,64903.10,0.07964576,5169.25672586,1704155052693,true,true
4000011789,64902.89,0.03062143,1987.41930293,1704155052696,true,true
4000011790,64899.58,0.19570686,12701.29301712,1704155052756,false,true
4000011791,64902.17,0.12576747,8162.58171841,1704155052784,true,true
4000011792,64903.58,0.03351298,2175.11237847,1704155052850,true,true
4000011793,64902.86,0.12484335,8102.69046698,1704155053011,true,true
4000011794,64904.42,0.01604317,1041.27264381,1704155053065,true,true
4000011795,64904.07,0.09721237,6309.47846735,1704155053260,false,true
4000011796,64903.29,0.16344134,10607.88068801,1704155053348,false,true
4000011797,64901.11,0.02814685,1826.76180800,1704155053393,false,true
4000011798,64901.76,0.02726035,1769.24469322,1704155053750,true,true
4000011799,64900.87,0.04508135,2925.81883577,1704155053801,true,true
4000011800,64900.75,0.04392194,2850.56684745,1704155053841,true,true
4000011801,64900.89,0.05294962,3436.47746316,1704155053952,false,true
4000011802,64900.33,0.05930445,3848.87837547,1704155054032,true,true
4000011803,64897.80,0.04175894,2710.06333633,1704155054136,false,true
4000011804,64897.99,0.04391583,2850.04909618,1704155054287,false,true
4000011805,64896.64,0.04219022,2738.00351886,1704155054457,false,true
4000011806,64894.33,0.02600470,1687.55758335,1704155054561,false,true
4000011807,64895.36,0.01362334,884.09155370,1704155054562,true,true
4000011808,64895.31,0.02148886,1394.52623125,1704155054615,false,true
4000011809,64894.75,0.06873183,4460.33492489,1704155054749,false,true
4000011810,64895.67,0.03256411,2113.26973640,1704155054824,true,true
4000011811,64896.60,0.02244648,1456.70023397,1704155054848,false,true
4000011812,64895.82,0.07473166,4849.77235566,1704155055077,true,true
4000011813,64896.08,0.03748361,2432.53935325,1704155055244,true,true
4000011814,64897.23,0.07736694,5020.90009958,1704155055277,false,true
4000011815,64897.73,0.10449054,6781.19885247,1704155055554,false,true
4000011816,64898.73,0.02391720,1552.19590516,1704155055565,false,true
4000011817,64897.62,0.06251267,4056.92350285,1704155055650,false,true
4000011818,64897.10,0.04674284,3033.47476176,1704155055682,true,true
4000011819,64899.93,0.03426187,2223.59296467,1704155055964,false,true
4000011820,64898.88,0.02264639,1469.72534704,1704155055971,false,true
4000011821,64897.32,0.12310337,7989.07879597,1704155056155,true,true
4000011822,64898.60,0.04903947,3182.59294774,1704155056454,false,true
4000011823,64898.95,0.09236415,5994.33635264,1704155056593,false,true
4000011824,64899.17,0.06720397,4361.48187370,1704155056613,false,true
4000011825,64897.95,0.02601248,1688.15662642,1704155056681,true,true
4000011826,64895.71,0.04090047,2654.26503998,1704155056724,false,true
4000011827,64894.90,0.02779102,1803.49546380,1704155056771,false,true
4000011828,64893.67,0.07380120,4789.23071840,1704155056918,false,true
4000011829,64890.48,0.08526459,5532.86017210,1704155056922,true,true
4000011830,64889.01,0.08696792,5643.26223056,1704155057260,false,true
4000011831,64890.62,0.10109157,6559.89465407,1704155057501,false,true
4000011832,64889.61,0.06932607,4498.54164513,1704155057544,true,true
4000011833,64887.28,0.08532299,5536.37674257,1704155057557,false,true
4000011834,64887.79,0.04330748,2810.12666767,1704155057683,false,true
4000011835,64886.60,0.04367827,2834.13443418,1704155057744,false,true
4000011836,64886.96,0.03976840,2580.45058006,1704155057901,false,true
4000011837,64886.85,0.04662087,3025.08139856,1704155058372,false,true
4000011838,64886.85,0.07722997,5011.20947889,1704155058388,false,true
4000011839,64886.45,0.06939620,4502.87306149,1704155058399,true,true
4000011840,64887.06,0.02887083,1873.34327846,1704155058680,false,true
4000011841,64888.26,0.02166130,1405.56406634,1704155058800,false,true
4000011842,64888.82,0.04671025,3030.97300441,1704155058889,true,true
4000011843,64887.35,0.01296248,841.10097663,1704155059143,false,true
4000011844,64888.92,0.05661051,3673.39485455,1704155059194,false,true
4000011845,64887.54,0.01594980,1034.94328549,1704155059277,false,true
4000011846,64888.18,0.04319055,2802.55618270,1704155059563,true,true
4000011847,64889.22,0.02039368,1323.32998813,1704155059815,true,true
4000011848,64888.57,0.04987864,3236.55362314,1704155059992,false,true
4000011849,64889.33,0.03780358,2453.04897780,1704155060266,true,true
4000011850,64889.07,0.03412279,2214.19610891,1704155060431,false,true
4000011851,64887.42,0.05883036,3817.35027807,1704155060690,false,true
4000011852,64886.95,0.05310709,3445.95709348,1704155060941,true,true
4000011853,64889.20,0.05745889,3728.46140499,1704155061010,false,true
4000011854,64890.92,0.03682385,2389.53350444,1704155061012,true,true
4000011855,64893.00,0.03461573,2246.31856689,1704155061382,false,true
4000011856,64891.26,0.07430309,4821.62113199,1704155061627,false,true
4000011857,64891.19,0.03620007,2349.06562038,1704155061663,true,true
4000011858,64891.10,0.06637832,4307.36220095,1704155061671,true,true
4000011859,64890.99,0.04574049,2968.14567919,1704155061708,true,true
4000011860,64889.42,0.03686579,2392.19973094,1704155061737,true,true
4000011861,64887.29,0.02989471,1939.78671724,1704155061737,false,true
4000011862,64889.21,0.07177303,4657.29521601,1704155062026,false,true
4000011863,64887.80,0.05223587,3389.47068539,1704155062298,false,true
4000011864,64888.52,0.06678921,4333.85298887,1704155062422,true,true
4000011865,64888.88,0.06077975,3943.92990418,1704155062534,false,true
4000011866,64889.52,0.02435105,1580.12794600,1704155062917,true,true
4000011867,64886.67,0.03848770,2497.33868896,1704155062983,false,true
4000011868,64889.44,0.05100734,3309.83772849,1704155063061,true,true
4000011869,64888.47,0.08065279,5233.43614433,1704155063150,false,true
4000011870,64889.95,0.04354788,2825.81975581,1704155063380,false,true
4000011871,64889.95,0.03661455,2375.91631877,1704155063493,false,true
4000011872,64890.59,0.05884484,3818.47638606,1704155063524,true,true
4000011873,64887.48,0.04592070,2979.67850284,1704155063588,true,true
4000011874,64885.14,0.07565738,4909.03969333,1704155063957,false,true
4000011875,64885.43,0.07374177,4784.76645541,1704155064139,true,true
4000011876,64884.28,0.05641509,3660.45249579,1704155064173,false,true
4000011877,64886.75,0.16890348,10959.59788089,1704155064314,true,true
4000011878,64885.94,0.05921573,3842.26830384,1704155064366,true,true
4000011879,64885.97,0.10049058,6520.42875916,1704155064374,true,true
4000011880,64887.86,0.01949648,1265.08486473,1704155064549,false,true
4000011881,64885.67,0.08051114,5224.01926136,1704155064579,false,true
4000011882,64886.34,0.06309316,4093.88423143,1704155064629,false,true
4000011883,64885.42,0.04590016,2978.25115967,1704155064641,false,true
4000011884,64885.16,0.01183099,767.65567911,1704155064674,false,true
4000011885,64884.70,0.06987417,4533.76455820,1704155064675,false,true
4000011886,64880.33,0.06811704,4419.45603382,1704155064800,false,true
4000011887,64879.06,0.04916831,3189.99373459,1704155064970,false,true
4000011888,64877.94,0.06284106,4076.99852022,1704155065066,true,true
4000011889,64880.02,0.10785503,6997.63650350,1704155065149,true,true
4000011890,64878.65,0.03014265,1955.61443942,1704155065326,false,true
4000011891,64881.10,0.02239026,1452.70469809,1704155065676,true,true
4000011892,64882.22,0.04410138,2861.39543946,1704155065864,false,true
4000011893,64884.51,0.07216141,4682.15772876,1704155065893,false,true
4000011894,64884.63,0.02789396,1809.88927383,1704155066045,false,true
4000011895,64882.73,0.07965204,5168.04180527,1704155066360,true,true
4000011896,64882.36,0.03378103,2191.79294963,1704155066398,false,true
4000011897,64880.71,0.05473488,3551.23787616,1704155066409,false,true
4000011898,64880.15,0.07272285,4718.26941643,1704155066634,true,true
4000011899,64882.34,0.03068331,1990.80495175,1704155066883,false,true
4000011900,64883.62,0.06944346,4505.74307013,1704155067102,true,true
4000011901,64885.15,0.10375710,6732.29499707,1704155067223,true,true
4000011902,64882.58,0.07346048,4766.30547044,1704155067403,false,true
4000011903,64884.92,0.03615851,2346.14202867,1704155067615,true,true
4000011904,64882.98,0.02057977,1335.27680531,1704155067648,true,true
4000011905,64884.51,0.04591439,2979.13269710,1704155067723,true,true
4000011906,64884.27,0.06409421,4158.70602708,1704155068005,true,true
4000011907,64883.83,0.03291641,2135.74275065,1704155068295,true,true
4000011908,64883.82,0.01809292,1173.93776455,1704155068830,true,true
4000011909,64884.03,0.05161987,3349.30519368,1704155069137,true,true
4000011910,64886.31,0.06196668,4020.78920815,1704155069312,false,true
4000011911,64887.26,0.12226779,7933.62187936,1704155069579,false,true
4000011912,64888.00,0.12541724,8138.07386912,1704155069980,false,true
4000011913,64888.55,0.05416030,3514.38333457,1704155070043,false,true
4000011914,64888.25,0.09381026,6087.18360345,1704155070274,false,true
4000011915,64887.12,0.04976888,3229.35928883,1704155070362,true,true
4000011916,64886.69,0.02156002,1398.95833413,1704155070461,false,true
4000011917,64888.01,0.04795436,3111.66299122,1704155070613,true,true
4000011918,64885.69,0.05263701,3415.38871339,1704155070763,false,true
4000011919,64885.04,0.05200373,3374.26410120,1704155070774,true,true
4000011920,64886.72,0.03338744,2166.40147080,1704155070782,false,true
4000011921,64887.04,0.04311848,2797.83053650,1704155070936,false,true
4000011922,64889.43,0.03365470,2183.83429982,1704155071041,true,true
4000011923,64889.25,0.05511484,3576.36063147,1704155071452,true,true
4000011924,64888.85,0.01905441,1236.41875233,1704155071469,false,true
4000011925,64887.13,0.05157563,3346.59460864,1704155071560,false,true
4000011926,64883.73,0.10267352,6661.84094983,1704155071665,true,true
4000011927,64883.64,0.05567974,3612.70420545,1704155072021,false,true
4000011928,64884.83,0.04092983,2655.72506148,1704155072712,true,true
4000011929,64887.12,0.01983389,1286.96400050,1704155072724,false,true
4000011930,64887.13,0.04218732,2737.41411719,1704155072789,false,true
4000011931,64889.99,0.00831765,539.73222532,1704155072840,false,true
4000011932,64890.61,0.03305177,2144.74951688,1704155072911,false,true
4000011933,64890.65,0.30592093,19851.40799630,1704155072978,true,true
4000011934,64888.95,0.00846098,549.02410817,1704155073171,true,true
4000011935,64890.97,0.03618809,2348.28026255,1704155073329,false,true
4000011936,64889.77,0.05364863,3481.24726152,1704155073421,false,true
4000011937,64888.39,0.06737812,4372.05772803,1704155073569,false,true
4000011938,64887.05,0.03873910,2513.66591866,1704155073584,false,true
4000011939,64885.21,0.02040009,1323.66412367,1704155073708,false,true
4000011940,64884.77,0.05682439,3687.03747554,1704155073740,false,true
4000011941,64885.55,0.03205514,2079.91538923,1704155073876,false,true
4000011942,64884.62,0.04853635,3149.26262594,1704155073978,true,true
4000011943,64885.57,0.02540608,1648.48798227,1704155074229,true,true
4000011944,64885.67,0.19917227,12923.42618437,1704155074752,false,true
4000011945,64887.32,0.06273201,4070.51200711,1704155075071,false,true
4000011946,64885.87,0.22136998,14363.78374418,1704155075095,false,true
4000011947,64887.58,0.08654919,5615.96749006,1704155075159,false,true
4000011948,64887.55,0.17390153,11284.04422295,1704155075319,true,true
4000011949,64887.74,0.07441323,4828.50632080,1704155075339,true,true
4000011950,64890.48,0.08062436,5231.75342009,1704155075541,false,true
4000011951,64889.01,0.03695542,2398.00061793,1704155075563,true,true
4000011952,64890.47,0.06824718,4428.59158637,1704155075679,true,true
4000011953,64892.82,0.03071293,1993.04863816,1704155075722,true,true
4000011954,64895.01,0.15401219,9994.62261017,1704155075734,true,true
4000011955,64895.68,0.02629756,1706.59803854,1704155075772,false,true
4000011956,64895.74,0.03913255,2539.53579034,1704155075783,false,true
4000011957,64894.45,0.05350226,3471.99973646,1704155076121,false,true
4000011958,64893.85,0.02814615,1826.51203618,1704155076140,false,true
4000011959,64893.04,0.02209217,1433.62807150,1704155076180,true,true
4000011960,64892.59,0.05850524,3796.55655217,1704155076330,true,true
4000011961,64893.83,0.04587439,2976.96486601,1704155076392,true,true
4000011962,64892.69,0.05289041,3432.20098010,1704155076956,false,true
4000011963,64891.80,0.11577512,7512.85593202,1704155077027,true,true
4000011964,64890.95,0.04917073,3190.73538189,1704155077262,true,true
4000011965,64889.66,0.06151787,3991.87366822,1704155077339,true,true
4000011966,64887.95,0.01189380,771.76429971,1704155077347,false,true
4000011967,64884.80,0.02142683,1390.27557918,1704155077480,true,true
4000011968,64884.32,0.04276134,2774.54046819,1704155077649,false,true
4000011969,64887.17,0.05039259,3269.83255407,1704155077775,true,true
4000011970,64888.05,0.05016714,3255.24788868,1704155078022,false,true
4000011971,64888.41,0.01899068,1232.27503002,1704155078047,false,true
4000011972,64885.64,0.04793360,3110.20231350,1704155078047,true,true
4000011973,64886.63,0.04611803,2992.44354894,1704155078133,true,true
4000011974,64886.67,0.02673550,1734.77756578,1704155078175,true,true
4000011975,64887.72,0.03605106,2339.27108698,1704155078342,true,true
4000011976,64889.79,0.08518385,5527.56213789,1704155078439,true,true
4000011977,64889.49,0.01620445,1051.49849623,1704155078528,true,true
4000011978,64888.85,0.02315374,1502.41956180,1704155078552,false,true
4000011979,64889.32,0.10758573,6981.16486140,1704155078652,false,true
4000011980,64890.85,0.03721340,2414.80915739,1704155078796,false,true
4000011981,64889.49,0.05564187,3610.57256695,1704155078992,true,true
4000011982,64887.03,0.04069587,2640.63413757,1704155079074,false,true
4000011983,64886.54,0.02866520,1859.98564641,1704155079074,false,true
4000011984,64888.01,0.10904896,7075.97000697,1704155079102,false,true
4000011985,64888.60,0.04282754,2779.01911204,1704155079125,false,true
4000011986,64889.96,0.04625324,3001.37089347,1704155079143,false,true
4000011987,64888.88,0.06372752,4135.20739798,1704155079342,false,true
4000011988,64888.87,0.04773506,3097.47410278,1704155079637,false,true
4000011989,64887.27,0.10247136,6649.08680359,1704155079670,true,true
4000011990,64886.85,0.10683502,6932.18791749,1704155079738,true,true
4000011991,64888.00,0.13299021,8629.46874648,1704155079810,false,true
4000011992,64892.00,0.05130404,3329.22176368,1704155079952,false,true
4000011993,64890.36,0.04950259,3212.24088603,1704155079958,false,true
4000011994,64890.30,0.10400195,6748.71773609,1704155080051,true,true
4000011995,64890.36,0.03098989,2010.94511846,1704155080184,true,true
4000011996,64890.49,0.11281478,7320.60635344,1704155080265,false,true
4000011997,64890.59,0.16920559,10979.85056640,1704155080392,true,true
4000011998,64890.66,0.02189028,1420.47471678,1704155080480,false,true
4000011999,64890.38,0.02422278,1571.82539886,1704155080580,true,true
4000012000,64890.94,0.12638288,8201.10388311,1704155080688,false,true
4000012001,64890.42,0.13556272,8796.72183714,1704155080706,false,true
4000012002,64889.06,0.10706828,6947.56004502,1704155080709,true,true
4000012003,64891.16,0.14888668,9661.42937375,1704155080717,false,true
4000012004,64894.47,0.19302943,12526.54255425,1704155080773,false,true
4000012005,64894.54,0.10848389,7040.01213896,1704155080794,false,true
4000012006,64895.17,0.08538688,5541.19609337,1704155080822,false,true
4000012007,64899.32,0.18776622,12185.89999697,1704155080898,false,true
4000012008,64898.35,0.24860997,16134.37684655,1704155080980,true,true
4000012009,64900.52,0.48586775,31533.06962623,1704155081020,false,true
4000012010,64902.64,0.18552088,12040.79488712,1704155081059,false,true
4000012011,64901.72,0.23798777,15445.81561196,1704155081061,false,true
4000012012,64903.86,0.18551689,12040.76225620,1704155081184,false,true
4000012013,64905.26,0.07453436,4837.67201473,1704155081202,false,true
4000012014,64905.51,0.06060942,3933.88531590,1704155081225,false,true
4000012015,64908.07,0.21048976,13662.48407636,1704155081251,false,true
4000012016,64908.71,0.28267003,18347.74700296,1704155081277,true,true
4000012017,64908.58,0.12588524,8171.03217136,1704155081313,false,true
4000012018,64908.95,0.35994291,23363.51634804,1704155081322,false,true
4000012019,64909.36,0.17100828,11100.03800950,1704155081327,false,true
4000012020,64912.33,0.13668074,8872.26529952,1704155081342,false,true
4000012021,64914.49,0.23988778,15572.19289593,1704155081345,false,true
4000012022,64913.84,0.13041163,8465.51968396,1704155081352,false,true
4000012023,64914.36,0.14120846,9166.45680749,1704155081366,false,true
4000012024,64914.03,0.16260496,10555.34325159,1704155081373,false,true
4000012025,64913.27,0.12113715,7863.40852498,1704155081388,false,true
4000012026,64913.66,0.09066600,5885.46189756,1704155081392,false,true
4000012027,64916.46,0.09985476,6482.21753335,1704155081414,false,true
4000012028,64916.92,0.08689745,5641.11480985,1704155081463,false,true
4000012029,64919.67,0.17277779,11216.67711013,1704155081485,false,true
4000012030,64918.46,0.21715351,14097.27145279,1704155081490,false,true
4000012031,64918.87,0.09584334,6222.04132983,1704155081630,false,true
4000012032,64918.44,0.04145404,2691.13160850,1704155081639,false,true
4000012033,64920.88,0.17036477,11060.23078940,1704155081646,false,true
4000012034,64921.36,0.07580993,4921.68375710,1704155081702,false,true
4000012035,64923.34,0.12792561,8305.35787274,1704155081759,true,true
4000012036,64923.07,0.09996913,6490.30282483,1704155081779,false,true
4000012037,64923.52,0.06936554,4503.45502350,1704155081798,false,true
4000012038,64924.77,0.19598548,12724.31221234,1704155081861,false,true
4000012039,64924.00,0.27896184,18111.31850016,1704155081873,false,true
4000012040,64924.96,0.64965905,42179.08783489,1704155081894,false,true
4000012041,64927.36,0.32756218,21267.74758324,1704155081954,false,true
4000012042,64926.66,0.16462174,10688.33974159,1704155082096,false,true
4000012043,64924.47,0.18968468,12315.17731612,1704155082121,false,true
4000012044,64926.61,0.07282826,4728.49203400,1704155082124,true,true
4000012045,64925.57,0.38528321,25014.73202068,1704155082152,false,true
4000012046,64929.65,0.16331286,10603.84684030,1704155082216,false,true
4000012047,64932.44,0.51971761,33746.53252827,1704155082229,false,true
4000012048,64933.54,0.15082080,9793.32844963,1704155082274,false,true
4000012049,64933.89,0.12703649,8248.97346765,1704155082297,false,true
4000012050,64937.61,0.08176997,5309.94642157,1704155082324,false,true
4000012051,64936.88,0.05406118,3510.56435832,1704155082333,false,true
4000012052,64936.71,0.24859844,16143.16480473,1704155082339,false,true
4000012053,64939.43,0.26278276,17064.96264823,1704155082368,false,true
4000012054,64940.10,0.19200254,12468.66414785,1704155082414,false,true
4000012055,64939.01,0.10095936,6556.20088863,1704155082430,true,true
4000012056,64939.00,0.11792195,7657.73351105,1704155082455,false,true
4000012057,64939.01,0.30984180,20120.81974862,1704155082456,false,true
4000012058,64942.12,0.16277378,10570.87435361,1704155082473,false,true
4000012059,64942.54,0.17623781,11445.33102544,1704155082526,false,true
4000012060,64944.11,0.52557432,34132.95645126,1704155082528,false,true
4000012061,64946.67,0.37037949,24054.91451180,1704155082566,false,true
4000012062,64946.75,0.14931173,9697.31160038,1704155082572,false,true
4000012063,64948.90,0.16423232,10666.70852845,1704155082580,false,true
4000012064,64949.15,0.14367107,9331.31387609,1704155082604,false,true
4000012065,64951.92,0.07476369,4856.04521178,1704155082648,false,true
4000012066,64953.80,0.10177396,6610.60544305,1704155082750,false,true
4000012067,64954.82,0.42458574,27578.89031627,1704155082760,false,true
4000012068,64955.24,0.17987149,11683.59580211,1704155082772,false,true
4000012069,64957.23,0.08411616,5463.95275184,1704155082775,false,true
4000012070,64959.72,0.24600264,15980.26261366,1704155082812,false,true
4000012071,64958.23,0.11288912,7333.07742146,1704155082829,false,true
4000012072,64958.73,0.60876943,39544.88903562,1704155082942,false,true
4000012073,64959.47,0.16658076,10820.99788180,1704155082966,false,true
4000012074,64961.66,0.11896774,7728.34187685,1704155082985,true,true
4000012075,64961.78,0.11474043,7453.74257077,1704155083043,false,true
4000012076,64965.91,0.24026653,15609.13376399,1704155083062,false,true
4000012077,64966.30,0.14551958,9453.86869015,1704155083067,false,true
4000012078,64969.56,0.17972190,11676.45276536,1704155083123,false,true
4000012079,64970.21,0.15670949,10181.44847429,1704155083134,false,true
4000012080,64968.95,0.06310762,4100.03580840,1704155083195,false,true
4000012081,64971.67,0.39293631,25529.72826434,1704155083242,false,true
4000012082,64972.68,0.25551515,16601.50407610,1704155083272,false,true
4000012083,64974.43,0.09162530,5953.30164108,1704155083403,false,true
4000012084,64972.57,0.56952444,37003.46654461,1704155083459,false,true
4000012085,64974.59,0.07528948,4891.90309431,1704155083476,false,true
4000012086,64972.37,0.16934963,11003.04681972,1704155083526,false,true
4000012087,64969.79,0.07490315,4866.44192584,1704155083607,false,true
4000012088,64970.17,0.23314097,15147.20845486,1704155083672,false,true
4000012089,64971.18,0.12964888,8423.44071928,1704155083735,false,true
4000012090,64974.16,0.25398990,16502.78040098,1704155083776,false,true
4000012091,64977.30,0.09528654,6191.46209554,1704155083780,false,true
4000012092,64979.05,0.24232936,15746.33159991,1704155083801,false,true
4000012093,64981.89,0.08615231,5598.33993167,1704155083810,false,true
4000012094,64982.17,0.11136632,7236.82513851,1704155083862,false,true
4000012095,64982.29,0.12851603,8351.26593111,1704155083906,false,true
4000012096,64984.17,0.25094291,16307.31672373,1704155083937,false,true
4000012097,64982.58,0.10699495,6952.80789797,1704155083985,true,true
4000012098,64986.47,0.15943043,10360.82085628,1704155083988,false,true
4000012099,64986.92,0.78447757,50980.78108338,1704155084011,false,true
4000012100,64987.73,0.13617969,8850.00892520,1704155084018,false,true
4000012101,64989.49,0.48333774,31411.87322035,1704155084027,false,true
4000012102,64991.05,0.23981113,15585.57714039,1704155084131,false,true
4000012103,64993.02,0.10789596,7012.48428620,1704155084132,false,true
4000012104,64993.10,0.09530659,6194.27073453,1704155084132,false,true
4000012105,64993.21,0.04177344,2714.98995834,1704155084145,false,true
4000012106,64995.74,0.07559833,4913.56940111,1704155084157,false,true
4000012107,64997.94,0.05277860,3430.50027608,1704155084160,false,true
4000012108,64998.32,0.22157442,14401.96505497,1704155084196,false,true
4000012109,64999.53,0.09022262,5864.42789537,1704155084221,false,true
4000012110,65001.87,0.18496554,12023.10598556,1704155084296,false,true
4000012111,65003.27,0.06789795,4413.58877630,1704155084299,false,true
4000012112,65003.70,0.30906617,20090.44459483,1704155084350,false,true
4000012113,65003.09,0.34274595,22279.54583499,1704155084398,false,true
4000012114,65004.77,0.20858844,13559.24356686,1704155084401,false,true
4000012115,65003.97,0.09473664,6158.25770446,1704155084419,false,true
4000012116,65007.56,0.19594287,12737.76787810,1704155084433,false,true
4000012117,65010.08,0.05002492,3252.12405119,1704155084457,false,true
4000012118,65009.03,0.36950889,24021.41451528,1704155084469,false,true
4000012119,65010.16,0.06488639,4218.27459572,1704155084490,false,true
4000012120,65011.43,0.08252865,5365.30555247,1704155084520,false,true
4000012121,65011.05,0.28734443,18680.56310595,1704155084528,false,true
4000012122,65011.34,0.41363176,26890.75498416,1704155084598,false,true
4000012123,65009.60,0.09796135,6368.42817896,1704155084612,false,true
4000012124,65012.07,0.13259599,8620.33978360,1704155084644,false,true
4000012125,65011.44,0.13583613,8830.90241533,1704155084711,false,true
4000012126,65011.22,0.13147895,8547.60694382,1704155084723,false,true
4000012127,65013.96,0.10874388,7069.87026456,1704155084730,false,true
4000012128,65014.42,0.12180921,7919.35513881,1704155084765,false,true
4000012129,65015.70,0.27389535,17807.49790699,1704155084856,false,true
4000012130,65017.16,0.12074321,7850.38060348,1704155084876,false,true
4000012131,65017.48,0.28263374,18376.13353778,1704155084924,false,true
4000012132,65016.02,0.20945961,13618.23019295,1704155084954,false,true
4000012133,65017.04,0.11427491,7429.81639447,1704155084956,false,true
4000012134,65016.91,0.04772209,3102.74283054,1704155085022,false,true
4000012135,65016.67,0.27899373,18139.24327548,1704155085045,false,true
4000012136,65019.94,0.10516600,6837.88701004,1704155085048,false,true
4000012137,65019.14,0.07091998,4611.15610842,1704155085083,false,true
4000012138,65019.33,0.29977746,19491.32959830,1704155085093,false,true
4000012139,65020.74,0.11153716,7252.22868070,1704155085119,false,true
4000012140,65019.44,0.24220465,15748.01070840,1704155085132,false,true
4000012141,65018.36,0.16136326,10491.57452945,1704155085147,false,true
4000012142,65018.07,0.14716528,9568.40247661,1704155085152,false,true
4000012143,65020.06,0.24773939,16108.03000216,1704155085161,false,true
4000012144,65020.11,0.31244941,20315.49500764,1704155085165,true,true
4000012145,65023.45,0.34291782,22297.69972288,1704155085182,false,true
4000012146,65023.82,0.22895174,14887.31673045,1704155085199,false,true
4000012147,65024.91,0.06191348,4025.91846479,1704155085254,false,true
4000012148,65025.15,0.10084150,6557.23366373,1704155085265,true,true
4000012149,65023.43,1.15496826,75099.99780633,1704155085365,false,true
4000012150,65024.37,0.13562901,8819.19092897,1704155085379,false,true
4000012151,65026.41,0.21557625,14018.14961876,1704155085393,false,true
4000012152,65031.49,0.07860590,5111.85879979,1704155085413,false,true
4000012153,65032.85,0.26898741,17493.01788642,1704155085422,true,true
4000012154,65033.53,0.11623619,7559.24974945,1704155085453,false,true
4000012155,65034.06,0.14931701,9710.69138736,1704155085456,false,true
4000012156,65033.39,0.27632074,17970.07444951,1704155085467,false,true
4000012157,65033.48,0.23040313,14983.91734679,1704155085477,false,true
4000012158,65035.56,0.07590918,4936.79603044,1704155085523,false,true
4000012159,65033.61,0.10963354,7129.86488328,1704155085524,false,true
4000012160,65035.01,0.11475372,7463.00932774,1704155085564,false,true
4000012161,65036.76,0.08237715,5357.54293403,1704155085572,false,true
4000012162,65034.59,0.12782726,8313.19344492,1704155085596,false,true
4000012163,65032.59,0.12061294,7843.77187571,1704155085716,false,true
4000012164,65033.19,0.13488864,8772.23855396,1704155085716,false,true
4000012165,65036.24,0.09456128,6149.91010079,1704155085731,false,true
4000012166,65037.02,0.15738924,10236.12714966,1704155085731,false,true
4000012167,65037.27,0.09936982,6462.74181319,1704155085735,false,true
4000012168,65037.71,0.13309053,8655.90329389,1704155085757,false,true
4000012169,65038.55,0.18249890,11869.46383259,1704155085788,false,true
4000012170,65037.70,0.29040217,18887.08921181,1704155085998,false,true
4000012171,65038.88,0.21782392,14167.02379401,1704155086053,false,true
4000012172,65038.70,0.10608865,6899.86788076,1704155086060,false,true
4000012173,65040.71,0.11159085,7257.94811350,1704155086087,false,true
4000012174,65041.42,0.23220464,15102.91951619,1704155086144,false,true
4000012175,65043.44,0.35704728,23223.58333384,1704155086158,false,true
4000012176,65043.82,0.13502229,8782.36552675,1704155086202,false,true
4000012177,65046.95,0.04646597,3022.46962729,1704155086270,false,true
4000012178,65048.06,0.04761840,3097.48454030,1704155086305,false,true
4000012179,65047.71,0.29613602,19262.96994951,1704155086309,false,true
4000012180,65049.80,0.18566220,12077.28897756,1704155086309,false,true
4000012181,65048.50,0.10517477,6841.46102635,1704155086318,false,true
4000012182,65050.52,0.15553330,10117.52204232,1704155086355,false,true
4000012183,65053.41,0.32501278,21143.18963258,1704155086403,false,true
4000012184,65052.00,0.07158939,4657.03299828,1704155086420,false,true
4000012185,65050.79,0.23760541,15456.41962877,1704155086539,true,true
4000012186,65052.32,0.24052405,15646.64746830,1704155086593,false,true
4000012187,65052.72,0.16199832,10538.43135143,1704155086636,false,true
4000012188,65052.69,0.12608991,8202.48782736,1704155086645,false,true
4000012189,65052.45,0.25108254,16333.53437922,1704155086651,true,true
4000012190,65052.47,0.09872414,6422.24915563,1704155086665,false,true
4000012191,65054.78,0.09694256,6306.57691344,1704155086667,false,true
4000012192,65052.70,0.17110526,11130.85914720,1704155086695,false,true
4000012193,65052.34,0.09441424,6141.86724132,1704155086706,false,true
4000012194,65054.57,0.40334818,26239.64241018,1704155086740,false,true
4000012195,65054.40,0.10417439,6777.00243682,1704155086764,false,true
4000012196,65053.86,0.19608975,12756.39514394,1704155086782,false,true
4000012197,65055.22,0.38694665,25172.89944401,1704155086786,false,true
4000012198,65056.92,0.18057954,11747.94868742,1704155086823,false,true
4000012199,65056.36,0.14183695,9227.39568050,1704155086869,false,true
4000012200,65057.34,0.10390362,6759.69313357,1704155086910,false,true
4000012201,65058.68,0.42358345,27557.78012685,1704155086956,false,true
4000012202,65058.23,0.37479838,24383.71920967,1704155086978,false,true
4000012203,65058.77,0.09828956,6394.59787744,1704155087000,false,true
4000012204,65060.23,0.36072308,23468.72655111,1704155087014,false,true
4000012205,65060.92,0.17568742,11430.38517763,1704155087101,false,true
4000012206,65060.46,0.04124958,2683.71664961,1704155087205,false,true
4000012207,65060.25,0.26216584,17056.57509186,1704155087215,false,true
4000012208,65058.51,0.40467914,26327.82187648,1704155087263,false,true
4000012209,65061.49,0.11326087,7368.92096090,1704155087314,false,true
4000012210,65062.19,0.10649496,6928.79532156,1704155087333,false,true
4000012211,65064.56,0.12791629,8322.81712568,1704155087402,false,true
4000012212,65065.78,0.15302062,9956.40599638,1704155087403,true,true
4000012213,65066.63,0.16881952,10984.51724462,1704155087406,false,true
4000012214,65068.62,0.27616158,17969.45290762,1704155087409,true,true
4000012215,65071.56,0.28064082,18261.73595708,1704155087416,false,true
4000012216,65073.00,0.30576830,19897.26058590,1704155087419,true,true
4000012217,65077.10,0.12165332,7916.84527097,1704155087427,false,true
4000012218,65079.47,0.31274075,20353.00225740,1704155087430,false,true
4000012219,65080.17,0.22433609,14599.83087434,1704155087442,false,true
4000012220,65082.18,0.16907797,11003.96287757,1704155087457,false,true
4000012221,65081.47,0.12594347,8196.58616450,1704155087508,false,true
4000012222,65082.61,0.03297346,2145.99883753,1704155087539,false,true
4000012223,65083.44,0.11390089,7413.06174026,1704155087563,false,true
4000012224,65085.44,0.49918195,32489.47685581,1704155087578,false,true
4000012225,65084.89,0.37169582,24191.78155816,1704155087613,false,true
4000012226,65086.27,0.37642742,24500.25669352,1704155087638,false,true
4000012227,65087.20,0.17400995,11325.82041764,1704155087651,false,true
4000012228,65089.35,0.20840431,13564.90107510,1704155087688,false,true
4000012229,65091.10,0.20133825,13105.32816457,1704155087706,false,true
4000012230,65093.71,0.14157096,9215.37901466,1704155087737,false,true
4000012231,65095.23,0.24715082,16088.33947259,1704155087802,false,true
4000012232,65095.45,0.23066688,15015.36435370,1704155087829,true,true
4000012233,65098.20,0.16173658,10528.76023216,1704155087846,false,true
4000012234,65098.53,0.12898523,8396.74886471,1704155087846,false,true
4000012235,65098.80,0.08183456,5327.33165453,1704155087993,true,true
4000012236,65097.81,0.10605343,6903.84603599,1704155088016,false,true
4000012237,65100.04,0.24481129,15937.22477145,1704155088084,false,true
4000012238,65100.00,0.10493957,6831.56600700,1704155088159,true,true
4000012239,65099.40,0.17385969,11318.16150319,1704155088262,false,true
4000012240,65102.10,0.23847104,15524.96549318,1704155088266,false,true
4000012241,65103.97,0.20134869,13108.59907330,1704155088342,false,true
4000012242,65103.32,0.13923273,9064.51297566,1704155088421,false,true
4000012243,65102.87,0.17549097,11424.96580608,1704155088487,false,true
4000012244,65105.31,0.17461092,11368.09807599,1704155088515,false,true
4000012245,65104.81,0.21258063,13840.02152583,1704155088583,false,true
4000012246,65103.02,0.11958316,7785.22485714,1704155088592,false,true
4000012247,65105.08,0.19272579,12547.42797601,1704155088593,true,true
4000012248,65105.17,0.08757353,5701.48955815,1704155088636,false,true
4000012249,65105.28,0.32765574,21332.11869631,1704155088643,false,true
4000012250,65104.96,0.10066639,6553.88129429,1704155088691,false,true
4000012251,65105.74,0.11774886,7666.12666446,1704155088709,false,true
4000012252,65106.92,0.16150973,10515.40107033,1704155088710,false,true
4000012253,65107.28,0.11294950,7353.83472236,1704155088726,false,true
4000012254,65106.17,0.11139489,7252.49464547,1704155088771,true,true
4000012255,65105.07,0.11745880,7647.16339612,1704155088910,false,true
4000012256,65106.67,0.10319246,6718.51743971,1704155088915,false,true
4000012257,65108.95,0.23662719,15406.54788235,1704155088920,false,true
4000012258,65110.79,0.20838780,13568.29428436,1704155089004,false,true
4000012259,65110.19,0.19391331,12625.73245763,1704155089048,false,true
4000012260,65111.10,0.04196513,2732.39577594,1704155089049,false,true
4000012261,65111.59,0.35609393,23185.84197165,1704155089088,false,true
4000012262,65112.10,0.06569732,4277.69046957,1704155089092,false,true
4000012263,65115.19,0.12012903,7822.22461297,1704155089105,false,true
4000012264,65117.21,0.18379291,11968.08151698,1704155089143,false,true
4000012265,65117.24,0.08152865,5308.92066893,1704155089148,false,true
4000012266,65116.85,0.10447336,6802.97611212,1704155089164,false,true
4000012267,65118.45,0.17724743,11542.07790808,1704155089175,false,true
4000012268,65120.68,0.30004950,19539.42747366,1704155089212,false,true
4000012269,65121.40,0.10306678,6711.85300709,1704155089240,false,true
4000012270,65122.14,0.13624591,8872.62522545,1704155089249,false,true
4000012271,65122.34,0.14160685,9221.76943203,1704155089279,false,true
4000012272,65124.51,0.29743384,19370.23308742,1704155089316,true,true
4000012273,65126.43,0.05661160,3686.91140459,1704155089348,false,true
4000012274,65127.22,0.10210625,6649.89620712,1704155089439,false,true
4000012275,65125.43,0.24390938,15884.70325353,1704155089442,false,true
4000012276,65125.81,0.12005243,7818.51174622,1704155089489,false,true
4000012277,65126.76,0.08298062,5404.25892339,1704155089556,true,true
4000012278,65127.87,0.07215141,4699.06765080,1704155089576,false,true
4000012279,65129.69,0.30119752,19616.90110637,1704155089603,false,true
4000012280,65132.00,0.15953033,10390.52945356,1704155089665,false,true
4000012281,65134.95,0.29410731,19156.66493148,1704155089667,false,true
4000012282,65133.69,0.17729249,11547.71408299,1704155089685,false,true
4000012283,65136.30,0.35849166,23350.82031326,1704155089693,true,true
4000012284,65137.01,0.14697974,9573.82079418,1704155089704,false,true
4000012285,65136.82,0.08758793,5705.19923058,1704155089717,false,true
4000012286,65135.22,0.19271255,12552.37434101,1704155089719,false,true
4000012287,65137.41,0.30095688,19603.55168488,1704155089727,false,true
4000012288,65139.14,0.15962366,10397.74793605,1704155089739,false,true
4000012289,65137.57,0.36525624,23791.90390094,1704155089757,false,true
4000012290,65138.32,0.54531838,35521.12313832,1704155089830,false,true
4000012291,65139.70,0.16869141,10988.50783998,1704155089846,false,true
4000012292,65140.65,0.24533824,15981.49242346,1704155089894,false,true
4000012293,65141.18,0.20531149,13374.23272616,1704155089900,false,true
4000012294,65139.95,0.37544747,24456.62942343,1704155089966,false,true
4000012295,65137.08,0.03911080,2547.56330846,1704155089999,false,true
4000012296,65137.16,0.30848320,20093.71955571,1704155090012,false,true
4000012297,65136.98,0.21797224,14198.05343744,1704155090050,false,true
4000012298,65137.20,0.16686287,10868.98013576,1704155090066,false,true
4000012299,65138.77,0.12054924,7852.42921803,1704155090148,false,true
4000012300,65139.14,0.21092440,13739.43402102,1704155090152,false,true
4000012301,65140.74,0.22563747,14698.19176753,1704155090163,false,true
4000012302,65140.28,0.06645820,4329.10575630,1704155090191,false,true
4000012303,65141.20,0.06909089,4500.66348367,1704155090219,false,true
4000012304,65138.76,0.36808512,23976.60829125,1704155090243,false,true
4000012305,65140.56,0.14941052,9732.68494269,1704155090277,false,true
4000012306,65137.35,0.15610680,10168.38326898,1704155090277,false,true
4000012307,65137.57,0.16662798,10853.74171121,1704155090313,false,true
4000012308,65138.82,0.06502861,4235.88692164,1704155090314,false,true
4000012309,65138.17,0.71885466,46824.87704837,1704155090314,false,true
4000012310,65141.80,0.09900383,6449.28769309,1704155090329,false,true
4000012311,65143.86,0.29071712,18938.43536488,1704155090361,true,true
4000012312,65143.65,0.12306705,8017.03683173,1704155090396,false,true
4000012313,65146.90,0.42264656,27534.11317966,1704155090403,false,true
4000012314,65150.70,0.08170454,5323.10797418,1704155090487,false,true
4000012315,65151.37,0.10219952,6658.43874134,1704155090578,false,true
4000012316,65152.06,0.25201248,16419.13221771,1704155090593,false,true
4000012317,65151.04,0.22973603,14967.54127997,1704155090622,false,true
4000012318,65149.90,0.21439756,13967.97959424,1704155090653,false,true
4000012319,65151.95,0.11536100,7515.99410395,1704155090691,false,true
4000012320,65155.26,0.15482225,10087.48395253,1704155090698,false,true
4000012321,65157.38,0.27703795,18051.06698257,1704155090748,false,true
4000012322,65157.48,0.03565824,2323.40105964,1704155090803,false,true
4000012323,65160.32,0.15094743,9835.78284198,1704155090864,false,true
4000012324,65162.45,0.25570742,16662.52197038,1704155090924,false,true
4000012325,65163.10,0.19471128,12687.99060977,1704155090927,false,true
4000012326,65163.75,0.08576682,5588.88761677,1704155091041,true,true
4000012327,65164.36,0.05157272,3360.70329226,1704155091068,false,true
4000012328,65164.13,0.33921462,22104.62559558,1704155091121,false,true
4000012329,65164.00,0.14454545,9419.15970380,1704155091142,false,true
4000012330,65162.71,0.10233134,6668.18743233,1704155091189,false,true
4000012331,65163.53,0.06912976,4504.73918965,1704155091191,false,true
4000012332,65166.14,0.10824762,7054.07955959,1704155091197,false,true
4000012333,65166.51,0.03432010,2236.52113985,1704155091225,false,true
4000012334,65168.74,0.10289461,6705.51208649,1704155091226,false,true
4000012335,65168.67,0.12743871,8305.01123722,1704155091291,false,true
4000012336,65169.85,0.39357086,25648.95391057,1704155091332,true,true
4000012337,65172.15,0.03749886,2443.88132875,1704155091334,false,true
4000012338,65174.47,0.18423520,12007.43151534,1704155091391,false,true
4000012339,65175.93,0.20991099,13681.14399047,1704155091443,false,true
4000012340,65175.49,0.27195365,17724.71239604,1704155091507,false,true
4000012341,65178.06,0.25363465,16531.41443578,1704155091512,false,true
4000012342,65180.38,0.12311906,8024.94711604,1704155091513,false,true
4000012343,65181.55,0.26132489,17033.56138378,1704155091520,false,true
4000012344,65180.57,0.10219221,6660.94649736,1704155091523,false,true
4000012345,65182.13,0.20349862,13264.47350366,1704155091553,false,true
4000012346,65180.55,0.15269841,9952.96634793,1704155091561,true,true
4000012347,65182.04,0.08282676,5398.81718339,1704155091586,false,true
4000012348,65178.88,0.21033138,13709.16377725,1704155091639,true,true
4000012349,65179.67,0.16160565,10533.40293714,1704155091649,false,true
4000012350,65182.14,0.31797419,20726.23816897,1704155091693,false,true
4000012351,65183.58,0.09474535,6175.84110135,1704155091729,false,true
4000012352,65184.76,0.08576305,5590.44383112,1704155091735,false,true
4000012353,65186.21,0.12186959,7944.21668635,1704155091758,false,true
4000012354,65186.21,0.34711557,22627.14844029,1704155091789,false,true
4000012355,65187.72,0.06937273,4522.25009888,1704155091811,false,true
4000012356,65188.07,0.16121141,10509.06067988,1704155091833,false,true
4000012357,65189.04,0.15502257,10105.77251663,1704155091842,false,true
4000012358,65190.71,0.12304587,8021.44762787,1704155091852,false,true
4000012359,65193.43,0.24079780,15698.43451845,1704155091995,false,true
4000012360,65193.59,0.06678456,4353.92522297,1704155092003,false,true
4000012361,65195.05,0.33097464,21577.90820353,1704155092210,true,true
4000012362,65195.85,0.09228075,6016.32193489,1704155092211,true,true
4000012363,65196.42,0.23160667,15099.92573212,1704155092229,false,true
4000012364,65198.08,0.07354948,4795.28488100,1704155092297,false,true
4000012365,65199.64,0.13944070,9091.48344135,1704155092414,false,true
4000012366,65198.99,0.06592112,4297.99044367,1704155092461,false,true
4000012367,65200.97,0.20291408,13230.19484266,1704155092496,false,true
4000012368,65201.00,0.18410757,12003.99767157,1704155092518,false,true
4000012369,65200.51,0.13733961,8954.61261520,1704155092608,false,true
4000012370,65200.44,0.08882954,5791.72509300,1704155092630,false,true
4000012371,65201.30,0.16491422,10752.62153249,1704155092642,true,true
4000012372,65201.80,0.09220244,6011.76505239,1704155092662,false,true
4000012373,65203.38,0.12725147,8297.22595397,1704155092674,false,true
4000012374,65203.91,0.38774296,25282.35706697,1704155092757,false,true
4000012375,65204.97,0.10103374,6587.90198569,1704155092807,false,true
4000012376,65205.92,0.30085138,19617.29101617,1704155092857,false,true
4000012377,65204.56,0.26208814,17089.34184992,1704155092874,false,true
4000012378,65205.85,0.09739845,6350.94872093,1704155092928,false,true
4000012379,65208.14,0.47753615,31139.24412426,1704155093000,false,true
4000012380,65209.41,0.04353308,2838.76646228,1704155093032,false,true
4000012381,65211.81,0.11467150,7477.93607042,1704155093092,false,true
4000012382,65214.01,0.07484115,4880.69150451,1704155093117,false,true
4000012383,65211.64,0.12108384,7896.07578390,1704155093118,false,true
4000012384,65212.33,0.17938949,11698.40662041,1704155093160,false,true
4000012385,65213.11,0.25864424,16866.99527399,1704155093271,false,true
4000012386,65212.18,0.14380282,9377.69538235,1704155093318,false,true
4000012387,65214.70,0.12566528,8195.22353562,1704155093354,false,true
4000012388,65214.95,0.21697136,14149.77639383,1704155093375,false,true
4000012389,65215.40,0.17049114,11118.64789156,1704155093390,false,true
4000012390,65214.79,0.10746874,7008.55131066,1704155093415,true,true
4000012391,65215.32,0.29212650,19051.12317798,1704155093463,false,true
4000012392,65217.85,0.12342701,8049.64422413,1704155093469,false,true
4000012393,65219.63,0.13269655,8654.41989328,1704155093540,false,true
4000012394,65220.39,0.08611676,5616.56867274,1704155093572,false,true
4000012395,65221.36,0.05803006,3784.79943408,1704155093720,false,true
4000012396,65223.97,0.14288387,9319.45325036,1704155093742,false,true
4000012397,65225.69,0.12910390,8420.89095919,1704155093779,false,true
4000012398,65226.94,0.10961118,7149.60186119,1704155093839,false,true
4000012399,65228.32,0.09628601,6280.57467180,1704155093849,false,true
4000012400,65228.70,0.26378388,17206.27957336,1704155093879,false,true
4000012401,65228.74,0.41798180,27264.42615693,1704155093886,false,true
4000012402,65227.12,0.08673765,5657.64710507,1704155093886,false,true
4000012403,65229.23,0.21444054,13987.79130498,1704155093926,false,true
4000012404,65230.19,0.24181895,15773.89605410,1704155093935,false,true
4000012405,65230.52,0.12581806,8207.17747919,1704155093966,false,true
4000012406,65231.65,0.28256933,18432.46363529,1704155093981,false,true
4000012407,65231.03,0.16356489,10669.50624654,1704155093996,true,true
4000012408,65231.51,0.07055427,4602.36156905,1704155094012,false,true
4000012409,65232.80,0.07338328,4786.99682758,1704155094061,true,true
4000012410,65236.86,0.11956359,7799.95318193,1704155094065,false,true
4000012411,65237.00,0.29603388,19312.36222956,1704155094067,false,true
4000012412,65238.91,0.21649538,14123.92261124,1704155094071,false,true
4000012413,65239.90,0.09552861,6232.27696354,1704155094083,false,true
4000012414,65238.08,0.23086069,15060.90816308,1704155094127,false,true
4000012415,65240.07,0.38161181,24896.38119723,1704155094143,false,true
4000012416,65242.09,0.64947705,42373.24014903,1704155094181,false,true
4000012417,65241.60,0.11047554,7207.60099046,1704155094289,true,true
4000012418,65239.58,0.07575637,4942.31376112,1704155094309,true,true
4000012419,65239.49,0.04786203,3122.49442756,1704155094339,false,true
4000012420,65240.72,0.16215508,10579.11417086,1704155094356,false,true
4000012421,65242.95,0.04468260,2915.22463767,1704155094374,false,true
4000012422,65245.19,0.23347187,15232.91651781,1704155094399,false,true
4000012423,65246.26,0.25735060,16791.16415876,1704155094439,true,true
4000012424,65248.90,0.09965494,6502.37521457,1704155094450,false,true
4000012425,65252.47,0.20124334,13131.62500605,1704155094469,false,true
4000012426,65254.46,0.05748809,3751.35426938,1704155094480,false,true
4000012427,65256.62,0.13016640,8494.21930157,1704155094490,true,true
4000012428,65256.87,0.09341815,6096.17607019,1704155094509,false,true
4000012429,65256.39,0.36486053,23809.48104129,1704155094619,true,true
4000012430,65257.52,0.11149909,7276.15409566,1704155094619,true,true
4000012431,65256.22,0.13268529,8658.54047500,1704155094649,false,true
4000012432,65257.11,0.10165899,6633.97189292,1704155094666,false,true
4000012433,65256.12,0.06737513,4396.63956830,1704155094733,false,true
4000012434,65257.85,0.35950966,23460.82746583,1704155094746,false,true
4000012435,65257.46,0.19548942,12757.14300607,1704155094823,false,true
4000012436,65259.30,0.14497335,9460.85933966,1704155094877,false,true
4000012437,65260.60,0.07543320,4922.81589192,1704155094878,false,true
4000012438,65260.86,0.14676617,9578.08647311,1704155094922,false,true
4000012439,65261.02,0.07640676,4986.38309250,1704155094965,true,true
4000012440,65262.21,0.10383509,6776.50744895,1704155094970,true,true
4000012441,65261.29,0.08785337,5733.42425705,1704155094984,false,true
4000012442,65264.04,0.36309929,23697.32658653,1704155094984,false,true
4000012443,65264.58,0.09955996,6497.73897422,1704155095010,false,true
4000012444,65265.74,0.32006940,20889.56624236,1704155095011,false,true
4000012445,65263.89,0.16073113,10489.93878790,1704155095036,false,true
4000012446,65266.30,0.04674585,3050.92866985,1704155095069,false,true
4000012447,65270.10,0.17016754,11106.85235255,1704155095081,false,true
4000012448,65270.86,0.15223829,9936.72411323,1704155095099,false,true
4000012449,65269.50,0.16008153,10448.44142233,1704155095127,false,true
4000012450,65268.77,0.08846576,5774.05134232,1704155095204,false,true
4000012451,65269.38,0.06948840,4535.46478519,1704155095210,false,true
4000012452,65269.74,0.13071663,8531.84045378,1704155095236,false,true
4000012453,65272.40,0.28961538,18903.89092951,1704155095253,false,true
4000012454,65272.93,0.40756861,26603.19735073,1704155095257,false,true
4000012455,65270.71,0.07025852,4585.82348395,1704155095294,false,true
4000012456,65270.30,0.22799300,14881.17150790,1704155095361,true,true
4000012457,65268.91,0.19469231,12707.35485908,1704155095389,false,true
4000012458,65269.23,0.06182597,4035.33345590,1704155095473,false,true
4000012459,65270.54,0.06159075,4020.06151150,1704155095486,false,true
4000012460,65271.08,0.31464872,20537.46177502,1704155095567,false,true
4000012461,65271.27,0.13978012,9123.62595315,1704155095570,false,true
4000012462,65272.88,0.22565303,14729.02314883,1704155095588,false,true
4000012463,65273.83,0.12978875,8471.80880341,1704155095611,false,true
4000012464,65275.90,0.13751188,8976.21172769,1704155095623,false,true
4000012465,65277.31,0.23033220,15035.46642238,1704155095625,false,true
4000012466,65277.98,0.05129982,3348.74862396,1704155095664,false,true
4000012467,65276.71,0.12268646,8008.56847035,1704155095682,true,true
4000012468,65279.71,0.11903432,7770.52588965,1704155095685,false,true
4000012469,65281.03,0.12389132,8087.75297766,1704155095708,false,true
4000012470,65284.81,0.25110009,16393.02166663,1704155095710,false,true
4000012471,65285.81,0.13722518,8958.85702870,1704155095766,false,true
4000012472,65287.61,0.05680646,3708.75800596,1704155095773,false,true
4000012473,65290.77,0.13649893,8912.12024388,1704155095818,false,true
4000012474,65294.29,0.26852255,17532.98925124,1704155095833,false,true
4000012475,65294.40,0.29755680,19428.79272192,1704155095839,false,true
4000012476,65294.21,0.24823546,16208.33825469,1704155095846,false,true
4000012477,65294.14,0.08332094,5440.36912129,1704155095847,false,true
4000012478,65294.81,0.13883595,9065.26697642,1704155095893,false,true
4000012479,65294.82,0.33868748,22114.53804285,1704155095965,false,true
4000012480,65296.48,0.13791949,9005.65722040,1704155096007,false,true
4000012481,65300.13,0.13399219,8749.70742598,1704155096017,false,true
4000012482,65299.43,0.09484787,6193.51184771,1704155096036,false,true
4000012483,65300.03,0.10261876,6701.00810656,1704155096055,false,true
4000012484,65302.52,0.10843435,7081.03630956,1704155096118,false,true
4000012485,65301.45,0.10348458,6757.69312664,1704155096150,true,true
4000012486,65303.18,0.08328095,5438.51086842,1704155096231,false,true
4000012487,65303.68,0.28483270,18600.62349434,1704155096231,false,true
4000012488,65303.82,0.13101366,8555.69247018,1704155096238,false,true
4000012489,65305.39,0.08958525,5850.39968950,1704155096249,true,true
4000012490,65305.90,0.11109015,7254.84222688,1704155096417,false,true
4000012491,65306.42,0.13415704,8761.31600020,1704155096430,false,true
4000012492,65307.35,0.04563380,2980.22254843,1704155096443,true,true
4000012493,65310.70,0.17568982,11474.42512707,1704155096454,false,true
4000012494,65312.84,0.19898549,12996.30747069,1704155096499,false,true
4000012495,65313.45,0.12813281,8368.79587929,1704155096539,true,true
4000012496,65315.57,0.09780973,6388.49826650,1704155096589,false,true
4000012497,65317.12,0.12073841,7886.28521458,1704155096607,false,true
4000012498,65317.03,0.13637479,8907.59624967,1704155096614,true,true
4000012499,65317.43,0.09078857,5930.07606578,1704155096617,false,true
4000012500,65318.45,0.29520104,19282.07437119,1704155096659,false,true
4000012501,65321.32,0.12469823,8145.45298526,1704155096693,false,true
4000012502,65322.74,0.51603752,33708.98474920,1704155096815,false,true
4000012503,65324.39,0.39680903,25921.30783124,1704155096834,false,true
4000012504,65328.02,0.08080704,5278.96392526,1704155096854,false,true
4000012505,65331.80,0.07865124,5138.42708143,1704155096878,false,true
4000012506,65332.84,0.21706756,14181.64016667,1704155096922,false,true
4000012507,65332.79,0.14824726,9685.40710566,1704155096947,false,true
4000012508,65331.76,0.14419020,9420.19954075,1704155096967,false,true
4000012509,65330.71,0.38229823,24975.81479764,1704155096984,true,true
4000012510,65330.76,0.23578734,15404.16612058,1704155097008,false,true
4000012511,65330.59,0.20481504,13380.68740407,1704155097045,false,true
4000012512,65331.71,0.20144682,13160.86522466,1704155097054,false,true
4000012513,65331.76,0.13924499,9097.12026788,1704155097088,false,true
4000012514,65333.15,0.13890079,9074.82614819,1704155097094,false,true
4000012515,65330.05,0.12054466,7875.18866503,1704155097097,false,true
4000012516,65329.27,0.12093825,7900.80758758,1704155097106,false,true
4000012517,65329.25,0.10637068,6949.11674639,1704155097126,false,true
4000012518,65328.82,0.15722518,10271.33548369,1704155097172,true,true
4000012519,65327.78,0.09620770,6285.03545991,1704155097280,false,true
4000012520,65329.10,0.15388774,10053.34755523,1704155097339,false,true
4000012521,65333.46,0.14706248,9608.10065458,1704155097359,false,true
4000012522,65332.88,0.11558503,7551.50289479,1704155097375,false,true
4000012523,65331.18,0.11550355,7545.98321569,1704155097393,false,true
4000012524,65331.70,0.09309060,6081.76715202,1704155097487,true,true
4000012525,65331.40,0.33980193,22199.73580960,1704155097544,false,true
4000012526,65328.47,0.20014232,13074.99154785,1704155097548,false,true
4000012527,65330.15,0.17855948,11665.31761232,1704155097560,false,true
4000012528,65329.50,0.13313118,8697.39342381,1704155097563,false,true
4000012529,65330.37,0.20619813,13471.00012621,1704155097565,false,true
4000012530,65332.59,0.07193794,4699.89193946,1704155097594,false,true
4000012531,65332.33,0.08771580,5730.67759181,1704155097637,false,true
4000012532,65332.87,0.06242063,4078.11890511,1704155097685,false,true
4000012533,65334.62,0.12047711,7871.32620055,1704155097736,false,true
4000012534,65335.54,0.11417322,7459.56898224,1704155097781,false,true
4000012535,65335.70,0.21437051,14006.04733021,1704155097782,false,true
4000012536,65339.13,0.14564663,9516.42409163,1704155097818,false,true
4000012537,65340.64,0.25014853,16344.86504526,1704155097822,false,true
4000012538,65345.03,0.14293073,9339.81283977,1704155097827,false,true
4000012539,65344.53,0.06606848,4317.21377341,1704155097847,false,true
4000012540,65342.87,0.20545782,13425.20362274,1704155097925,true,true
4000012541,65345.01,0.24623614,16090.30303066,1704155098013,false,true
4000012542,65346.89,0.39604655,25880.41033773,1704155098017,false,true
4000012543,65347.81,0.19069079,12461.22551367,1704155098021,false,true
4000012544,65348.55,0.06653503,4347.96773471,1704155098060,false,true
4000012545,65350.42,0.13978232,9134.83332057,1704155098071,true,true
4000012546,65352.03,0.09557243,6245.85231253,1704155098079,false,true
4000012547,65352.42,0.10191892,6660.64806579,1704155098087,false,true
4000012548,65352.47,0.11796712,7709.44267079,1704155098125,true,true
4000012549,65355.59,0.23063208,15073.09566133,1704155098141,false,true
4000012550,65354.34,0.09411054,6150.53222874,1704155098163,false,true
4000012551,65354.04,0.26242653,17150.63393868,1704155098172,false,true
4000012552,65352.69,0.07845151,5127.01721306,1704155098176,false,true
4000012553,65355.04,0.13838661,9044.26243201,1704155098185,false,true
4000012554,65355.42,0.19957875,13043.55302932,1704155098217,false,true
4000012555,65354.23,0.17903647,11700.79063877,1704155098228,false,true
4000012556,65356.04,0.08279108,5410.89713612,1704155098252,false,true
4000012557,65356.56,0.13625834,8905.37637371,1704155098267,false,true
4000012558,65358.07,0.07284638,4761.09880329,1704155098273,false,true
4000012559,65360.26,0.18500690,12092.09908579,1704155098290,true,true
4000012560,65357.59,0.39620498,25895.00263880,1704155098313,false,true
4000012561,65356.70,0.11025725,7206.05001108,1704155098322,false,true
4000012562,65357.57,0.08278092,5410.35977356,1704155098330,true,true
4000012563,65359.46,0.26651569,17419.32157993,1704155098334,false,true
4000012564,65361.95,0.10664194,6970.32515018,1704155098345,false,true
4000012565,65362.79,0.32596288,21305.84327324,1704155098367,false,true
4000012566,65363.26,0.11039715,7215.91761871,1704155098465,false,true
4000012567,65365.92,0.22218366,14523.23934487,1704155098497,true,true
4000012568,65366.12,0.14822832,9689.11015252,1704155098507,false,true
4000012569,65365.66,0.41798918,27322.13862356,1704155098541,false,true
4000012570,65366.97,0.21793475,14245.73426521,1704155098586,false,true
4000012571,65368.76,0.09024604,5899.27172971,1704155098588,false,true
4000012572,65369.96,0.15949657,10426.28440104,1704155098691,false,true
4000012573,65369.26,0.19982749,13062.57514896,1704155098755,false,true
4000012574,65368.86,0.14565912,9521.57062300,1704155098774,false,true
4000012575,65369.57,0.31397706,20524.54540206,1704155098951,false,true
4000012576,65370.83,0.41566060,27172.07842030,1704155099092,false,true
4000012577,65374.26,0.57036596,37287.25256419,1704155099126,false,true
4000012578,65374.37,0.21665694,14163.81095863,1704155099143,false,true
4000012579,65375.97,0.11314526,7396.98112340,1704155099167,false,true
4000012580,65376.19,0.14169536,9263.50277748,1704155099209,false,true
4000012581,65377.12,0.06654937,4350.80614841,1704155099233,false,true
4000012582,65378.53,0.20486887,13394.02556336,1704155099268,true,true
4000012583,65379.91,0.11862302,7755.56237153,1704155099282,true,true
4000012584,65378.71,0.14890576,9735.26650037,1704155099311,false,true
4000012585,65379.38,0.13375426,8744.77059116,1704155099320,false,true
4000012586,65381.90,0.31606642,20665.02306580,1704155099320,false,true
4000012587,65380.03,0.29512307,19295.15517029,1704155099375,false,true
4000012588,65380.14,0.05916035,3867.91196545,1704155099428,false,true
4000012589,65382.00,0.43367758,28354.70753556,1704155099466,false,true
4000012590,65381.48,0.33889317,22157.33701649,1704155099478,true,true
4000012591,65381.03,0.10188612,6661.41946830,1704155099535,false,true
4000012592,65380.12,0.30704468,20074.61802376,1704155099585,true,true
4000012593,65381.40,0.10496682,6862.87764515,1704155099589,false,true
4000012594,65383.62,0.37083400,24246.46933908,1704155099629,false,true
4000012595,65383.46,0.18083103,11823.35841676,1704155099735,true,true
4000012596,65382.88,0.13541359,8853.73050534,1704155099738,false,true
4000012597,65385.54,0.15954199,10431.73916882,1704155099751,false,true
4000012598,65385.59,0.07901229,5166.26519890,1704155099765,false,true
4000012599,65385.45,0.06476972,4234.99728857,1704155099766,false,true
4000012600,65387.02,0.32899168,21511.78555999,1704155099781,false,true
4000012601,65388.76,0.37251973,24358.60322023,1704155099805,false,true
4000012602,65388.75,0.17148336,11213.08255620,1704155099901,false,true
4000012603,65387.94,0.12235570,8000.58717026,1704155099917,false,true
4000012604,65388.53,0.05326777,3483.10117668,1704155099943,false,true
4000012605,65387.91,0.15355245,10040.47378088,1704155099954,false,true
4000012606,65388.67,0.14378797,9402.10412030,1704155099985,false,true
4000012607,65388.10,0.11842686,7743.70736437,1704155099994,false,true
4000012608,65388.74,0.02126950,1390.78580543,1704155100010,false,true
4000012609,65390.01,0.24754762,16187.14134728,1704155100012,false,true
4000012610,65391.44,0.17290274,11306.35914855,1704155100034,true,true
4000012611,65392.66,0.15091516,9868.74374673,1704155100058,false,true
4000012612,65393.93,0.19103030,12492.22206608,1704155100066,false,true
4000012613,65394.71,0.12568422,8219.08311848,1704155100092,false,true
4000012614,65392.83,0.58095178,37990.08098774,1704155100118,false,true
4000012615,65395.10,0.16903376,11053.97963858,1704155100136,false,true
4000012616,65396.02,0.13694732,8955.80967767,1704155100155,false,true
4000012617,65395.71,0.13480471,8815.64972179,1704155100168,false,true
4000012618,65394.38,0.10235534,6693.46399899,1704155100241,false,true
4000012619,65395.32,0.17742547,11602.79538680,1704155100253,false,true
4000012620,65395.95,0.07308652,4779.56240759,1704155100274,false,true
4000012621,65395.25,0.17430595,11398.78117674,1704155100293,false,true
4000012622,65396.68,0.12944400,8465.20784592,1704155100348,false,true
4000012623,65396.98,0.19896911,13011.97890729,1704155100411,false,true
4000012624,65400.43,0.16731071,10942.19237761,1704155100415,true,true
4000012625,65398.55,0.19501149,12753.46867934,1704155100451,false,true
4000012626,65398.94,0.11034784,7216.63176729,1704155100527,true,true
4000012627,65397.89,0.04427042,2895.19205741,1704155100536,false,true
4000012628,65398.92,0.05607397,3667.17707811,1704155100547,false,true
4000012629,65398.34,0.13113475,8575.99496632,1704155100578,false,true
4000012630,65397.91,0.06744111,4410.50764208,1704155100638,false,true
4000012631,65399.33,0.19212456,12564.81750054,1704155100638,false,true
4000012632,65403.23,0.15630669,10222.96239661,1704155100675,false,true
4000012633,65404.83,0.59952612,39211.90395916,1704155100681,false,true
4000012634,65403.95,0.14322913,9367.75085706,1704155100725,false,true
4000012635,65404.90,0.44812711,29309.70881684,1704155100731,false,true
4000012636,65404.63,0.35338866,23113.25455350,1704155100755,false,true
4000012637,65405.69,0.29525590,19311.41586607,1704155100828,false,true
4000012638,65405.98,0.11588257,7579.41305577,1704155100867,true,true
4000012639,65406.71,0.17951206,11741.29324992,1704155100870,false,true
4000012640,65406.11,0.15339569,10033.01537367,1704155100887,false,true
4000012641,65407.13,0.12003158,7850.92115717,1704155100888,false,true
4000012642,65409.25,0.16031391,10486.01261767,1704155101024,false,true
4000012643,65408.65,0.13451459,8798.41773720,1704155101033,false,true
4000012644,65408.61,0.11347912,7422.51150322,1704155101129,false,true
4000012645,65411.05,0.12398208,8109.79803398,1704155101139,false,true
4000012646,65414.48,0.47378253,30992.23783303,1704155101154,false,true
4000012647,65416.16,0.12169647,7960.91575296,1704155101263,true,true
4000012648,65416.17,0.23670049,15484.03949292,1704155101295,false,true
4000012649,65415.57,0.14817491,9692.94619735,1704155101314,false,true
4000012650,65418.15,0.25547634,16712.78953157,1704155101396,false,true
4000012651,65419.32,0.38789564,25375.86899976,1704155101402,false,true
4000012652,65422.34,0.20864417,13649.98982876,1704155101411,false,true
4000012653,65421.12,0.12381498,8100.11466438,1704155101445,false,true
4000012654,65421.49,0.12423674,8127.75264354,1704155101484,false,true
4000012655,65423.28,0.11317485,7404.26990051,1704155101572,false,true
4000012656,65424.52,0.22040354,14419.79581080,1704155101614,true,true
4000012657,65426.89,0.14439501,9447.31643582,1704155101675,false,true
4000012658,65431.23,0.10180267,6661.07391538,1704155101732,false,true
4000012659,65431.62,0.15203386,9947.82175465,1704155101746,false,true
4000012660,65431.32,0.20665496,13521.70681735,1704155101800,false,true
4000012661,65431.19,0.15498053,10140.56050473,1704155101802,false,true
4000012662,65432.79,0.16293632,10661.37800993,1704155101834,false,true
4000012663,65432.33,0.15985329,10459.57322287,1704155101914,false,true
4000012664,65431.28,0.08742823,5720.54099703,1704155101931,false,true
4000012665,65432.77,0.15629156,10226.58969842,1704155101984,false,true
4000012666,65437.36,0.16684244,10917.72880956,1704155102046,false,true
4000012667,65440.30,0.28872238,18894.07916391,1704155102052,false,true
4000012668,65438.54,0.08581974,5615.91848878,1704155102187,false,true
4000012669,65438.73,0.26988643,17661.02522343,1704155102212,false,true
4000012670,65439.67,0.33165377,21703.31326306,1704155102351,false,true
4000012671,65440.11,0.10342320,6768.02558455,1704155102377,true,true
4000012672,65441.67,0.14461682,9463.96621089,1704155102393,false,true
4000012673,65440.93,0.10637059,6960.99033425,1704155102426,false,true
4000012674,65441.10,0.25852828,16918.37502431,1704155102435,false,true
4000012675,65441.41,0.23263739,15224.11882032,1704155102450,false,true
4000012676,65441.79,0.36708365,24022.61113573,1704155102466,false,true
4000012677,65443.45,0.07544814,4937.58657768,1704155102500,false,true
4000012678,65443.54,0.23940327,15667.39747638,1704155102501,false,true
4000012679,65445.20,0.43978061,28781.52997757,1704155102535,false,true
4000012680,65445.33,0.05498698,3598.64105180,1704155102565,false,true
4000012681,65447.17,0.13158745,8612.02621002,1704155102568,false,true
4000012682,65448.21,0.13133198,8595.44300676,1704155102625,false,true
4000012683,65448.53,0.31496219,20613.81234108,1704155102704,false,true
4000012684,65451.46,0.07417201,4854.66634563,1704155102722,true,true
4000012685,65455.62,0.13556327,8873.37788708,1704155102773,false,true
4000012686,65454.05,0.21738670,14228.83993114,1704155102794,false,true
4000012687,65455.87,0.07273902,4761.19583705,1704155102881,false,true
4000012688,65453.25,0.14742324,9649.33018353,1704155102914,false,true
4000012689,65457.38,0.34573793,22631.09906442,1704155102917,false,true
4000012690,65459.34,0.15316294,10025.94496486,1704155103021,false,true
4000012691,65459.11,0.15343910,10043.98692520,1704155103032,false,true
4000012692,65455.44,0.25712266,16830.07684427,1704155103062,false,true
4000012693,65457.28,0.18204001,11915.84390577,1704155103062,false,true
4000012694,65460.29,0.21963338,14377.26474848,1704155103064,false,true
4000012695,65461.27,0.46590407,30498.67212037,1704155103069,false,true
4000012696,65464.05,0.31851423,20851.23147843,1704155103078,false,true
4000012697,65465.47,0.15202569,9952.43324792,1704155103086,false,true
4000012698,65466.74,0.06493802,4251.28047145,1704155103099,false,true
4000012699,65465.64,0.06063012,3969.18960908,1704155103126,false,true
4000012700,65464.78,0.17388294,11383.20841285,1704155103136,false,true
4000012701,65464.17,0.07106545,4652.24069993,1704155103148,true,true
4000012702,65467.04,0.23393585,15315.08764938,1704155103226,false,true
4000012703,65466.14,0.21284807,13934.34154935,1704155103299,false,true
4000012704,65465.35,0.07125025,4664.42255384,1704155103374,false,true
4000012705,65468.02,0.11246285,7362.72011306,1704155103394,false,true
4000012706,65473.65,0.26745630,17511.34017649,1704155103397,true,true
4000012707,65472.07,0.13639451,8930.03090634,1704155103425,false,true
4000012708,65472.21,0.06892342,4512.56862816,1704155103447,false,true
4000012709,65473.55,0.61925347,40544.72303072,1704155103504,true,true
4000012710,65473.26,0.23333323,15277.08723443,1704155103527,false,true
4000012711,65474.67,0.07106047,4652.66082329,1704155103529,false,true
4000012712,65474.39,0.23089237,15117.53708140,1704155103532,false,true
4000012713,65474.94,0.06893276,4513.36832503,1704155103537,false,true
4000012714,65475.40,0.07834463,5129.64598710,1704155103537,false,true
4000012715,65477.58,0.05912374,3871.27941575,1704155103584,false,true
4000012716,65476.38,0.43542891,28510.30877415,1704155103665,false,true
4000012717,65477.02,0.08442658,5528.00086719,1704155103683,false,true
4000012718,65479.68,0.11869170,7771.89453466,1704155103704,true,true
4000012719,65478.27,0.16604223,10872.15796734,1704155103734,false,true
4000012720,65482.15,0.17036064,11155.58098258,1704155103775,false,true
4000012721,65482.28,0.17767448,11634.53004821,1704155103783,false,true
4000012722,65480.35,0.17946149,11751.20117672,1704155103791,false,true
4000012723,65479.98,0.16557180,10841.63815256,1704155103825,false,true
4000012724,65481.53,0.28157046,18437.66452360,1704155103877,false,true
4000012725,65480.83,0.18439163,12074.11697745,1704155103901,false,true
4000012726,65482.66,0.12611080,8258.07063873,1704155103943,false,true
4000012727,65483.47,0.10585804,6931.95178660,1704155104108,true,true
4000012728,65484.98,0.13287033,8701.01090264,1704155104108,false,true
4000012729,65484.49,0.38138103,24974.54224522,1704155104135,false,true
4000012730,65485.80,0.07591291,4971.21764168,1704155104262,true,true
4000012731,65489.07,0.13445367,8805.24580639,1704155104289,true,true
4000012732,65490.39,0.09155571,5996.01915463,1704155104342,false,true
4000012733,65489.23,0.27367269,17922.61374013,1704155104365,false,true
4000012734,65490.59,0.43939244,28776.07013714,1704155104393,false,true
4000012735,65490.90,0.13417969,8787.54865982,1704155104421,false,true
4000012736,65491.46,0.08094794,5301.39877459,1704155104454,false,true
4000012737,65494.30,0.24529363,16065.33459131,1704155104465,false,true
4000012738,65493.77,0.08700347,5698.18525338,1704155104534,false,true
4000012739,65492.58,0.19129354,12528.30747193,1704155104544,true,true
4000012740,65493.29,0.07497448,4910.32536124,1704155104562,false,true
4000012741,65494.24,0.09140586,5986.55733225,1704155104573,false,true
4000012742,65494.11,0.11943684,7822.40953701,1704155104587,false,true
4000012743,65495.44,0.05880548,3851.49078701,1704155104616,false,true
4000012744,65498.89,0.35158233,23028.25235861,1704155104663,false,true
4000012745,65500.20,0.03243193,2124.29790139,1704155104663,false,true
4000012746,65500.31,0.11997299,7858.26803663,1704155104664,false,true
4000012747,65501.93,0.11258638,7374.62518171,1704155104678,false,true
4000012748,65503.63,0.09074551,5944.16031120,1704155104713,false,true
4000012749,65503.16,0.09187889,6018.35763229,1704155104716,false,true
4000012750,65503.80,0.25668767,16814.01779815,1704155104766,false,true
4000012751,65506.23,0.43286592,28355.41451468,1704155104768,false,true
4000012752,65505.05,0.13833178,9061.43016549,1704155104886,true,true
4000012753,65506.18,0.18256941,11959.42463395,1704155104911,false,true
4000012754,65506.74,0.13260474,8686.50422595,1704155104989,false,true
4000012755,65505.35,0.33375656,21862.84027760,1704155105009,false,true
4000012756,65505.18,0.58380653,38242.35183283,1704155105047,false,true
4000012757,65506.96,0.11604949,7602.04929945,1704155105060,false,true
4000012758,65507.56,0.19103507,12514.24131013,1704155105159,true,true
4000012759,65510.48,0.05092978,3336.43433409,1704155105186,false,true
4000012760,65507.58,0.37088726,24295.92685543,1704155105216,false,true
4000012761,65507.50,0.24769823,16226.09180172,1704155105252,false,true
4000012762,65507.51,0.20151485,13200.73605152,1704155105263,false,true
4000012763,65508.07,0.16078732,10532.86701367,1704155105273,false,true
4000012764,65509.09,0.21600823,14150.50257981,1704155105331,false,true
4000012765,65513.99,0.15233594,9980.13524980,1704155105345,false,true
4000012766,65513.49,0.22380668,14662.35669211,1704155105377,false,true
4000012767,65512.17,0.07043481,4614.33724664,1704155105412,false,true
4000012768,65510.94,0.16196613,10610.55342446,1704155105419,false,true
4000012769,65514.09,0.22882590,14991.32060693,1704155105511,false,true
4000012770,65514.34,0.60274689,39488.56468540,1704155105538,false,true
4000012771,65514.63,0.09278584,6078.82997684,1704155105538,false,true
4000012772,65516.54,0.15787422,10343.37264960,1704155105579,true,true
4000012773,65518.88,0.20948578,13725.27368153,1704155105647,false,true
4000012774,65521.47,0.11036906,7231.54305372,1704155105656,false,true
4000012775,65522.10,0.08507606,5574.36211093,1704155105663,false,true
4000012776,65523.42,0.13226523,8666.47021669,1704155105693,false,true
4000012777,65521.70,0.08249540,5405.23885018,1704155105788,false,true
4000012778,65523.45,0.11386704,7460.96130209,1704155105893,false,true
4000012779,65524.08,0.29461557,19304.41417793,1704155105922,false,true
4000012780,65526.98,0.27956658,18319.15369633,1704155105936,false,true
4000012781,65528.35,0.13377674,8766.16904058,1704155105943,false,true
4000012782,65526.99,0.10087042,6609.73500264,1704155105951,false,true
4000012783,65529.14,0.12484659,8181.08967463,1704155106129,false,true
4000012784,65531.14,0.26465813,17343.34896917,1704155106171,false,true
4000012785,65534.92,0.48086733,31513.60200216,1704155106200,false,true
4000012786,65534.67,0.03007430,1970.90932598,1704155106204,false,true
4000012787,65535.84,0.04057913,2659.38737102,1704155106271,false,true
4000012788,65534.00,0.25571756,16758.19457704,1704155106274,false,true
4000012789,65535.56,0.56262864,36872.18299444,1704155106279,false,true
4000012790,65535.37,0.23953450,15697.98208527,1704155106300,false,true
4000012791,65534.39,0.25584313,16766.52346024,1704155106300,false,true
4000012792,65534.73,0.12607926,8262.57026270,1704155106329,false,true
4000012793,65536.23,0.12622941,8272.59964652,1704155106456,false,true
4000012794,65536.68,0.19701094,12911.44293128,1704155106470,false,true
4000012795,65538.68,0.19982973,13096.57672896,1704155106475,false,true
4000012796,65539.55,0.04583536,3004.02886849,1704155106514,false,true
4000012797,65542.56,0.13477200,8833.30189632,1704155106560,false,true
4000012798,65542.38,0.01978473,1296.73829186,1704155106586,false,true
4000012799,65545.21,0.28597240,18744.12101220,1704155106588,false,true
4000012800,65546.90,0.07761165,5087.20306139,1704155106617,false,true
4000012801,65548.52,0.28986723,19000.36792300,1704155106627,false,true
4000012802,65546.78,0.10867352,7123.19930727,1704155106633,false,true
4000012803,65548.71,0.24898479,16320.63179412,1704155106650,false,true
4000012804,65548.20,0.07651833,5015.63879851,1704155106855,false,true
4000012805,65547.87,0.07264659,4761.82923726,1704155106859,false,true
4000012806,65548.45,0.09942385,6517.07926053,1704155106863,false,true
4000012807,65550.07,0.25655635,16817.28670144,1704155106926,false,true
4000012808,65550.63,0.08298901,5439.98188858,1704155106931,false,true
4000012809,65551.41,0.24736829,16215.34019879,1704155107015,true,true
4000012810,65552.80,0.03671782,2406.95591090,1704155107035,false,true
4000012811,65552.69,0.10993189,7206.33110628,1704155107072,false,true
4000012812,65552.31,0.18005490,11803.01462182,1704155107074,false,true
4000012813,65552.03,0.29066613,19053.75487374,1704155107075,false,true
4000012814,65552.49,0.10513664,6891.96854223,1704155107081,false,true
4000012815,65553.29,0.20537988,13463.32683381,1704155107090,false,true
4000012816,65553.06,0.13545007,8879.16656571,1704155107093,false,true
4000012817,65555.17,0.12578402,8245.79281438,1704155107136,true,true
4000012818,65554.82,0.07701282,5048.56155279,1704155107215,false,true
4000012819,65555.54,0.20730823,13590.20296409,1704155107219,false,true
4000012820,65555.63,0.27061546,17740.36696804,1704155107236,true,true
4000012821,65555.12,0.32722918,21451.54816240,1704155107253,false,true
4000012822,65556.06,0.16958023,11117.01173269,1704155107308,false,true
4000012823,65556.15,0.16704977,10951.13977959,1704155107318,false,true
4000012824,65557.71,0.12762769,8366.97908899,1704155107345,false,true
4000012825,65558.99,0.18643696,12222.61879627,1704155107367,false,true
4000012826,65559.94,0.02860654,1875.44304601,1704155107379,false,true
4000012827,65560.04,0.17355663,11378.37960507,1704155107503,false,true
4000012828,65561.89,0.08531219,5593.22841644,1704155107523,false,true
4000012829,65562.54,0.14988289,9826.70297094,1704155107594,false,true
4000012830,65563.51,0.17304286,11345.29728204,1704155107607,false,true
4000012831,65564.21,0.14443208,9469.57522386,1704155107635,false,true
4000012832,65565.10,0.10120827,6635.73034338,1704155107644,false,true
4000012833,65564.97,0.12730194,8346.54787704,1704155107665,false,true
4000012834,65565.89,0.10974502,7195.52990937,1704155107692,false,true
4000012835,65566.98,0.18733640,12283.08199207,1704155107726,false,true
4000012836,65568.58,0.27223016,17849.74502437,1704155107775,false,true
4000012837,65570.90,0.05799240,3802.61386116,1704155107823,false,true
4000012838,65573.15,0.04817946,3159.27895750,1704155107871,false,true
4000012839,65573.08,0.05992435,3929.42419650,1704155107878,false,true
4000012840,65573.52,0.16024293,10507.69297521,1704155107883,false,true
4000012841,65574.44,0.15260380,10006.90872687,1704155107903,false,true
4000012842,65576.26,0.16372740,10736.63055152,1704155107906,false,true
4000012843,65578.10,0.21112386,13845.10160347,1704155107930,true,true
4000012844,65579.73,0.24051819,15773.11796029,1704155107999,false,true
4000012845,65578.74,0.11083140,7268.18356444,1704155108004,false,true
4000012846,65578.70,0.07700599,5049.95271641,1704155108017,false,true
4000012847,65579.64,0.10851224,7116.19363479,1704155108033,false,true
4000012848,65580.10,0.16955732,11119.58600133,1704155108060,true,true
4000012849,65580.15,0.03232398,2119.81145700,1704155108070,false,true
4000012850,65582.88,0.29101433,19085.55788267,1704155108222,false,true
4000012851,65584.51,0.11539641,7568.21700561,1704155108301,false,true
4000012852,65585.10,0.09608150,6301.51478565,1704155108314,false,true
4000012853,65584.90,0.06849862,4492.47514284,1704155108317,false,true
4000012854,65584.92,0.30785781,20190.82984023,1704155108340,false,true
4000012855,65586.41,0.39620349,25985.56453857,1704155108472,false,true
4000012856,65589.20,0.10224895,6706.42683134,1704155108505,false,true
4000012857,65589.59,0.12646343,8294.68452369,1704155108592,false,true
4000012858,65589.87,0.10897794,7147.84891747,1704155108645,false,true
4000012859,65589.52,0.04563510,2993.18430415,1704155108725,false,true
4000012860,65587.76,0.07307865,4793.06495732,1704155108727,false,true
4000012861,65587.19,0.10932068,7170.03621009,1704155108748,false,true
4000012862,65592.00,0.24219558,15886.09248336,1704155108750,false,true
4000012863,65591.31,0.06874364,4508.98540177,1704155108764,false,true
4000012864,65592.61,0.44210863,28999.05894522,1704155108794,true,true
4000012865,65595.93,0.37631036,24684.42803283,1704155108803,false,true
4000012866,65599.05,0.11520970,7557.64687078,1704155108815,false,true
4000012867,65603.09,0.10831311,7105.67470351,1704155108832,false,true
4000012868,65603.93,0.59684608,39155.44845309,1704155108864,true,true
4000012869,65603.81,0.07835077,5140.10902843,1704155108867,false,true
4000012870,65604.15,0.19868909,13034.82886372,1704155108870,true,true
4000012871,65606.18,0.06947359,4557.89685079,1704155108900,false,true
4000012872,65606.38,0.22229460,14583.94399955,1704155108903,false,true
4000012873,65608.53,0.31962388,20970.05291970,1704155108930,false,true
4000012874,65610.04,0.19726589,12942.62293354,1704155108945,false,true
4000012875,65610.58,0.19948811,13088.53060020,1704155108952,false,true
4000012876,65610.29,0.17315979,11361.06403824,1704155108994,true,true
4000012877,65610.50,0.07170698,4704.73081129,1704155108997,false,true
4000012878,65613.69,0.33389221,21907.89996035,1704155109002,false,true
4000012879,65614.31,0.24051765,15781.39964757,1704155109015,false,true
4000012880,65614.78,0.57349177,37629.53632036,1704155109026,false,true
4000012881,65614.57,0.07379578,4842.07837251,1704155109030,false,true
4000012882,65613.86,0.10700136,7020.77225485,1704155109091,false,true
4000012883,65616.10,0.19470232,12775.60689935,1704155109101,false,true
4000012884,65617.03,0.32960818,21627.90983531,1704155109102,true,true
4000012885,65617.19,0.10861333,7126.90151114,1704155109141,false,true
4000012886,65616.08,0.12653618,8302.80810977,1704155109309,false,true
4000012887,65616.53,0.13196236,8658.91215381,1704155109374,false,true
4000012888,65617.47,0.15202899,9975.75769046,1704155109390,false,true
4000012889,65616.36,0.12190151,7998.73336470,1704155109396,false,true
4000012890,65620.17,0.11952114,7842.99752539,1704155109415,false,true
4000012891,65621.81,0.13683788,8979.54936216,1704155109425,false,true
4000012892,65622.81,0.04809378,3156.04898712,1704155109426,false,true
4000012893,65622.85,0.23427824,15374.00580178,1704155109452,false,true
4000012894,65622.78,0.08848759,5806.80165130,1704155109455,false,true
4000012895,65623.07,0.18402197,12076.08661885,1704155109473,false,true
4000012896,65623.39,0.18168058,11922.49555677,1704155109627,false,true
4000012897,65622.03,0.07496439,4919.31544951,1704155109642,false,true
4000012898,65623.19,0.29856856,19593.02134091,1704155109655,false,true
4000012899,65622.86,0.26742706,17549.32851859,1704155109657,false,true
4000012900,65621.82,0.35738863,23452.49234791,1704155109698,false,true
4000012901,65621.12,0.44326582,29087.59956612,1704155109707,true,true
4000012902,65620.23,0.17753393,11649.81731940,1704155109752,false,true
4000012903,65619.48,0.22467637,14743.14656769,1704155109752,false,true
4000012904,65618.47,0.06938862,4553.17507981,1704155109816,false,true
4000012905,65621.51,0.14415918,9459.94307196,1704155109822,false,true
4000012906,65623.71,0.20789364,13642.75194220,1704155109829,false,true
4000012907,65622.00,0.15955783,10470.50392026,1704155109870,false,true
4000012908,65625.37,0.46071246,30234.42565111,1704155109882,false,true
4000012909,65625.46,0.14164858,9295.75322085,1704155109921,false,true
4000012910,65625.73,0.12195512,8003.39377724,1704155109940,false,true
4000012911,65627.64,0.20871907,13697.73998709,1704155109940,false,true
4000012912,65631.29,0.14721023,9661.59729610,1704155109949,false,true
4000012913,65629.60,0.18460945,12115.84435972,1704155109949,false,true
4000012914,65630.33,0.36134648,23715.28872674,1704155110069,false,true
4000012915,65628.79,0.06877766,4513.79460483,1704155110072,false,true
4000012916,65628.93,0.23029553,15114.04921768,1704155110083,false,true
4000012917,65631.58,0.13922641,9137.64926603,1704155110096,true,true
4000012918,65631.93,0.13270267,8709.53234825,1704155110168,false,true
4000012919,65635.49,0.17075490,11207.58153140,1704155110201,true,true
4000012920,65636.07,0.37557877,24651.51443823,1704155110201,false,true
4000012921,65636.17,0.33887935,22242.74262609,1704155110227,false,true
4000012922,65638.11,0.35706452,23437.04024086,1704155110282,false,true
4000012923,65637.94,0.18594277,12204.90038069,1704155110311,true,true
4000012924,65640.17,0.03905985,2563.89519417,1704155110360,false,true
4000012925,65643.50,0.12793295,8397.96660332,1704155110379,false,true
4000012926,65642.33,0.26329337,17283.19028035,1704155110416,false,true
4000012927,65644.31,0.07390917,4851.71646732,1704155110522,false,true
4000012928,65645.26,0.47010923,30860.44263175,1704155110542,false,true
4000012929,65645.89,0.14340665,9414.05717117,1704155110555,true,true
4000012930,65646.05,0.13593231,8923.41921888,1704155110569,false,true
4000012931,65648.37,0.19136071,12562.51869354,1704155110586,false,true
4000012932,65648.14,0.33256840,21832.49688278,1704155110627,false,true
4000012933,65649.57,0.16321421,10714.94270439,1704155110631,false,true
4000012934,65652.19,0.30503802,20026.41404626,1704155110638,false,true
4000012935,65654.72,0.09342663,6133.89923319,1704155110711,false,true
4000012936,65657.12,0.15077095,9899.18635666,1704155110729,false,true
4000012937,65658.75,0.09798395,6433.50367706,1704155110785,false,true
4000012938,65660.27,0.41627538,27332.75384515,1704155110791,false,true
4000012939,65660.43,0.10194654,6693.85365341,1704155110809,false,true
4000012940,65661.30,0.14243005,9352.14224207,1704155110946,false,true
4000012941,65662.50,0.11526780,7568.77191750,1704155110992,false,true
4000012942,65664.66,0.28004214,18388.87190877,1704155110997,false,true
4000012943,65666.87,0.07496921,4922.99336707,1704155111052,false,true
4000012944,65668.65,0.09630438,6324.17862369,1704155111052,false,true
4000012945,65667.70,0.18658644,12252.70236599,1704155111091,false,true
4000012946,65667.76,0.20533168,13483.67148264,1704155111103,false,true
4000012947,65668.07,0.29766211,19546.89627583,1704155111119,false,true
4000012948,65672.11,0.09758405,6408.55046585,1704155111138,false,true
4000012949,65673.14,0.19588201,12864.18666621,1704155111162,false,true
4000012950,65674.90,0.12534345,8231.91854440,1704155111187,false,true
4000012951,65676.32,0.18679681,12268.12706854,1704155111272,false,true
4000012952,65675.92,0.20058946,13173.89732780,1704155111315,false,true
4000012953,65676.02,0.19709603,12944.48280820,1704155111354,false,true
4000012954,65677.01,0.20423916,13413.81735371,1704155111398,false,true
4000012955,65675.41,0.10715687,7037.57137157,1704155111398,false,true
4000012956,65673.29,0.13703503,8999.54126535,1704155111435,false,true
4000012957,65676.26,0.07641623,5018.73218970,1704155111444,false,true
4000012958,65677.88,0.06546592,4299.66283785,1704155111536,true,true
4000012959,65678.68,0.11382345,7475.77394905,1704155111560,false,true
4000012960,65681.63,0.12108022,7952.74621036,1704155111620,false,true
4000012961,65684.09,0.21700290,14253.63801386,1704155111692,false,true
4000012962,65684.65,0.37747355,24794.21801601,1704155111706,false,true
4000012963,65683.91,0.16690439,10962.93293136,1704155111733,false,true
4000012964,65684.50,0.10754938,7064.32725061,1704155111751,false,true
4000012965,65686.62,0.22783296,14965.57706700,1704155111752,false,true
4000012966,65686.94,0.25729662,16901.02764014,1704155111788,true,true
4000012967,65690.63,0.47927048,31483.57977160,1704155111802,false,true
4000012968,65694.04,0.13033009,8561.91014566,1704155111807,false,true
4000012969,65695.28,0.14902507,9790.24370067,1704155111817,false,true
4000012970,65696.53,0.22186145,14575.52740577,1704155111820,true,true
4000012971,65698.57,0.14583031,9580.84282966,1704155111853,true,true
4000012972,65700.27,0.41034406,26959.71553490,1704155111866,true,true
4000012973,65702.75,0.22619877,14861.88123562,1704155111896,false,true
4000012974,65703.82,0.18071216,11873.47923245,1704155111900,false,true
4000012975,65705.47,0.14624077,9608.81852601,1704155111900,false,true
4000012976,65706.80,0.06748318,4434.10381162,1704155111907,false,true
4000012977,65710.08,0.21825810,14341.75721165,1704155111916,false,true
4000012978,65714.27,0.23135014,15203.00556450,1704155111919,false,true
4000012979,65715.30,0.07466142,4906.39761373,1704155111955,false,true
4000012980,65716.66,0.14974313,9840.61836155,1704155111984,false,true
4000012981,65720.17,0.40324867,26501.57114467,1704155111999,false,true
4000012982,65722.20,0.17604898,11570.32627336,1704155112000,false,true
4000012983,65720.65,0.08435824,5544.07836566,1704155112023,true,true
4000012984,65720.36,0.20736096,13627.83694115,1704155112047,false,true
4000012985,65720.33,0.11840300,7781.48423299,1704155112053,false,true
4000012986,65718.93,0.19012661,12494.91737373,1704155112107,false,true
4000012987,65721.69,0.08675509,5701.69113090,1704155112120,false,true
4000012988,65722.75,0.24770226,16279.67370842,1704155112144,false,true
4000012989,65725.06,0.11087269,7287.11420261,1704155112172,true,true
4000012990,65725.61,0.07956822,5229.66979611,1704155112221,false,true
4000012991,65726.00,0.21978849,14445.81829374,1704155112249,false,true
4000012992,65727.75,0.29197321,19190.74215358,1704155112257,false,true
4000012993,65731.18,0.25733046,16914.63478574,1704155112270,false,true
4000012994,65732.10,0.28942637,19024.60309548,1704155112305,false,true
4000012995,65733.26,0.12778542,8399.75223707,1704155112306,false,true
4000012996,65731.87,0.14229529,9353.33550389,1704155112341,false,true
4000012997,65733.28,0.19104392,12557.94348566,1704155112373,false,true
4000012998,65733.95,0.24108026,15847.15775683,1704155112383,false,true
4000012999,65732.23,0.20415623,13419.64426629,1704155112406,false,true
4000013000,65730.51,0.12701992,8349.08412176,1704155112436,false,true
4000013001,65732.17,0.10335219,6793.56372295,1704155112438,true,true
4000013002,65732.90,0.20244318,13307.17730662,1704155112442,false,true
4000013003,65733.66,0.11508998,7565.28561473,1704155112481,false,true
4000013004,65733.44,0.15829971,10405.58448930,1704155112483,false,true
4000013005,65734.41,0.31406941,20645.16736540,1704155112531,false,true
4000013006,65734.83,0.11637786,7650.07884286,1704155112538,false,true
4000013007,65734.59,0.10956142,7201.97502352,1704155112618,false,true
4000013008,65734.85,0.11594506,7621.63112734,1704155112644,false,true
4000013009,65736.39,0.19545877,12848.75393364,1704155112747,false,true
4000013010,65738.33,0.05783876,3802.22349167,1704155112808,false,true
4000013011,65739.82,0.61456692,40401.51869875,1704155112827,true,true
4000013012,65743.41,0.18209778,11971.72901063,1704155112834,false,true
4000013013,65743.02,0.21341838,14030.76882471,1704155112854,false,true
4000013014,65747.26,0.11267042,7407.77139805,1704155112907,false,true
4000013015,65749.86,0.23730147,15602.53843029,1704155113001,false,true
4000013016,65749.84,0.13481685,8864.18631680,1704155113026,true,true
4000013017,65753.03,0.26740946,17582.98224566,1704155113104,false,true
4000013018,65753.15,0.26951737,17721.61605722,1704155113115,false,true
4000013019,65753.12,0.10010765,6582.39032337,1704155113116,false,true
4000013020,65752.58,0.14516848,9545.20209468,1704155113125,false,true
4000013021,65755.93,0.48563211,31933.19103091,1704155113170,false,true
4000013022,65756.15,0.11495185,7558.79109138,1704155113257,false,true
4000013023,65757.01,0.03816435,2509.57354459,1704155113322,false,true
4000013024,65758.26,0.22136728,14556.72715373,1704155113326,false,true
4000013025,65759.98,0.11366670,7474.71991867,1704155113389,false,true
4000013026,65761.37,0.14682137,9655.17443648,1704155113398,false,true
4000013027,65761.10,0.10780808,7089.57792969,1704155113400,false,true
4000013028,65761.74,0.40638488,26724.57681849,1704155113409,false,true
4000013029,65761.94,0.24307347,15984.98294973,1704155113413,false,true
4000013030,65763.08,0.18005590,11841.03055617,1704155113449,false,true
4000013031,65760.22,0.12248583,8054.69512768,1704155113452,false,true
4000013032,65764.42,0.32166591,21154.17200492,1704155113517,true,true
4000013033,65765.27,0.32130393,21130.63970851,1704155113555,false,true
4000013034,65767.91,0.16836210,11072.82344021,1704155113634,false,true
4000013035,65768.94,0.17235470,11335.58592302,1704155113714,false,true
4000013036,65771.62,0.06994911,4600.66628226,1704155113791,false,true
4000013037,65772.04,0.13568335,8924.17072353,1704155113844,false,true
4000013038,65771.36,0.22808579,15001.51260497,1704155113849,false,true
4000013039,65773.31,0.33673648,22148.27288735,1704155113850,false,true
4000013040,65776.04,0.10288114,6767.11397989,1704155113989,false,true
4000013041,65775.81,0.15783799,10381.92164102,1704155113999,false,true
4000013042,65776.10,0.10865068,7146.61799275,1704155114027,false,true
4000013043,65774.92,0.08854858,5824.27576561,1704155114034,false,true
4000013044,65775.25,0.21018540,13824.99723135,1704155114046,false,true
4000013045,65775.96,1.09510425,72031.53334383,1704155114055,false,true
4000013046,65775.82,0.18002178,11841.08019736,1704155114075,false,true
4000013047,65775.88,0.26389116,17357.67327322,1704155114082,false,true
4000013048,65778.16,0.21770842,14320.45928411,1704155114084,false,true
4000013049,65778.49,0.04078430,2682.72966971,1704155114181,false,true
4000013050,65778.99,0.10480928,6894.24858103,1704155114194,true,true
4000013051,65779.33,0.22140790,14564.06331871,1704155114245,false,true
4000013052,65782.31,0.10279145,6761.85902925,1704155114292,true,true
4000013053,65781.88,0.12664618,8331.02381522,1704155114303,false,true
4000013054,65784.20,0.37686713,24791.90265335,1704155114353,false,true
4000013055,65788.76,0.17170864,11296.49850689,1704155114393,false,true
4000013056,65790.35,0.16862683,11094.01816509,1704155114414,true,true
4000013057,65791.52,0.06937716,4564.42880968,1704155114441,true,true
4000013058,65793.04,0.05086782,3346.74851597,1704155114466,false,true
4000013059,65793.47,0.08277842,5446.27949292,1704155114492,false,true
4000013060,65794.62,0.15207939,10006.00567488,1704155114505,false,true
4000013061,65795.77,0.04318911,2841.66074806,1704155114518,false,true
4000013062,65798.83,0.11425334,7517.73609559,1704155114523,false,true
4000013063,65800.77,1.03045527,67804.75021656,1704155114532,false,true
4000013064,65802.17,0.13726414,9032.27827518,1704155114616,false,true
4000013065,65803.12,0.28669688,18865.54919827,1704155114621,false,true
4000013066,65805.84,0.09174364,6037.26729486,1704155114622,true,true
4000013067,65809.63,0.12737043,8382.20087124,1704155114635,false,true
4000013068,65811.24,0.32163573,21167.24621961,1704155114635,false,true
4000013069,65813.80,0.11491999,7563.32123786,1704155114663,true,true
4000013070,65812.38,0.21143254,13914.87866685,1704155114665,false,true
4000013071,65814.74,0.11112987,7313.98350028,1704155114752,false,true
4000013072,65815.58,0.13132579,8643.28303781,1704155114761,false,true
4000013073,65817.27,0.10683347,7031.48734003,1704155114784,false,true
4000013074,65817.22,0.10236479,6737.36590368,1704155114805,false,true
4000013075,65818.14,0.15632735,10289.17540813,1704155114849,false,true
4000013076,65819.27,0.07799362,5133.48313306,1704155114893,false,true
4000013077,65820.39,0.12311055,8103.18441411,1704155114908,false,true
4000013078,65820.45,0.12429989,8181.47469475,1704155114993,false,true
4000013079,65821.88,0.33582694,22104.76054545,1704155115023,false,true
4000013080,65821.25,0.23219396,15283.29668965,1704155115034,false,true
4000013081,65820.58,0.16335092,10751.85229793,1704155115034,false,true
4000013082,65818.51,0.04719909,3106.57377716,1704155115053,false,true
4000013083,65818.88,0.12116006,7974.61944993,1704155115064,false,true
4000013084,65821.57,0.14569904,9590.13956029,1704155115133,false,true
4000013085,65821.84,0.28383710,18682.68018226,1704155115147,true,true
4000013086,65823.32,0.08255406,5433.98230868,1704155115159,false,true
4000013087,65824.32,0.09296416,6119.30261637,1704155115173,false,true
4000013088,65826.91,0.12565948,8271.77528061,1704155115180,false,true
4000013089,65826.38,0.18393955,12108.07471533,1704155115182,false,true
4000013090,65827.88,0.14544270,9574.18460248,1704155115233,true,true
4000013091,65826.87,0.33471853,22033.47316090,1704155115237,true,true
4000013092,65829.19,0.20282986,13352.12539161,1704155115258,false,true
4000013093,65829.11,0.15318195,10083.83143656,1704155115266,false,true
4000013094,65829.79,0.10027024,6600.76884245,1704155115266,false,true
4000013095,65830.78,0.13401925,8822.59176251,1704155115316,false,true
4000013096,65830.65,0.13028003,8576.41905692,1704155115325,false,true
4000013097,65831.17,0.12346967,8128.15283561,1704155115327,false,true
4000013098,65831.94,0.12494797,8225.56726416,1704155115345,false,true
4000013099,65832.35,0.23193500,15268.82609725,1704155115512,false,true
4000013100,65832.41,0.07322774,4820.75860305,1704155115539,false,true
4000013101,65834.33,0.04705023,3097.52036840,1704155115560,false,true
4000013102,65835.33,0.18447059,12144.68216794,1704155115610,false,true
4000013103,65835.02,0.13387907,8813.93125103,1704155115653,false,true
4000013104,65835.48,0.14886755,9800.76661067,1704155115680,false,true
4000013105,65834.25,0.18455887,12150.29478730,1704155115689,false,true
4000013106,65835.82,0.35619344,23450.28720102,1704155115699,false,true
4000013107,65835.64,0.06668960,4390.55249734,1704155115704,false,true
4000013108,65835.94,0.12252735,8066.70326296,1704155115753,false,true
4000013109,65836.34,0.27078190,17827.28923425,1704155115757,false,true
4000013110,65838.21,0.08864089,5835.95753041,1704155115783,false,true
4000013111,65840.50,0.34955162,23014.65343661,1704155115820,false,true
4000013112,65840.96,0.07319560,4819.26857178,1704155115820,false,true
4000013113,65844.27,0.05606919,3691.83488504,1704155115874,false,true
4000013114,65844.30,0.37722634,24838.20429886,1704155115901,false,true
4000013115,65847.88,0.09988254,6577.05350802,1704155115906,false,true
4000013116,65848.90,0.13909872,9159.49770341,1704155115928,false,true
4000013117,65851.13,0.14849764,9778.73739633,1704155115949,false,true
4000013118,65853.70,0.12191822,8028.76588441,1704155116033,false,true
4000013119,65855.49,0.27212633,17921.01280405,1704155116037,false,true
4000013120,65853.51,0.44880046,29555.08558061,1704155116047,false,true
4000013121,65854.86,0.12605644,8301.42920830,1704155116113,false,true
4000013122,65856.22,0.08062530,5309.67749437,1704155116123,false,true
4000013123,65856.39,0.24505460,16138.41130889,1704155116154,true,true
4000013124,65858.72,0.45109864,29708.77902414,1704155116198,false,true
4000013125,65861.30,0.16555357,10903.57333984,1704155116202,false,true
4000013126,65861.76,0.11016115,7255.40722262,1704155116202,true,true
4000013127,65862.18,0.10722058,7061.78113966,1704155116202,false,true
4000013128,65861.45,0.07152911,4711.01090181,1704155116232,false,true
4000013129,65860.43,0.22363845,14728.92448153,1704155116261,false,true
4000013130,65863.34,0.49527140,32620.22861048,1704155116283,false,true
4000013131,65865.74,0.24921232,16414.55387392,1704155116377,false,true
4000013132,65867.67,0.05488330,3615.03509291,1704155116450,false,true
4000013133,65868.29,0.10740091,7074.31428614,1704155116454,false,true
4000013134,65868.81,0.20408476,13442.82028034,1704155116499,false,true
4000013135,65869.21,0.17084752,11253.59117286,1704155116522,false,true
4000013136,65869.63,0.12345360,8131.84295417,1704155116549,false,true
4000013137,65868.92,0.09846683,6485.90374792,1704155116695,false,true
4000013138,65870.85,0.32824352,21621.67966939,1704155116701,false,true
4000013139,65872.78,0.12421376,8182.30568545,1704155116835,false,true
4000013140,65874.98,0.25786492,16986.84644770,1704155116836,false,true
4000013141,65875.11,0.05595942,3686.33294804,1704155116840,false,true
4000013142,65876.51,0.12951425,8531.94678527,1704155116858,false,true
4000013143,65877.32,0.08874489,5846.27551689,1704155116918,true,true
4000013144,65879.10,0.18804601,12388.30189739,1704155116972,false,true
4000013145,65879.85,0.20613841,13580.36753004,1704155117011,false,true
4000013146,65883.74,0.04051309,2669.15388816,1704155117089,true,true
4000013147,65881.63,0.03715647,2447.92880865,1704155117135,false,true
4000013148,65882.88,0.20673499,13620.29653797,1704155117170,false,true
4000013149,65883.32,0.15689407,10336.70221991,1704155117192,false,true
4000013150,65884.83,0.06646424,4378.98515348,1704155117239,false,true
4000013151,65884.56,0.17966609,11837.22128657,1704155117280,false,true
4000013152,65885.38,0.04269156,2812.74965339,1704155117295,true,true
4000013153,65888.27,0.15366528,10124.73945827,1704155117295,false,true
4000013154,65890.66,0.12151326,8006.58890015,1704155117337,true,true
4000013155,65889.64,0.29780282,19622.12060078,1704155117350,true,true
4000013156,65887.30,0.12866338,8477.28271707,1704155117390,true,true
4000013157,65889.17,0.11381361,7499.08429760,1704155117398,false,true
4000013158,65889.45,0.21711375,14305.50557494,1704155117443,false,true
4000013159,65889.90,0.13730086,9046.73993531,1704155117483,false,true
4000013160,65892.63,0.14411883,9496.36874122,1704155117530,true,true
4000013161,65894.88,0.18722211,12336.97847180,1704155117565,false,true
4000013162,65893.29,0.19495523,12846.24150741,1704155117570,true,true
4000013163,65896.89,0.09403847,6196.84271336,1704155117612,false,true
4000013164,65899.00,0.10183339,6710.71856761,1704155117617,false,true
4000013165,65896.90,0.10957094,7220.38527609,1704155117630,false,true
4000013166,65898.83,0.31464509,20734.74329624,1704155117642,false,true
4000013167,65900.81,0.23206603,15293.33935048,1704155117755,false,true
4000013168,65901.94,0.18281844,12048.08986377,1704155117791,false,true
4000013169,65903.22,0.13890589,9154.34542797,1704155117822,false,true
4000013170,65903.29,0.25195623,16604.74449300,1704155117832,false,true
4000013171,65904.09,0.20091616,13241.19669109,1704155117850,true,true
4000013172,65904.48,0.24130820,15903.29144074,1704155117898,false,true
4000013173,65905.74,0.07098118,4678.06719397,1704155117936,false,true
4000013174,65908.67,0.11195019,7378.48812915,1704155117957,false,true
4000013175,65911.35,0.08260859,5444.84368850,1704155117965,false,true
4000013176,65913.61,0.03239541,2135.29842053,1704155117991,true,true
4000013177,65915.83,0.29500947,19445.79407291,1704155118110,false,true
4000013178,65917.63,0.15385996,10142.08391509,1704155118181,false,true
4000013179,65914.54,0.18405511,12131.90791030,1704155118219,false,true
4000013180,65915.40,0.13416760,8843.71102104,1704155118248,false,true
4000013181,65917.06,0.39825323,26251.68205710,1704155118337,false,true
4000013182,65918.72,0.12876186,8487.81699602,1704155118344,false,true
4000013183,65920.02,0.10031023,6612.45236780,1704155118347,false,true
4000013184,65922.53,0.10838926,7145.29424403,1704155118347,false,true
4000013185,65923.61,0.07086712,4671.81638070,1704155118408,false,true
4000013186,65925.93,0.09960359,6566.45930209,1704155118432,false,true
4000013187,65926.16,0.07163553,4722.65541246,1704155118451,true,true
4000013188,65927.54,0.19968432,13164.69599417,1704155118515,false,true
4000013189,65927.92,0.15305766,10090.77316387,1704155118589,false,true
4000013190,65928.95,0.43912194,28950.84842616,1704155118647,false,true
4000013191,65927.39,0.31505581,20770.80725764,1704155118648,false,true
4000013192,65928.69,0.23169753,15275.51462914,1704155118667,false,true
4000013193,65928.65,0.18368702,12110.23725112,1704155118674,false,true
4000013194,65930.77,0.18899490,12460.57928307,1704155118700,false,true
4000013195,65931.49,0.27299299,17998.83459026,1704155118732,false,true
4000013196,65931.15,0.03744468,2468.77081378,1704155118790,false,true
4000013197,65932.43,0.09718231,6407.46585131,1704155118792,false,true
4000013198,65932.65,0.13982549,9219.06509325,1704155118801,false,true
4000013199,65934.70,0.36937390,24354.55728433,1704155118813,false,true
4000013200,65935.25,0.15396694,10151.84868063,1704155118834,false,true
4000013201,65936.87,0.06117167,4033.46845247,1704155118878,false,true
4000013202,65937.03,0.04584364,3022.79346599,1704155119042,false,true
4000013203,65940.00,0.02743451,1809.03158940,1704155119188,false,true
4000013204,65940.42,0.03677876,2425.20688148,1704155119419,true,true
4000013205,65941.66,0.12381156,8164.33979359,1704155119757,true,true
4000013206,65941.12,0.03397476,2240.33372613,1704155119907,true,true
4000013207,65941.22,0.06238141,4113.50628072,1704155120303,false,true
4000013208,65941.31,0.07101760,4682.99357706,1704155120479,false,true
4000013209,65941.74,0.02689466,1773.48067711,1704155120557,false,true
4000013210,65940.75,0.02777222,1831.32101597,1704155120560,false,true
4000013211,65941.99,0.17717102,11683.00962913,1704155120873,true,true
4000013212,65940.44,0.15618204,10298.71243770,1704155121051,false,true
4000013213,65941.76,0.06227201,4106.32593814,1704155121088,true,true
4000013214,65939.58,0.01523842,1004.81501466,1704155121201,true,true
4000013215,65938.05,0.05208149,3434.15189169,1704155121673,false,true
4000013216,65938.53,0.02237957,1475.67594783,1704155121853,true,true
4000013217,65937.59,0.05248724,3460.88211135,1704155121902,true,true
4000013218,65937.67,0.02227951,1469.05897814,1704155122471,true,true
4000013219,65938.19,0.04364656,2877.97516613,1704155122475,false,true
4000013220,65939.15,0.02888827,1904.86796877,1704155122737,false,true
4000013221,65940.90,0.04820938,3178.96990564,1704155122901,true,true
4000013222,65941.50,0.11357012,7488.98406798,1704155122998,false,true
4000013223,65941.30,0.04222125,2784.12411263,1704155123023,true,true
4000013224,65942.94,0.06427698,4238.61303552,1704155123055,true,true
4000013225,65942.54,0.03646418,2404.54064822,1704155123092,true,true
4000013226,65942.18,0.08725712,5753.92471332,1704155123145,true,true
4000013227,65944.62,0.04075186,2687.36592199,1704155123512,true,true
4000013228,65941.60,0.07921280,5223.41877248,1704155123738,true,true
4000013229,65940.95,0.14112748,9306.08010231,1704155123901,true,true
4000013230,65938.36,0.06591291,4346.18918823,1704155123904,false,true
4000013231,65940.02,0.03536320,2331.85011526,1704155124088,false,true
4000013232,65940.00,0.03664156,2416.14446640,1704155124272,false,true
4000013233,65941.19,0.07970808,5256.04564782,1704155124366,true,true
4000013234,65942.00,0.08820318,5816.29409556,1704155124468,false,true
4000013235,65941.05,0.11983150,7901.81493308,1704155124696,true,true
4000013236,65941.15,0.05759208,3797.68798609,1704155124941,false,true
4000013237,65940.80,0.05028702,3315.96632842,1704155125027,false,true
4000013238,65943.92,0.09799508,6462.17971591,1704155125312,true,true
4000013239,65944.45,0.14296095,9427.48121923,1704155125505,true,true
4000013240,65945.63,0.07559404,4985.09659205,1704155125528,false,true
4000013241,65946.36,0.04054062,2673.50632114,1704155125704,true,true
4000013242,65946.19,0.02206930,1455.38625097,1704155125771,false,true
4000013243,65946.92,0.01861216,1227.41462655,1704155125813,true,true
4000013244,65946.00,0.05154816,3399.39495936,1704155126081,true,true
4000013245,65945.65,0.04999793,3297.14599250,1704155126333,true,true
4000013246,65944.28,0.10410394,6865.05936846,1704155126371,false,true
4000013247,65945.01,0.10173504,6708.91823015,1704155126392,false,true
4000013248,65945.06,0.03706208,2444.06108932,1704155126699,false,true
4000013249,65943.85,0.07281347,4801.60054366,1704155126834,true,true
4000013250,65943.52,0.04943817,3260.12695216,1704155126918,true,true
4000013251,65942.58,0.03817779,2517.54197130,1704155126948,true,true
4000013252,65943.93,0.04861258,3205.70457264,1704155127015,false,true
4000013253,65945.32,0.03120572,2057.87119123,1704155127109,true,true
4000013254,65944.63,0.11408060,7523.00295718,1704155127275,true,true
4000013255,65942.62,0.05140758,3389.95051306,1704155127288,true,true
4000013256,65942.29,0.08377224,5524.13334403,1704155127288,true,true
4000013257,65942.09,0.03123825,2059.91549294,1704155127357,true,true
4000013258,65942.09,0.10267849,6770.83422864,1704155127462,false,true
4000013259,65945.40,0.07047274,4647.35302840,1704155127637,true,true
4000013260,65943.89,0.12196564,8042.88874794,1704155127667,true,true
4000013261,65943.84,0.20393462,13448.23195174,1704155127892,false,true
4000013262,65943.25,0.06622226,4366.91104675,1704155128102,false,true
4000013263,65941.97,0.03258919,2148.99538930,1704155128522,false,true
4000013264,65940.61,0.12174597,8028.00352684,1704155128570,true,true
4000013265,65941.23,0.06543611,4314.93757982,1704155128851,true,true
4000013266,65942.04,0.02206288,1454.87131548,1704155128876,true,true
4000013267,65940.65,0.05476320,3611.12100408,1704155129017,true,true
4000013268,65939.40,0.03917050,2582.87926770,1704155129018,false,true
4000013269,65938.73,0.02749675,1813.10077413,1704155129035,false,true
4000013270,65938.72,0.09426796,6215.90861941,1704155129055,true,true
4000013271,65937.57,0.03221123,2123.93023291,1704155129081,false,true
4000013272,65939.14,0.05228146,3447.39451034,1704155129146,true,true
4000013273,65937.72,0.04244643,2798.82081634,1704155129321,false,true
4000013274,65936.84,0.03524615,2324.01975317,1704155129428,true,true
4000013275,65937.09,0.04383198,2890.15321014,1704155129587,false,true
4000013276,65938.89,0.19257450,12698.14877231,1704155129648,false,true
4000013277,65937.89,0.04587902,3025.16577407,1704155129773,false,true
4000013278,65938.04,0.03012480,1986.37026739,1704155129931,false,true
4000013279,65935.39,0.02372005,1563.99074757,1704155129991,true,true
4000013280,65938.10,0.05731641,3779.33517422,1704155130032,true,true
4000013281,65936.82,0.24839044,16378.07573200,1704155130056,false,true
4000013282,65937.54,0.06786216,4474.66388949,1704155130120,false,true
4000013283,65937.34,0.03658797,2412.51341780,1704155130583,true,true
4000013284,65937.83,0.04335783,2858.92122371,1704155130627,false,true
4000013285,65939.44,0.03815656,2516.02219873,1704155130694,false,true
4000013286,65939.52,0.10556171,6960.68848778,1704155130790,false,true
4000013287,65939.23,0.05516071,3637.25474365,1704155131154,false,true
4000013288,65939.83,0.03504783,2311.04795207,1704155131167,true,true
4000013289,65939.16,0.06598017,4350.67698646,1704155131235,false,true
4000013290,65941.20,0.02026699,1336.42964099,1704155131374,false,true
4000013291,65941.08,0.09125155,6017.22575867,1704155131383,true,true
4000013292,65942.26,0.03241529,2137.53748116,1704155131446,true,true
4000013293,65942.42,0.02677035,1765.30166325,1704155131541,false,true
4000013294,65941.12,0.03229726,2129.71749733,1704155131629,true,true
4000013295,65939.83,0.15559607,10259.97840447,1704155131766,true,true
4000013296,65943.21,0.04755736,3136.08497753,1704155131835,true,true
4000013297,65941.41,0.07563233,4987.30248179,1704155131885,true,true
4000013298,65942.86,0.07950377,5242.70597458,1704155131973,true,true
4000013299,65940.89,0.06682865,4406.74065850,1704155131999,true,true
4000013300,65941.59,0.09269560,6112.49525000,1704155132087,false,true
4000013301,65941.03,0.08006472,5279.55010346,1704155132168,false,true
4000013302,65940.90,0.04440785,2928.29359606,1704155132351,false,true
4000013303,65941.56,0.01947679,1284.32991639,1704155132439,true,true
4000013304,65942.22,0.10037654,6619.05188352,1704155132505,false,true
4000013305,65942.26,0.01922162,1267.51706366,1704155132745,true,true
4000013306,65941.92,0.03046310,2008.79530315,1704155132754,true,true
4000013307,65942.61,0.02843856,1875.31287104,1704155132829,false,true
4000013308,65945.48,0.02443814,1611.58487261,1704155133189,false,true
4000013309,65944.41,0.07462518,4921.11346624,1704155133311,true,true
4000013310,65942.65,0.04194232,2765.78772795,1704155133327,true,true
4000013311,65944.58,0.04686577,3090.54351903,1704155133429,false,true
4000013312,65944.55,0.07781795,5131.66969467,1704155133587,false,true
4000013313,65944.98,0.01256429,828.55185276,1704155133591,true,true
4000013314,65946.44,0.04553899,3003.13427170,1704155133779,false,true
4000013315,65947.13,0.03566832,2352.22333592,1704155133927,false,true
4000013316,65945.43,0.04201628,2770.78165160,1704155134129,false,true
4000013317,65945.52,0.06459698,4259.88143653,1704155134260,true,true
4000013318,65944.77,0.07338940,4839.64710344,1704155134367,false,true
4000013319,65946.11,0.12632265,8330.48737239,1704155134390,true,true
4000013320,65949.52,0.05366779,3539.36498996,1704155134461,false,true
4000013321,65949.97,0.09884889,6519.08133003,1704155134610,false,true
4000013322,65951.57,0.07508028,4951.66234204,1704155134842,false,true
4000013323,65951.59,0.04980962,3285.02363630,1704155135124,false,true
4000013324,65951.57,0.02728785,1799.67654942,1704155135202,true,true
4000013325,65953.87,0.05407306,3566.32756974,1704155135400,true,true
4000013326,65953.14,0.10954131,7224.59335421,1704155135679,true,true
4000013327,65950.09,0.13879976,9153.85666398,1704155135827,true,true
4000013328,65950.33,0.02902098,1913.94320792,1704155135991,false,true
4000013329,65950.61,0.01241038,818.47213133,1704155135999,false,true
4000013330,65951.28,0.05887428,3882.83412508,1704155136014,true,true
4000013331,65952.62,0.04282940,2824.71114303,1704155136554,false,true
4000013332,65953.46,0.04787566,3157.56542678,1704155136953,false,true
4000013333,65952.04,0.05722356,3774.01051806,1704155136968,false,true
4000013334,65952.43,0.06627926,4371.27825560,1704155136994,true,true
4000013335,65951.74,0.04732196,3120.96560221,1704155137174,true,true
4000013336,65949.57,0.05782777,3813.71656556,1704155137251,false,true
4000013337,65950.62,0.03906278,2576.21455992,1704155137347,false,true
4000013338,65950.09,0.10438081,6883.92381377,1704155137453,false,true
4000013339,65948.81,0.05214732,3439.05369869,1704155137630,false,true
4000013340,65949.38,0.04386444,2892.83262205,1704155137658,false,true
4000013341,65950.33,0.07084334,4672.14165130,1704155137697,true,true
4000013342,65949.43,0.05015546,3307.72399839,1704155137739,true,true
4000013343,65947.64,0.02079442,1371.34292417,1704155137770,true,true
4000013344,65946.93,0.07544420,4975.31337631,1704155137872,false,true
4000013345,65946.74,0.01990436,1312.62765379,1704155137979,true,true
4000013346,65948.12,0.19517355,12871.32869623,1704155138054,true,true
4000013347,65948.78,0.03771094,2486.99048565,1704155138127,true,true
4000013348,65948.11,0.06230132,4108.65430451,1704155138275,true,true
4000013349,65950.45,0.03384644,2232.18794890,1704155138547,false,true
4000013350,65949.54,0.07601088,5012.88257100,1704155138549,true,true
4000013351,65950.88,0.09879699,6515.74843185,1704155138653,true,true
4000013352,65953.76,0.09712559,6405.79785272,1704155138764,true,true
4000013353,65954.41,0.06639972,4379.35435677,1704155138871,true,true
4000013354,65954.43,0.05381953,3549.63642402,1704155138932,true,true
4000013355,65954.11,0.13091858,8634.61842636,1704155139128,false,true
4000013356,65953.25,0.03530829,2328.69647744,1704155139269,false,true
4000013357,65952.68,0.04329664,2855.52944300,1704155139453,false,true
4000013358,65953.39,0.05746602,3790.07882881,1704155139481,true,true
4000013359,65951.80,0.04128393,2722.74949457,1704155139490,true,true
4000013360,65952.88,0.02416855,1593.98547792,1704155139532,false,true
4000013361,65953.42,0.06377469,4206.15891494,1704155139736,true,true
4000013362,65954.61,0.05096192,3361.17355845,1704155139853,true,true
4000013363,65954.25,0.06082274,4011.51819965,1704155139946,true,true
4000013364,65953.05,0.04240705,2796.87428900,1704155140087,false,true
4000013365,65952.29,0.08738113,5762.98562629,1704155140147,true,true
4000013366,65952.84,0.06623198,4368.18717982,1704155140318,false,true
4000013367,65952.34,0.07642987,5040.72877240,1704155140395,true,true
4000013368,65956.06,0.05933410,3913.44345965,1704155140425,false,true
4000013369,65955.83,0.02181421,1438.77432634,1704155140631,true,true
4000013370,65954.22,0.07559981,4986.12650070,1704155141199,false,true
4000013371,65954.77,0.03367033,2220.71887097,1704155141283,true,true
4000013372,65954.48,0.02948014,1944.34730403,1704155141470,true,true
4000013373,65954.89,0.01925718,1270.10518861,1704155141595,true,true
4000013374,65952.20,0.02817627,1858.28699429,1704155141605,true,true
4000013375,65953.67,0.02751903,1814.98102334,1704155141683,false,true
4000013376,65954.90,0.05386887,3552.91593396,1704155141683,false,true
4000013377,65956.27,0.04144802,2733.75679809,1704155141718,false,true
4000013378,65956.91,0.08096353,5340.10426149,1704155141795,true,true
4000013379,65956.78,0.03301042,2177.26100965,1704155141944,false,true
4000013380,65954.73,0.09661452,6372.18458068,1704155141995,true,true
4000013381,65952.46,0.08027512,5294.34164080,1704155142024,false,true
4000013382,65952.68,0.13456949,8875.21851173,1704155142306,true,true
4000013383,65952.69,0.05229926,3449.27688201,1704155142677,false,true
4000013384,65952.62,0.09952108,6563.67597123,1704155143049,true,true
4000013385,65952.62,0.06131869,4044.12826047,1704155143098,true,true
4000013386,65951.76,0.17015429,11221.97489705,1704155143246,true,true
4000013387,65953.54,0.06754282,4454.68808058,1704155143251,false,true
4000013388,65955.36,0.02934751,1935.62558715,1704155143427,false,true
4000013389,65955.44,0.05858965,3864.30614520,1704155143536,true,true
4000013390,65957.25,0.06488387,4279.56163456,1704155143570,true,true
4000013391,65957.19,0.12119458,7993.65394003,1704155143719,true,true
4000013392,65958.87,0.06411960,4229.25636085,1704155144111,false,true
4000013393,65956.72,0.04894229,3228.07291769,1704155144160,false,true
4000013394,65956.32,0.03680544,2427.55137838,1704155144396,false,true
4000013395,65954.68,0.06544894,4316.66389404,1704155144453,false,true
4000013396,65952.40,0.07526952,4964.20549085,1704155144886,false,true
4000013397,65950.92,0.03549661,2341.03408638,1704155144897,false,true
4000013398,65951.57,0.14274520,9414.27004996,1704155144962,false,true
4000013399,65949.71,0.06729895,4438.34623580,1704155144987,false,true
4000013400,65950.07,0.04039519,2664.06560816,1704155145105,false,true
4000013401,65950.77,0.03954217,2607.83655897,1704155145118,true,true
4000013402,65950.49,0.10549031,6957.13763475,1704155145160,false,true
4000013403,65950.44,0.01890989,1247.11556585,1704155145296,true,true
4000013404,65948.80,0.06047255,3988.09210544,1704155145312,true,true
4000013405,65948.77,0.08213636,5416.79191428,1704155145372,false,true
4000013406,65950.15,0.04409005,2907.74541101,1704155146026,true,true
4000013407,65951.31,0.03844151,2535.26794288,1704155146056,false,true
4000013408,65949.30,0.05955014,3927.29004790,1704155146563,true,true
4000013409,65948.70,0.03557365,2346.03597175,1704155146720,true,true
4000013410,65945.05,0.09654586,6366.72156499,1704155146739,false,true
4000013411,65946.19,0.03255943,2147.17035707,1704155147060,false,true
4000013412,65945.20,0.03245129,2140.00680931,1704155147181,true,true
4000013413,65946.53,0.04790818,3159.37822962,1704155147281,true,true
4000013414,65944.47,0.05293741,3490.92944562,1704155147436,true,true
4000013415,65944.54,0.01268207,836.31327240,1704155147770,true,true
4000013416,65946.43,0.03248057,2141.97763587,1704155148031,true,true
4000013417,65945.33,0.15159009,9996.65850978,1704155148123,true,true
4000013418,65944.97,0.02755008,1816.78919910,1704155148138,false,true
4000013419,65946.22,0.05355774,3531.93050474,1704155148148,false,true
4000013420,65947.43,0.03945502,2601.95716960,1704155148204,true,true
4000013421,65948.82,0.07461342,4920.66700516,1704155148317,false,true
4000013422,65947.03,0.04031703,2658.78838692,1704155148492,false,true
4000013423,65949.14,0.02043672,1347.78410842,1704155148593,false,true
4000013424,65948.73,0.04358501,2874.37605654,1704155148680,false,true
4000013425,65949.71,0.02495206,1645.58112090,1704155148896,true,true
4000013426,65949.32,0.01460868,963.43251210,1704155149024,true,true
4000013427,65948.40,0.08090038,5335.25062039,1704155149061,true,true
4000013428,65948.83,0.05362468,3536.48490512,1704155149534,true,true
4000013429,65949.09,0.02742003,1808.32602627,1704155149616,true,true
4000013430,65948.06,0.03519858,2321.27806575,1704155149796,false,true
4000013431,65949.87,0.01891126,1247.19513854,1704155149961,true,true
4000013432,65950.19,0.02231099,1471.41402959,1704155150115,true,true
4000013433,65952.24,0.08158500,5380.71350040,1704155150252,true,true
4000013434,65953.30,0.11486240,7575.55432592,1704155150463,false,true
4000013435,65952.22,0.05383155,3550.31022854,1704155150538,false,true
4000013436,65951.65,0.03969414,2617.89402833,1704155150572,true,true
4000013437,65955.66,0.07296408,4812.39405269,1704155150660,true,true
4000013438,65953.17,0.03235368,2133.82775717,1704155150725,false,true
4000013439,65953.15,0.14663948,9671.33562036,1704155150985,true,true
4000013440,65950.80,0.07196863,4746.38872340,1704155150992,false,true
4000013441,65949.22,0.01939839,1279.30868976,1704155151176,false,true
4000013442,65949.73,0.05491545,3621.65910033,1704155151355,true,true
4000013443,65949.37,0.01496570,986.97848661,1704155151459,true,true
4000013444,65945.93,0.05231339,3449.85515500,1704155151461,false,true
4000013445,65944.54,0.17079266,11262.84339908,1704155151487,false,true
4000013446,65943.55,0.04415050,2911.44070428,1704155151542,false,true
4000013447,65943.65,0.04855858,3202.13000402,1704155151650,true,true
4000013448,65944.60,0.14232731,9385.71752703,1704155151781,false,true
4000013449,65945.67,0.01334315,879.92296666,1704155151781,false,true
4000013450,65946.87,0.03459647,2281.52890955,1704155151863,true,true
4000013451,65945.24,0.01988221,1311.13711018,1704155151880,false,true
4000013452,65944.43,0.04076433,2688.18050618,1704155151894,true,true
4000013453,65946.96,0.09548374,6296.86238243,1704155152251,true,true
4000013454,65946.99,0.03070189,2024.69723281,1704155152439,true,true
4000013455,65948.22,0.02003946,1321.56671676,1704155152511,true,true
4000013456,65947.14,0.04565703,3010.95054939,1704155152648,true,true
4000013457,65945.85,0.04705857,3103.31739843,1704155152672,false,true
4000013458,65947.07,0.11275923,7436.14083396,1704155152816,true,true
4000013459,65948.34,0.08706206,5741.59833398,1704155152993,false,true
4000013460,65948.87,0.04005687,2641.70531224,1704155153104,false,true
4000013461,65948.89,0.01893452,1248.71057668,1704155153394,false,true
4000013462,65946.86,0.15680041,10340.49468621,1704155153505,true,true
4000013463,65945.46,0.07374325,4863.03254315,1704155153513,true,true
4000013464,65946.89,0.01822024,1201.56816305,1704155153539,true,true
4000013465,65944.88,0.08123545,5357.06200200,1704155153763,false,true
4000013466,65944.59,0.05037591,3322.01873083,1704155153799,true,true
4000013467,65943.13,0.14529323,9581.09035401,1704155154549,true,true
4000013468,65943.54,0.07440682,4906.64911094,1704155154600,true,true
4000013469,65942.83,0.02440333,1609.22464162,1704155155075,false,true
4000013470,65944.34,0.04727407,3117.45734526,1704155155164,true,true
4000013471,65946.39,0.04077819,2689.17442123,1704155155190,true,true
4000013472,65947.08,0.07903391,5212.05558548,1704155155379,true,true
4000013473,65946.60,0.06937841,4575.27025291,1704155155453,true,true
4000013474,65944.61,0.06682471,4406.72943931,1704155155453,true,true
4000013475,65944.75,0.07893132,5205.10616457,1704155155484,true,true
4000013476,65944.55,0.05060574,3337.17275172,1704155155569,true,true
4000013477,65943.90,0.02628615,1733.41124698,1704155155591,false,true
4000013478,65944.58,0.01610156,1061.81061154,1704155155728,true,true
4000013479,65947.72,0.04204770,2772.94994624,1704155155773,false,true
4000013480,65947.05,0.03663322,2415.85279100,1704155155790,true,true
4000013481,65947.46,0.04614538,3043.17060173,1704155156009,false,true
4000013482,65946.47,0.05284862,3485.17993337,1704155156323,false,true
4000013483,65947.23,0.03121767,2058.71886355,1704155156329,false,true
4000013484,65948.99,0.08298854,5473.01039457,1704155156426,false,true
4000013485,65947.76,0.07139460,4708.31394610,1704155156602,false,true
4000013486,65946.66,0.06754734,4454.52146488,1704155156723,false,true
4000013487,65946.47,0.06211074,4095.98405209,1704155156820,true,true
4000013488,65948.48,0.02182588,1439.38361066,1704155156851,false,true
4000013489,65947.70,0.03336127,2200.09902558,1704155157012,true,true
4000013490,65947.71,0.07139564,4708.37896198,1704155157097,false,true
4000013491,65946.45,0.05139615,3389.39363617,1704155157370,false,true
4000013492,65945.84,0.04676531,3083.97765081,1704155157463,true,true
4000013493,65944.69,0.07264265,4790.39703503,1704155157495,false,true
4000013494,65945.05,0.03511590,2315.71978129,1704155157499,true,true
4000013495,65946.20,0.06538321,4311.77424330,1704155157558,true,true
4000013496,65947.13,0.10299749,6792.38886270,1704155157558,false,true
4000013497,65944.49,0.19905912,13126.85214825,1704155157573,true,true
4000013498,65947.49,0.02644613,1744.05589371,1704155157577,false,true
4000013499,65948.46,0.03291524,2170.70938853,1704155157662,false,true
4000013500,65946.04,0.18609282,12272.08455143,1704155157730,true,true
4000013501,65944.99,0.01857401,1224.86290371,1704155158196,true,true
4000013502,65946.24,0.03287621,2168.06243495,1704155158249,true,true
4000013503,65946.58,0.07696848,5075.80802380,1704155158315,true,true
4000013504,65947.02,0.03429000,2261.32331580,1704155158429,false,true
4000013505,65945.87,0.06440840,4247.46797331,1704155158523,false,true
4000013506,65947.89,0.17019234,11223.82571716,1704155158529,false,true
4000013507,65948.43,0.03173652,2092.97366766,1704155158581,false,true
4000013508,65947.10,0.06566069,4330.13208950,1704155158637,true,true
4000013509,65947.15,0.03893426,2567.60348436,1704155158945,false,true
4000013510,65946.72,0.03363311,2217.99328790,1704155158982,true,true
4000013511,65946.08,0.09479673,6251.47274032,1704155159042,true,true
4000013512,65945.80,0.01783842,1176.36887764,1704155159062,true,true
4000013513,65944.48,0.01788827,1179.63266325,1704155159104,false,true
4000013514,65941.74,0.02310415,1523.52785222,1704155159279,true,true
4000013515,65940.38,0.02547922,1680.10944890,1704155159370,true,true
4000013516,65940.77,0.13614183,8977.29709941,1704155159431,false,true
4000013517,65939.95,0.02946534,1942.94304633,1704155159702,true,true
4000013518,65939.72,0.15120840,9970.63955765,1704155159773,true,true
4000013519,65938.15,0.04498158,2966.00216928,1704155159849,false,true
4000013520,65934.27,0.03610459,2380.52978530,1704155159885,false,true
4000013521,65935.39,0.02348217,1548.30603700,1704155159947,true,true
4000013522,65932.62,0.02111188,1391.96156153,1704155160034,true,true
4000013523,65932.79,0.02010499,1325.57808362,1704155160086,true,true
4000013524,65932.44,0.02358949,1555.31263406,1704155160466,false,true
4000013525,65934.84,0.05702432,3759.88941531,1704155160474,false,true
4000013526,65935.69,0.01925793,1269.78490252,1704155160632,true,true
4000013527,65935.12,0.02475874,1632.47049295,1704155160826,false,true
4000013528,65936.96,0.01672612,1102.86950540,1704155160887,false,true
4000013529,65936.66,0.06799532,4483.38429643,1704155160890,false,true
4000013530,65934.01,0.19465680,12834.50339777,1704155160982,true,true
4000013531,65932.68,0.13785687,9089.27289551,1704155161086,true,true
4000013532,65932.85,0.03300636,2176.20338293,1704155161188,false,true
4000013533,65933.86,0.05720249,3771.58096731,1704155161228,false,true
4000013534,65935.42,0.03300539,2176.22425191,1704155161232,true,true
4000013535,65934.32,0.15314731,10097.66374468,1704155161268,true,true
4000013536,65936.70,0.06291232,4148.23077014,1704155161681,true,true
4000013537,65935.38,0.04313051,2843.82656644,1704155161786,true,true
4000013538,65934.84,0.01137576,750.05891548,1704155161810,false,true
4000013539,65935.00,0.03264155,2152.22059925,1704155161816,true,true
4000013540,65936.66,0.06955305,4586.09580981,1704155162045,false,true
4000013541,65936.41,0.12232718,8065.81509462,1704155162152,false,true
4000013542,65937.13,0.02791846,1840.86312642,1704155162181,false,true
4000013543,65937.05,0.05993818,3952.14677157,1704155162220,true,true
4000013544,65937.00,0.02397057,1580.54747409,1704155162275,false,true
4000013545,65937.68,0.03365039,2218.82864770,1704155162576,true,true
4000013546,65936.05,0.08238470,5432.12169844,1704155162734,false,true
4000013547,65932.75,0.10725300,7071.48523575,1704155162882,true,true
4000013548,65931.85,0.30159982,19885.03409227,1704155162915,false,true
4000013549,65931.50,0.04672897,3080.91108556,1704155163043,true,true
4000013550,65931.52,0.04191712,2763.65943562,1704155163120,false,true
4000013551,65931.64,0.06918586,4561.53721461,1704155163534,false,true
4000013552,65931.80,0.06426936,4237.39458965,1704155163918,false,true
4000013553,65928.80,0.04334833,2857.90337890,1704155164071,false,true
4000013554,65925.77,0.06384646,4209.12703727,1704155164298,false,true
4000013555,65924.07,0.04849602,3197.05501720,1704155164343,false,true
4000013556,65923.63,0.05040703,3323.01439512,1704155164448,true,true
4000013557,65923.61,0.06751582,4450.88658651,1704155164565,false,true
4000013558,65919.45,0.04275573,2818.43420595,1704155164820,true,true
4000013559,65918.44,0.03200980,2110.03608071,1704155164891,false,true
4000013560,65917.27,0.06449830,4251.55185564,1704155164957,true,true
4000013561,65918.82,0.04603641,3034.66582424,1704155164989,true,true
4000013562,65920.13,0.09405032,6199.80932094,1704155165189,true,true
4000013563,65919.81,0.04463165,2942.10988799,1704155165525,true,true
4000013564,65921.14,0.02874858,1895.13916698,1704155165584,false,true
4000013565,65923.66,0.05764073,3799.88788667,1704155165729,true,true
4000013566,65923.10,0.05961630,3930.09130653,1704155165801,false,true
4000013567,65920.16,0.01106698,729.53709232,1704155166053,true,true
4000013568,65921.43,0.02174493,1433.45688085,1704155166148,true,true
4000013569,65919.75,0.06284238,4142.55397901,1704155166223,true,true
4000013570,65917.95,0.05836120,3847.05066354,1704155166488,false,true
4000013571,65919.13,0.05339520,3519.76513018,1704155166503,false,true
4000013572,65919.80,0.07191771,4740.80105966,1704155166548,false,true
4000013573,65918.68,0.07799134,5141.08618423,1704155166608,false,true
4000013574,65918.71,0.02751826,1813.96820064,1704155166708,true,true
4000013575,65918.74,0.03316690,2186.32025771,1704155166906,true,true
4000013576,65919.87,0.01572848,1036.81935690,1704155166913,false,true
4000013577,65919.35,0.13373216,8815.53706130,1704155166945,false,true
4000013578,65916.13,0.02039572,1344.40693096,1704155167155,true,true
4000013579,65917.14,0.03743260,2467.44993476,1704155167258,true,true
4000013580,65916.93,0.03324415,2191.35230846,1704155167566,true,true
4000013581,65917.81,0.06351430,4186.72355968,1704155167640,false,true
4000013582,65917.02,0.01756008,1157.50814456,1704155167808,true,true
4000013583,65915.46,0.02518466,1660.05844884,1704155167808,false,true
4000013584,65915.79,0.06650399,4383.66303900,1704155167929,true,true
4000013585,65913.56,0.02128165,1402.74931417,1704155167958,false,true
4000013586,65914.75,0.05228823,3446.56560839,1704155168225,true,true
4000013587,65914.26,0.02114476,1393.74120828,1704155168231,true,true
4000013588,65913.99,0.02559446,1687.03298050,1704155168358,false,true
4000013589,65914.52,0.04472211,2947.83641404,1704155168379,false,true
4000013590,65916.48,0.12445042,8203.33362092,1704155168447,false,true
4000013591,65916.07,0.07538654,4969.18444770,1704155168632,true,true
4000013592,65915.49,0.04542323,2994.09446283,1704155168777,true,true
4000013593,65915.26,0.03317201,2186.54166387,1704155168804,false,true
4000013594,65915.40,0.09454859,6232.20812929,1704155168986,false,true
4000013595,65918.84,0.03870092,2551.11975333,1704155169030,false,true
4000013596,65919.95,0.04199724,2768.45596094,1704155169039,true,true
4000013597,65919.62,0.08709128,5741.02408291,1704155169050,true,true
4000013598,65919.00,0.03153971,2079.06614349,1704155169064,false,true
4000013599,65920.30,0.06573650,4333.36980095,1704155169179,true,true
4000013600,65919.86,0.03735049,2462.13907173,1704155169375,true,true
4000013601,65921.20,0.17810612,11740.96915774,1704155169496,false,true
4000013602,65921.12,0.02271532,1497.41933556,1704155169548,true,true
4000013603,65919.16,0.00979913,645.95041833,1704155169679,false,true
4000013604,65922.21,0.07025485,4631.35497522,1704155169821,false,true
4000013605,65920.79,0.03275529,2159.25459348,1704155169821,false,true
4000013606,65921.24,0.06646765,4381.62990789,1704155169953,true,true
4000013607,65922.84,0.02727567,1798.08962930,1704155169997,true,true
4000013608,65922.73,0.02423030,1597.32752472,1704155170008,true,true
4000013609,65923.69,0.03600814,2373.78945884,1704155170096,false,true
4000013610,65922.48,0.04455930,2937.45956306,1704155170132,true,true
4000013611,65921.59,0.08983143,5921.83069757,1704155170245,false,true
4000013612,65920.77,0.14082423,9283.24167626,1704155170344,true,true
4000013613,65919.08,0.05570361,3671.93072388,1704155170453,false,true
4000013614,65917.01,0.04817715,3175.69367832,1704155170568,false,true
4000013615,65914.75,0.12823872,8452.82316912,1704155170580,true,true
4000013616,65914.47,0.07678891,5061.50030453,1704155170763,true,true
4000013617,65914.21,0.03499970,2306.97757574,1704155171198,true,true
4000013618,65914.49,0.04596803,3029.95925375,1704155171218,true,true
4000013619,65914.97,0.03813551,2513.70099758,1704155171334,false,true
4000013620,65914.44,0.05994107,3950.98206205,1704155171513,true,true
4000013621,65912.79,0.07126513,4697.28354801,1704155171521,false,true
4000013622,65910.33,0.03639790,2398.99760031,1704155171591,false,true
4000013623,65909.49,0.02579538,1700.16034016,1704155171737,false,true
4000013624,65911.33,0.03419265,2253.68303772,1704155171762,false,true
4000013625,65912.05,0.04603222,3034.07798625,1704155171806,true,true
4000013626,65912.25,0.02497709,1646.29620035,1704155171904,true,true
4000013627,65915.27,0.10800499,7119.17807720,1704155172180,true,true
4000013628,65917.41,0.07256169,4783.07867002,1704155172549,true,true
4000013629,65916.33,0.09745327,6423.76190490,1704155172555,false,true
4000013630,65915.93,0.06399017,4217.97156641,1704155172576,false,true
4000013631,65917.57,0.01694329,1116.86050461,1704155172596,false,true
4000013632,65918.04,0.02521986,1662.44374027,1704155172601,false,true
4000013633,65916.87,0.03372980,2223.36284173,1704155172657,false,true
4000013634,65916.59,0.05333583,3515.71603842,1704155172745,true,true
4000013635,65915.39,0.02676714,1764.36647228,1704155173886,false,true
4000013636,65912.19,0.06177273,4071.57591658,1704155173902,true,true
4000013637,65913.32,0.05810881,3830.14458835,1704155173904,false,true
4000013638,65911.77,0.04542610,2994.11465520,1704155173976,true,true
4000013639,65913.06,0.03866476,2548.51264577,1704155174232,false,true
4000013640,65911.96,0.04690303,3091.47063724,1704155174264,false,true
4000013641,65912.62,0.10174517,6706.29072705,1704155174288,false,true
4000013642,65913.07,0.04530586,2986.24832159,1704155174368,false,true
4000013643,65914.13,0.05404653,3562.43000447,1704155174465,false,true
4000013644,65914.97,0.13972549,9210.00148159,1704155174536,true,true
4000013645,65912.85,0.05960904,3929.00171216,1704155174759,true,true
4000013646,65910.73,0.12713649,8379.65886554,1704155175108,true,true
4000013647,65911.99,0.02963891,1953.55953953,1704155175777,false,true
4000013648,65912.67,0.03436915,2265.36244213,1704155175823,false,true
4000013649,65912.03,0.07515478,4953.60411400,1704155175868,true,true
4000013650,65913.97,0.03003573,1979.77420615,1704155175955,true,true
4000013651,65914.69,0.07597360,5007.77629218,1704155176002,false,true
4000013652,65914.42,0.02109215,1390.27683380,1704155176162,true,true
4000013653,65914.77,0.07530496,4963.70911826,1704155176164,false,true
4000013654,65915.12,0.04499216,2965.66362546,1704155176476,true,true
4000013655,65913.79,0.12078321,7961.27913947,1704155176531,true,true
4000013656,65912.45,0.04769394,3143.62443555,1704155176772,false,true
4000013657,65910.67,0.07079713,4666.28627238,1704155176999,false,true
4000013658,65909.45,0.02167959,1428.88985313,1704155177112,true,true
4000013659,65906.59,0.01825502,1203.12611858,1704155177293,true,true
4000013660,65906.82,0.02630698,1733.80939560,1704155177323,false,true
4000013661,65908.78,0.25198301,16607.89276983,1704155177351,true,true
4000013662,65906.44,0.04147095,2733.20267792,1704155177402,true,true
4000013663,65906.65,0.02911324,1918.75611905,1704155177643,true,true
4000013664,65906.81,0.04742076,3125.35101938,1704155177701,true,true
4000013665,65905.64,0.04357792,2872.03070747,1704155177913,false,true
4000013666,65904.30,0.01676338,1104.77882453,1704155178025,false,true
4000013667,65906.93,0.08026946,5290.31368136,1704155178194,true,true
4000013668,65906.47,0.05779050,3808.76785453,1704155178251,false,true
4000013669,65907.09,0.04506082,2969.82751921,1704155178375,false,true
4000013670,65909.35,0.06540110,4310.54399029,1704155178450,false,true
4000013671,65912.11,0.02294986,1512.67369680,1704155178450,false,true
4000013672,65913.22,0.01930271,1272.30377083,1704155178581,true,true
4000013673,65912.77,0.04084549,2692.23938791,1704155178742,false,true
4000013674,65912.50,0.01783620,1175.62853250,1704155178814,true,true
4000013675,65912.64,0.15515371,10226.59063189,1704155178884,true,true
4000013676,65913.27,0.08346300,5501.31925401,1704155179063,false,true
4000013677,65914.77,0.02129803,1403.85474890,1704155179111,true,true
4000013678,65918.08,0.13796743,9094.54808813,1704155179630,false,true
4000013679,65918.72,0.02976052,1961.77538493,1704155179972,true,true
4000013680,65921.69,0.33340248,21978.45493179,1704155180100,true,true
4000013681,65922.44,0.05493055,3621.15588654,1704155180185,true,true
4000013682,65921.71,0.01594394,1051.05178894,1704155180217,false,true
4000013683,65922.14,0.05222057,3442.49172642,1704155180297,false,true
4000013684,65922.13,0.04541345,2993.75135465,1704155180408,true,true
4000013685,65920.68,0.09314633,6140.26941310,1704155180498,true,true
4000013686,65920.62,0.06913775,4557.60334540,1704155180508,false,true
4000013687,65918.61,0.03569757,2353.13419478,1704155180529,true,true
4000013688,65917.77,0.05828239,3841.84517907,1704155180639,true,true
4000013689,65919.35,0.02531515,1668.75823315,1704155180700,false,true
4000013690,65919.69,0.17572865,11583.97813212,1704155180742,false,true
4000013691,65917.78,0.05859352,3862.35476079,1704155180870,false,true
4000013692,65915.57,0.08500684,5603.27431250,1704155181108,true,true
4000013693,65913.45,0.02247789,1481.59527862,1704155181161,false,true
4000013694,65914.76,0.01832246,1207.72055351,1704155181329,true,true
4000013695,65912.25,0.06288953,4145.19042374,1704155181581,true,true
4000013696,65913.14,0.12452109,8207.57603812,1704155181611,false,true
4000013697,65911.82,0.02928413,1930.17030542,1704155181715,false,true
4000013698,65914.20,0.02862917,1887.06883721,1704155181805,true,true
4000013699,65913.93,0.07521487,4957.70767614,1704155182101,true,true
4000013700,65915.00,0.23930471,15773.76995965,1704155182102,true,true
4000013701,65914.19,0.03804476,2507.68953914,1704155182200,false,true
4000013702,65914.85,0.01776173,1170.76176869,1704155182211,false,true
4000013703,65915.76,0.07008372,4619.62166743,1704155182269,false,true
4000013704,65914.13,0.03624326,2388.94295126,1704155182278,false,true
4000013705,65913.26,0.06165428,4063.83458775,1704155182446,true,true
4000013706,65914.26,0.04305939,2838.22782790,1704155182475,false,true
4000013707,65917.27,0.02694765,1776.31552092,1704155182556,true,true
4000013708,65916.57,0.08082389,5327.63360286,1704155182575,true,true
4000013709,65916.68,0.06979806,4600.85638564,1704155182677,true,true
4000013710,65917.21,0.04468339,2945.40440214,1704155182809,true,true
4000013711,65916.08,0.03851938,2539.04653363,1704155183051,true,true
4000013712,65917.10,0.05402167,3560.95182356,1704155183070,true,true
4000013713,65915.86,0.05255562,3464.24889013,1704155183122,false,true
4000013714,65916.64,0.07457666,4915.84284962,1704155183334,true,true
4000013715,65917.34,0.18168140,11975.95461548,1704155183520,true,true
4000013716,65916.47,0.04524138,2982.15206753,1704155183771,false,true
4000013717,65916.79,0.07494915,4940.40738123,1704155183787,false,true
4000013718,65918.64,0.06786978,4473.88359470,1704155184053,false,true
4000013719,65916.43,0.05714317,3766.67376528,1704155184112,false,true
4000013720,65915.72,0.07786116,5132.27442144,1704155184169,false,true
4000013721,65916.50,0.04261054,2808.73765991,1704155184204,true,true
4000013722,65917.15,0.05256246,3464.76756019,1704155184244,false,true
4000013723,65916.84,0.04852920,3198.89151173,1704155184387,false,true
4000013724,65917.73,0.06371814,4200.15514862,1704155184541,true,true
4000013725,65916.07,0.05603935,3693.89371735,1704155184579,true,true
4000013726,65914.37,0.03432541,2262.53777514,1704155184620,false,true
4000013727,65916.16,0.04826136,3181.20352758,1704155184748,true,true
4000013728,65918.56,0.02495655,1645.09983857,1704155184967,true,true
4000013729,65920.07,0.11100831,7317.67556578,1704155185235,false,true
4000013730,65919.40,0.01048774,691.34552816,1704155185265,false,true
4000013731,65919.34,0.07367624,4856.68911448,1704155185344,true,true
4000013732,65920.55,0.12229538,8061.77871206,1704155185519,false,true
4000013733,65920.55,0.02751482,1813.79206755,1704155185618,false,true
4000013734,65921.13,0.04210252,2775.44569425,1704155185672,true,true
4000013735,65923.26,0.04426473,2918.07530462,1704155185679,true,true
4000013736,65922.21,0.05756794,3795.00582995,1704155185853,false,true
4000013737,65919.58,0.01222733,806.02045812,1704155186083,false,true
4000013738,65918.90,0.05909749,3895.64153356,1704155186234,true,true
4000013739,65918.46,0.04021007,2650.58589089,1704155186411,false,true
4000013740,65920.64,0.03057586,2015.58025975,1704155186458,false,true
4000013741,65919.30,0.05927071,3907.08371370,1704155186733,false,true
4000013742,65918.14,0.02578835,1699.92006567,1704155186735,true,true
4000013743,65917.29,0.05910310,3895.91618260,1704155186957,false,true
4000013744,65917.74,0.02761268,1820.16546094,1704155186985,true,true
4000013745,65917.78,0.03239022,2135.09139611,1704155186997,false,true
4000013746,65917.40,0.05650186,3724.45570636,1704155187246,false,true
4000013747,65916.39,0.03574651,2356.28089430,1704155187248,false,true
4000013748,65917.53,0.12077900,7961.45335587,1704155187523,true,true
4000013749,65917.75,0.07722377,5090.41716492,1704155187587,false,true
4000013750,65916.43,0.01326730,874.53305174,1704155187668,false,true
4000013751,65915.62,0.02374806,1565.36809870,1704155187752,false,true
4000013752,65915.25,0.06729816,4435.97504094,1704155187843,false,true
4000013753,65914.99,0.07069859,4660.09685286,1704155187955,true,true
4000013754,65915.84,0.01869535,1232.31969934,1704155188135,true,true
4000013755,65915.46,0.03444874,2270.70454352,1704155188253,true,true
4000013756,65916.49,0.03283130,2164.12405814,1704155188447,false,true
4000013757,65917.76,0.04012520,2644.96330355,1704155188653,true,true
4000013758,65917.02,0.08337036,5495.52568753,1704155188822,true,true
4000013759,65916.44,0.12377666,8158.91678229,1704155189044,false,true
4000013760,65915.87,0.05359793,3532.95418615,1704155189159,true,true
4000013761,65915.34,0.03798694,2503.92206566,1704155189240,false,true
4000013762,65916.64,0.07030837,4634.49151428,1704155189306,true,true
4000013763,65915.77,0.05771513,3804.33723460,1704155189457,false,true
4000013764,65914.46,0.02535287,1671.12073550,1704155190009,true,true
4000013765,65912.22,0.02784170,1835.10825557,1704155190092,false,true
4000013766,65912.19,0.04381051,2887.64665912,1704155190123,false,true
4000013767,65912.79,0.22331367,14719.22703484,1704155190184,true,true
4000013768,65913.14,0.02618810,1726.13990163,1704155190255,false,true
4000013769,65912.34,0.05442396,3587.21055567,1704155190290,true,true
4000013770,65909.68,0.10094835,6653.47344503,1704155190321,true,true
4000013771,65911.26,0.05875751,3872.78151856,1704155190691,true,true
4000013772,65911.53,0.07489768,4936.62068225,1704155190853,true,true
4000013773,65911.03,0.04445880,2930.32530056,1704155191028,true,true
4000013774,65910.32,0.03060297,2017.05154565,1704155191149,false,true
4000013775,65911.86,0.06881653,4535.82549105,1704155191434,false,true
4000013776,65913.00,0.07149426,4712.40115938,1704155191862,false,true
4000013777,65911.52,0.03685955,2429.46896702,1704155192030,false,true
4000013778,65911.86,0.05672388,3738.77643722,1704155192229,true,true
4000013779,65910.81,0.03008319,1982.80742028,1704155192418,false,true
4000013780,65909.68,0.06676464,4400.43605772,1704155192422,true,true
4000013781,65909.13,0.11117353,7327.35064133,1704155192599,false,true
4000013782,65909.29,0.02244058,1479.04269499,1704155192838,true,true
4000013783,65905.53,0.15779938,10399.85177257,1704155192851,true,true
4000013784,65907.31,0.01938825,1277.82740311,1704155193002,true,true
4000013785,65906.99,0.04480537,2952.98707254,1704155193274,false,true
4000013786,65907.97,0.07798952,5140.13094447,1704155193334,true,true
4000013787,65906.17,0.01854670,1222.34196314,1704155193418,true,true
4000013788,65906.66,0.03406625,2245.19275623,1704155193450,false,true
4000013789,65905.52,0.08163719,5380.34145829,1704155193452,false,true
4000013790,65905.96,0.02919565,1924.16734107,1704155193453,false,true
4000013791,65905.29,0.04493181,2961.24396827,1704155193542,false,true
4000013792,65905.66,0.02317702,1527.49679993,1704155193618,false,true
4000013793,65907.89,0.02923700,1926.94897993,1704155193618,true,true
4000013794,65909.96,0.04625698,3048.79570152,1704155194145,true,true
4000013795,65907.89,0.05468862,3604.41155121,1704155194232,true,true
4000013796,65907.56,0.02040688,1344.96766801,1704155194322,false,true
4000013797,65905.97,0.09766824,6436.92009539,1704155194359,false,true
4000013798,65907.37,0.03051464,2011.13966890,1704155194635,false,true
4000013799,65906.62,0.04410476,2906.79565751,1704155194659,true,true
4000013800,65905.74,0.14904313,9822.79777457,1704155195107,false,true
4000013801,65905.19,0.05734589,3779.39177617,1704155195162,true,true
4000013802,65903.83,0.06432487,4239.25529725,1704155195226,false,true
4000013803,65906.46,0.04166386,2745.91752254,1704155195256,false,true
4000013804,65906.83,0.03448493,2272.79241907,1704155195280,true,true
4000013805,65908.99,0.04610536,3038.75771119,1704155195283,true,true
4000013806,65908.35,0.04339659,2860.19764253,1704155195559,true,true
4000013807,65909.66,0.06660944,4390.20554319,1704155195661,false,true
4000013808,65905.92,0.08465153,5579.03696406,1704155195734,false,true
4000013809,65906.91,0.02581561,1701.42708487,1704155196111,true,true
4000013810,65905.96,0.02207517,1454.88527101,1704155196114,true,true
4000013811,65906.45,0.03067330,2021.56831278,1704155196120,false,true
4000013812,65905.32,0.03224412,2125.05904672,1704155196181,true,true
4000013813,65904.94,0.06703694,4418.06550848,1704155196257,true,true
4000013814,65904.02,0.03877157,2555.20232471,1704155196343,false,true
4000013815,65904.34,0.04081102,2689.62333783,1704155196440,false,true
4000013816,65901.36,0.05398204,3557.48985157,1704155196801,false,true
4000013817,65901.94,0.05223685,3442.50975449,1704155196880,false,true
4000013818,65899.12,0.11439196,7538.32949908,1704155196904,false,true
4000013819,65901.21,0.05387901,3550.69195260,1704155197054,false,true
4000013820,65900.94,0.06727673,4433.59974713,1704155197072,true,true
4000013821,65900.43,0.06851779,4515.35182365,1704155197118,false,true
4000013822,65901.00,0.07466538,4920.52320738,1704155197270,false,true
4000013823,65901.80,0.10841487,7144.73507977,1704155197537,false,true
4000013824,65903.16,0.05429707,3578.34849174,1704155197667,true,true
4000013825,65904.25,0.05391668,3553.33835789,1704155197693,false,true
4000013826,65904.55,0.02955693,1947.93617103,1704155197742,false,true
4000013827,65903.94,0.09112349,6005.39701755,1704155197809,false,true
4000013828,65903.16,0.03790999,2498.38813657,1704155197924,false,true
4000013829,65901.94,0.13707313,9033.38518887,1704155197948,true,true
4000013830,65903.94,0.15018561,9897.82343030,1704155198005,true,true
4000013831,65904.76,0.04714163,3106.85781116,1704155198141,true,true
4000013832,65905.88,0.16601874,10941.61115619,1704155198168,false,true
4000013833,65906.55,0.05087924,3353.27517502,1704155198192,false,true
4000013834,65905.16,0.04992758,3290.48514831,1704155198313,true,true
4000013835,65903.28,0.06338946,4177.57333143,1704155199095,true,true
4000013836,65901.65,0.07471524,4923.85759615,1704155199110,true,true
4000013837,65900.71,0.04209479,2774.07654830,1704155199119,true,true
4000013838,65900.62,0.10991945,7243.75990506,1704155199252,false,true
4000013839,65900.87,0.09292888,6124.09404013,1704155199643,false,true
4000013840,65904.35,0.08299615,5469.80731825,1704155199930,true,true
4000013841,65903.12,0.05565573,3667.88625288,1704155199956,true,true
4000013842,65904.81,0.08321245,5484.10070688,1704155200190,false,true
4000013843,65904.51,0.04472624,2947.66093134,1704155200329,false,true
4000013844,65904.45,0.02915637,1921.53452885,1704155200417,true,true
4000013845,65905.10,0.03104835,2046.24461159,1704155200453,true,true
4000013846,65906.27,0.14085590,9283.28697649,1704155200832,false,true
4000013847,65906.57,0.13355772,8802.33122222,1704155201011,false,true
4000013848,65905.52,0.05088104,3353.34139934,1704155201263,true,true
4000013849,65905.51,0.06492116,4278.66215959,1704155201472,true,true
4000013850,65907.12,0.15437512,10174.41955885,1704155201539,true,true
4000013851,65905.77,0.01348253,888.57652120,1704155201665,true,true
4000013852,65905.90,0.05272248,3474.72249463,1704155201682,false,true
4000013853,65906.12,0.06871042,4528.43718577,1704155201962,false,true
4000013854,65905.39,0.02118587,1396.26302484,1704155202018,true,true
4000013855,65903.80,0.09619959,6339.91853944,1704155202367,true,true
4000013856,65903.70,0.09976850,6575.11329345,1704155202399,false,true
4000013857,65905.66,0.01854595,1222.28307508,1704155202440,false,true
4000013858,65904.76,0.03105925,2046.95241703,1704155202724,false,true
4000013859,65905.19,0.12498907,8237.42840627,1704155202847,false,true
4000013860,65907.52,0.10968700,7229.19814624,1704155203178,false,true
4000013861,65908.12,0.03771005,2485.39850061,1704155203193,false,true
4000013862,65906.47,0.03412683,2249.17889759,1704155203689,false,true
4000013863,65907.30,0.02104534,1387.04153698,1704155203766,true,true
4000013864,65908.53,0.05869891,3868.75887070,1704155203919,true,true
4000013865,65909.80,0.05700344,3757.08532971,1704155204449,false,true
4000013866,65910.93,0.07917410,5218.43856291,1704155204488,false,true
4000013867,65908.79,0.10295314,6785.51688410,1704155204538,false,true
4000013868,65912.03,0.16764194,11049.62057854,1704155204564,false,true
4000013869,65911.23,0.01385717,913.34311902,1704155204905,true,true
4000013870,65912.14,0.01713049,1129.10725515,1704155205207,true,true
4000013871,65910.17,0.03805961,2508.51536523,1704155205224,true,true
4000013872,65909.73,0.04975029,3279.02818132,1704155205233,false,true
4000013873,65910.21,0.16868960,11118.36696082,1704155205370,false,true
4000013874,65910.31,0.04219277,2780.93855046,1704155205460,true,true
4000013875,65911.98,0.04416213,2910.81342932,1704155205486,true,true
4000013876,65910.53,0.07311573,4819.09651564,1704155205526,false,true
4000013877,65911.88,0.08653981,5704.00157194,1704155205645,true,true
4000013878,65909.67,0.00856405,564.45370936,1704155205696,true,true
4000013879,65908.02,0.04145719,2732.36130766,1704155205711,true,true
4000013880,65908.36,0.04539507,2991.91461579,1704155205791,true,true
4000013881,65904.94,0.10259081,6761.24117760,1704155205886,true,true
4000013882,65903.53,0.06268174,4130.94793254,1704155206044,true,true
4000013883,65905.91,0.04327937,2852.36626408,1704155206273,false,true
4000013884,65909.30,0.04669053,3077.34014893,1704155206553,true,true
4000013885,65911.60,0.03194489,2105.53881172,1704155206569,false,true
4000013886,65914.24,0.06406149,4222.56442662,1704155206598,true,true
4000013887,65913.68,0.05947566,3920.25962103,1704155206659,false,true
4000013888,65913.23,0.02048267,1350.07893872,1704155206834,true,true
4000013889,65913.37,0.06268332,4131.66886399,1704155207054,true,true
4000013890,65911.77,0.02940966,1938.44274570,1704155207145,true,true
4000013891,65912.65,0.05099220,3361.03103133,1704155207269,false,true
4000013892,65912.24,0.07012746,4622.25797411,1704155207332,false,true
4000013893,65911.73,0.02962290,1952.49658662,1704155207337,true,true
4000013894,65910.45,0.04979501,3282.01151685,1704155207608,true,true
4000013895,65908.14,0.02488459,1640.09704156,1704155207967,true,true
4000013896,65908.57,0.01543614,1017.37391372,1704155207973,false,true
4000013897,65908.72,0.14272034,9406.51492736,1704155208066,false,true
4000013898,65910.57,0.04111439,2709.87288010,1704155208193,false,true
4000013899,65907.64,0.03525104,2323.31285395,1704155208425,true,true
4000013900,65906.99,0.06141544,4047.70678993,1704155208601,false,true
4000013901,65909.00,0.06020421,3967.99927689,1704155208607,true,true
4000013902,65908.67,0.03743627,2467.37476546,1704155208700,true,true
4000013903,65907.98,0.03854926,2540.70385709,1704155208884,false,true
4000013904,65907.05,0.05449536,3591.62841629,1704155209166,true,true
4000013905,65907.99,0.03453815,2276.34004482,1704155209603,false,true
4000013906,65908.17,0.07437131,4901.67694260,1704155209899,false,true
4000013907,65906.90,0.05954247,3924.25961604,1704155210006,true,true
4000013908,65905.80,0.09073938,5980.25143040,1704155210194,false,true
4000013909,65907.87,0.03491334,2301.06387399,1704155210207,true,true
4000013910,65908.10,0.08867716,5844.54312900,1704155210225,true,true
4000013911,65906.57,0.10993263,7245.28257438,1704155210262,true,true
4000013912,65903.98,0.01262279,831.89209970,1704155210439,false,true
4000013913,65902.50,0.06915060,4557.19741650,1704155210451,false,true
4000013914,65902.17,0.03863417,2546.07563915,1704155210630,true,true
4000013915,65903.25,0.03918701,2582.55131678,1704155210760,false,true
4000013916,65901.91,0.04756521,3134.63818855,1704155210804,false,true
4000013917,65901.44,0.05684255,3746.00589827,1704155210813,true,true
4000013918,65901.76,0.03966679,2614.11127455,1704155210826,false,true
4000013919,65903.05,0.03219330,2121.63665957,1704155210996,true,true
4000013920,65903.45,0.20587718,13568.01643827,1704155211046,true,true
4000013921,65904.47,0.06667041,4393.87803573,1704155211108,true,true
4000013922,65901.72,0.07412334,4884.85559814,1704155211153,false,true
4000013923,65901.76,0.07277631,4796.08691531,1704155211197,true,true
4000013924,65901.06,0.18956560,12492.57397954,1704155211206,false,true
4000013925,65897.67,0.02995638,1974.05564363,1704155211826,true,true
4000013926,65898.41,0.03815714,2514.49485615,1704155211872,true,true
4000013927,65897.47,0.06631049,4369.69352546,1704155211876,false,true
4000013928,65897.61,0.05466449,3602.25924287,1704155212180,false,true
4000013929,65896.08,0.04453668,2934.79262821,1704155212249,true,true
4000013930,65894.76,0.06242373,4113.39670665,1704155212366,false,true
4000013931,65895.38,0.02584736,1703.22160920,1704155212426,true,true
4000013932,65896.81,0.40694835,26816.59809976,1704155212467,false,true
4000013933,65896.75,0.02710208,1785.93899024,1704155212493,true,true
4000013934,65899.07,0.02125724,1400.83234677,1704155212493,true,true
4000013935,65895.60,0.03979306,2622.18756454,1704155212501,true,true
4000013936,65895.36,0.06595288,4345.98877064,1704155212768,true,true
4000013937,65897.27,0.06716429,4425.94335249,1704155212917,false,true
4000013938,65897.54,0.11450866,7545.83900270,1704155212978,false,true
4000013939,65896.52,0.04509127,2971.35777538,1704155213124,false,true
4000013940,65895.87,0.06275709,4135.43304422,1704155213212,true,true
4000013941,65894.97,0.04802168,3164.38716295,1704155213250,false,true
4000013942,65895.45,0.08975483,5914.43491252,1704155213488,true,true
4000013943,65894.77,0.01008427,664.50065227,1704155213629,true,true
4000013944,65891.23,0.05450144,3591.16691837,1704155213650,false,true
4000013945,65892.51,0.02737609,1803.87928409,1704155213765,true,true
4000013946,65891.86,0.03473225,2288.57255449,1704155214134,false,true
4000013947,65892.36,0.04509667,2971.52601444,1704155214253,false,true
4000013948,65892.29,0.05622573,3704.84210662,1704155214462,false,true
4000013949,65893.22,0.08476498,5585.43747544,1704155214465,true,true
4000013950,65891.71,0.10020049,6602.38162894,1704155214602,true,true
4000013951,65892.01,0.06217433,4096.79157410,1704155214672,true,true
4000013952,65891.17,0.04095644,2698.66775063,1704155214795,true,true
4000013953,65888.77,0.04346147,2863.62280069,1704155214846,false,true
4000013954,65889.61,0.04252539,2801.98136220,1704155214869,true,true
4000013955,65888.68,0.03783366,2492.80991697,1704155214913,false,true
4000013956,65888.32,0.08097869,5335.54983990,1704155214955,false,true
4000013957,65887.79,0.02790630,1838.68443408,1704155215023,false,true
4000013958,65888.13,0.04320344,2846.59387117,1704155215058,false,true
4000013959,65888.38,0.04537417,2989.63055514,1704155215135,false,true
4000013960,65887.25,0.07227777,4762.18350143,1704155215542,true,true
4000013961,65885.81,0.10558764,6956.72718739,1704155215572,false,true
4000013962,65885.10,0.01904276,1254.63414688,1704155215613,false,true
4000013963,65883.26,0.10556922,6955.24436926,1704155215644,true,true
4000013964,65881.62,0.05629819,3709.01596027,1704155215689,true,true
4000013965,65881.53,0.01401145,923.09576352,1704155215778,false,true
4000013966,65881.64,0.03983387,2624.32068315,1704155215915,true,true
4000013967,65880.06,0.02258271,1487.75028976,1704155215929,true,true
4000013968,65880.10,0.02455820,1617.89667182,1704155215942,false,true
4000013969,65879.68,0.12710632,8373.72368758,1704155216170,true,true
4000013970,65877.75,0.06086915,4009.92264641,1704155216212,true,true
4000013971,65880.53,0.04672521,3078.28159916,1704155216258,false,true
4000013972,65881.43,0.03072624,2024.28862972,1704155216282,true,true
4000013973,65880.01,0.05857245,3858.75359172,1704155216283,false,true
4000013974,65881.60,0.03353924,2209.61879398,1704155216803,false,true
4000013975,65883.20,0.11485960,7567.31799872,1704155216890,true,true
4000013976,65883.14,0.06294892,4147.27250921,1704155216911,false,true
4000013977,65879.78,0.07131051,4697.92071049,1704155217220,false,true
4000013978,65878.25,0.02852138,1878.93860198,1704155217411,true,true
4000013979,65876.77,0.04354359,2868.51106340,1704155217743,false,true
4000013980,65877.89,0.05389889,3550.74514654,1704155217760,false,true
4000013981,65879.54,0.05601550,3690.27537287,1704155217933,false,true
4000013982,65877.91,0.05822317,3835.62075317,1704155218297,false,true
4000013983,65877.35,0.06300530,4150.62219996,1704155218467,false,true
4000013984,65876.86,0.03572077,2353.17216438,1704155219075,false,true
4000013985,65874.85,0.09137682,6019.43431098,1704155219084,true,true
4000013986,65875.54,0.02505341,1650.40691259,1704155219145,false,true
4000013987,65876.17,0.06792450,4474.60590916,1704155219177,false,true
4000013988,65875.85,0.04168863,2746.27393659,1704155219179,true,true
4000013989,65874.20,0.11486855,7566.87383641,1704155219209,true,true
4000013990,65871.57,0.03476763,2290.19837328,1704155219227,true,true
4000013991,65871.76,0.04210676,2773.64638910,1704155219234,true,true
4000013992,65872.96,0.01963308,1293.28909352,1704155219605,true,true
4000013993,65872.73,0.02125049,1399.82779014,1704155219606,true,true
4000013994,65872.32,0.04697563,3094.39373156,1704155219627,false,true
4000013995,65872.19,0.10989878,7239.27331693,1704155219714,true,true
4000013996,65871.27,0.09360587,6165.93753635,1704155219736,true,true
4000013997,65873.84,0.03461303,2280.09320014,1704155219750,false,true
4000013998,65871.79,0.08456284,5570.30563828,1704155219886,false,true
4000013999,65874.37,0.06734912,4436.58085005,1704155220238,true,true
4000014000,65875.61,0.15344502,10108.28429396,1704155220357,false,true
4000014001,65873.09,0.02208677,1454.92378802,1704155220603,true,true
4000014002,65870.69,0.02673930,1761.33614112,1704155220685,true,true
4000014003,65872.59,0.09608427,6329.31972316,1704155220741,true,true
4000014004,65872.47,0.13561206,8933.10135399,1704155221164,true,true
4000014005,65873.25,0.01971011,1298.36900356,1704155221198,false,true
4000014006,65873.90,0.21027241,13851.46370910,1704155221325,false,true
4000014007,65874.07,0.03075094,2025.68957413,1704155221403,false,true
4000014008,65873.97,0.06064316,3994.80570255,1704155221422,false,true
4000014009,65875.49,0.03945067,2598.83221708,1704155221461,true,true
4000014010,65874.70,0.08294045,5463.67726162,1704155221712,true,true
4000014011,65875.70,0.07017160,4622.60327012,1704155221815,false,true
4000014012,65877.02,0.06659926,4387.36078301,1704155222304,false,true
4000014013,65876.84,0.06066114,3996.16421400,1704155222389,false,true
4000014014,65876.53,0.05320081,3504.68475599,1704155222835,true,true
4000014015,65874.74,0.05730602,3775.01916793,1704155222956,true,true
4000014016,65876.50,0.01917341,1263.07714386,1704155223079,false,true
4000014017,65876.72,0.09596810,6322.06365263,1704155223237,true,true
4000014018,65877.88,0.09617296,6335.67071812,1704155223387,true,true
4000014019,65880.83,0.03220769,2121.86934958,1704155223401,false,true
4000014020,65879.12,0.03245038,2137.80247807,1704155223654,true,true
4000014021,65878.18,0.14739826,9710.32910397,1704155223858,true,true
4000014022,65879.13,0.06799616,4479.52786414,1704155223920,false,true
4000014023,65876.13,0.03176381,2092.47687686,1704155223958,true,true
4000014024,65876.63,0.02757033,1816.24042839,1704155224003,false,true
4000014025,65876.90,0.10666522,7026.77403142,1704155224270,true,true
4000014026,65876.50,0.15148107,9979.04270786,1704155224546,false,true
4000014027,65875.69,0.07768922,5117.83097306,1704155224792,true,true
4000014028,65876.17,0.02662444,1753.91613559,1704155224800,true,true
4000014029,65874.63,0.02462515,1622.17264494,1704155224913,true,true
4000014030,65873.88,0.05319287,3504.02073524,1704155225245,false,true
4000014031,65875.70,0.07736883,5096.72583443,1704155225439,false,true
4000014032,65875.83,0.07108626,4682.86637910,1704155225854,false,true
4000014033,65876.49,0.17355260,11433.03611837,1704155225978,false,true
4000014034,65874.65,0.02456231,1618.03357444,1704155226424,false,true
4000014035,65875.35,0.02770209,1824.88487448,1704155226566,true,true
4000014036,65873.92,0.08503679,5601.70670152,1704155227091,false,true
4000014037,65872.13,0.05011277,3301.03490010,1704155227231,true,true
4000014038,65868.30,0.05964421,3928.66271754,1704155227339,false,true
4000014039,65869.90,0.08516015,5609.49056448,1704155227459,true,true
4000014040,65870.29,0.01608775,1059.70475795,1704155227662,false,true
4000014041,65868.85,0.19223757,12662.46766269,1704155227703,true,true
4000014042,65868.58,0.09186547,6051.04805993,1704155227707,false,true
4000014043,65869.73,0.07098105,4675.50259862,1704155227732,true,true
4000014044,65868.21,0.02878564,1896.05858050,1704155227813,false,true
4000014045,65868.43,0.02597752,1711.09845769,1704155227962,true,true
4000014046,65868.96,0.03403427,2241.80196926,1704155228169,false,true
4000014047,65868.24,0.06627731,4365.56976163,1704155228177,false,true
4000014048,65866.74,0.07281340,4795.98128632,1704155228245,false,true
4000014049,65866.18,0.04999096,3292.71356973,1704155228250,false,true
4000014050,65864.50,0.06909005,4550.58159822,1704155228271,true,true
4000014051,65860.19,0.08031767,5289.73700656,1704155228380,true,true
4000014052,65858.69,0.02395383,1577.56786428,1704155228806,false,true
4000014053,65860.50,0.07227300,4759.93591650,1704155228835,true,true
4000014054,65859.63,0.02452902,1615.47218146,1704155228979,true,true
4000014055,65858.84,0.16399626,10800.60344794,1704155229040,false,true
4000014056,65858.15,0.05113808,3367.85934335,1704155229110,false,true
4000014057,65857.66,0.02842876,1872.25161030,1704155229209,true,true
4000014058,65858.04,0.04486201,2954.52404906,1704155229267,false,true
4000014059,65857.45,0.02549799,1679.23260153,1704155229515,false,true
4000014060,65856.98,0.06933941,4566.48413758,1704155229531,false,true
4000014061,65856.95,0.04109614,2706.46643717,1704155229857,true,true
4000014062,65855.70,0.10514672,6924.51084830,1704155229987,true,true
4000014063,65855.45,0.06608936,4352.34454301,1704155230114,false,true
4000014064,65857.29,0.07747345,5102.19146395,1704155230429,false,true
4000014065,65857.36,0.04949212,3259.42036400,1704155230594,false,true
4000014066,65854.68,0.03502174,2306.34548074,1704155230916,false,true
4000014067,65857.39,0.06078437,4003.09996099,1704155231009,false,true
4000014068,65854.86,0.05997522,3949.65971657,1704155231212,true,true
4000014069,65856.30,0.03082760,2030.19167388,1704155231329,true,true
4000014070,65856.67,0.06052994,3986.30028370,1704155231343,false,true
4000014071,65856.78,0.07992225,5263.42203535,1704155231431,true,true
4000014072,65858.23,0.04632495,3050.87921184,1704155231548,false,true
4000014073,65860.62,0.05070701,3339.59511695,1704155231560,true,true
4000014074,65859.96,0.03047249,2006.91697250,1704155231573,true,true
4000014075,65860.37,0.14437904,9508.85699464,1704155231595,true,true
4000014076,65863.93,0.03421340,2253.42898266,1704155231599,true,true
4000014077,65863.56,0.05820181,3833.37840504,1704155231612,false,true
4000014078,65864.99,0.02397997,1579.44048425,1704155231870,false,true
4000014079,65867.44,0.03024269,1992.00856901,1704155231907,true,true
4000014080,65864.53,0.03362268,2214.54201554,1704155231916,true,true
4000014081,65864.51,0.05347205,3521.91037195,1704155232090,true,true
4000014082,65865.88,0.10411544,6857.65507719,1704155232677,false,true
4000014083,65863.70,0.05993014,3947.22076192,1704155232706,false,true
4000014084,65862.72,0.13508806,8897.26707112,1704155232784,true,true
4000014085,65861.68,0.07968239,5248.01607182,1704155233006,false,true
4000014086,65860.93,0.03984885,2624.48232043,1704155233557,false,true
4000014087,65861.23,0.20300462,13370.13396888,1704155233558,true,true
4000014088,65864.32,0.02397656,1579.19982034,1704155233765,true,true
4000014089,65866.47,0.08268588,5446.22703444,1704155233778,false,true
4000014090,65865.07,0.12512258,8241.20749028,1704155234232,true,true
4000014091,65863.70,0.05792713,3815.29511218,1704155234236,false,true
4000014092,65862.97,0.02186899,1440.35663230,1704155234356,true,true
4000014093,65863.98,0.02705265,1781.79519855,1704155234363,true,true
4000014094,65865.30,0.05328996,3509.95920239,1704155234425,true,true
4000014095,65867.48,0.02473239,1629.06020368,1704155234435,true,true
4000014096,65867.67,0.04851985,3195.88946825,1704155234961,false,true
4000014097,65869.26,0.07478497,4926.03063302,1704155235145,true,true
4000014098,65869.82,0.07194594,4739.06611753,1704155235244,false,true
4000014099,65870.79,0.03388937,2232.31957450,1704155235563,false,true
4000014100,65871.06,0.06504972,4284.89400910,1704155235884,true,true
4000014101,65870.74,0.01990315,1311.03521883,1704155235974,true,true
4000014102,65871.20,0.06048533,3984.24126950,1704155236028,true,true
4000014103,65874.43,0.01434502,944.97001584,1704155236053,true,true
4000014104,65875.24,0.10304046,6787.81503221,1704155236092,true,true
4000014105,65875.53,0.03176940,2092.82606278,1704155236155,true,true
4000014106,65878.35,0.02795158,1841.40397029,1704155236261,true,true
4000014107,65878.69,0.06624442,4364.09560941,1704155236372,false,true
4000014108,65879.74,0.02190168,1442.87698396,1704155236469,false,true
4000014109,65880.60,0.05842793,3849.26708516,1704155236491,true,true
4000014110,65881.04,0.02991118,1970.57964603,1704155236534,true,true
4000014111,65881.29,0.06175746,4068.66113192,1704155236616,false,true
4000014112,65881.03,0.08878952,5849.54503081,1704155236668,false,true
4000014113,65880.54,0.04925834,3245.16603870,1704155236768,true,true
4000014114,65883.27,0.13340307,8789.03047964,1704155236768,true,true
4000014115,65882.57,0.05051214,3327.86959940,1704155237174,false,true
4000014116,65882.26,0.02647634,1744.32111573,1704155237680,false,true
4000014117,65882.55,0.05949151,3919.45238215,1704155238287,true,true
4000014118,65880.20,0.06238825,4110.15038765,1704155238392,false,true
4000014119,65879.54,0.06579166,4334.32429664,1704155238476,false,true
4000014120,65880.71,0.15801800,10410.33803278,1704155238645,true,true
4000014121,65880.76,0.05154114,3395.56947447,1704155238715,false,true
4000014122,65878.63,0.03167735,2086.86042003,1704155238984,true,true
4000014123,65881.21,0.02473221,1629.38792077,1704155238993,true,true
4000014124,65878.24,0.08315680,5478.22362803,1704155239025,true,true
4000014125,65880.38,0.06717547,4425.54549028,1704155239085,true,true
4000014126,65883.05,0.10312923,6794.46821655,1704155239297,false,true
4000014127,65883.82,0.05585447,3679.90584768,1704155239301,false,true
4000014128,65884.26,0.06802042,4481.47503659,1704155239329,false,true
4000014129,65881.64,0.03527394,2323.90501646,1704155239521,false,true
4000014130,65882.18,0.04419679,2911.78087420,1704155239647,true,true
4000014131,65882.74,0.03428285,2258.64809301,1704155239932,true,true
4000014132,65884.14,0.02089291,1376.51140745,1704155239967,true,true
4000014133,65884.60,0.05646525,3720.19041015,1704155240079,true,true
4000014134,65884.81,0.09893130,6518.06990355,1704155240111,false,true
4000014135,65882.98,0.05990307,3946.59276275,1704155240322,true,true
4000014136,65879.69,0.03887292,2560.93591899,1704155240629,false,true
4000014137,65880.10,0.04856548,3199.49867895,1704155240662,false,true
4000014138,65878.66,0.05621127,3703.12314450,1704155240831,true,true
4000014139,65881.04,0.05217782,3437.52904653,1704155240971,false,true
4000014140,65879.56,0.05877466,3872.04873995,1704155241048,false,true
4000014141,65879.19,0.05217844,3437.47336266,1704155241142,true,true
4000014142,65878.24,0.07663400,5048.51304416,1704155241324,true,true
4000014143,65877.84,0.04307668,2837.79863277,1704155241372,true,true
4000014144,65877.64,0.06170705,4065.11482536,1704155241528,false,true
4000014145,65876.85,0.03578807,2357.60531918,1704155241657,true,true
4000014146,65877.12,0.03760710,2477.44743955,1704155241693,true,true
4000014147,65879.16,0.03701493,2438.51249586,1704155241729,false,true
4000014148,65880.21,0.11707668,7713.03626450,1704155242113,true,true
4000014149,65881.07,0.01386953,913.73947680,1704155242206,false,true
4000014150,65882.61,0.12318523,8115.76446585,1704155242917,false,true
4000014151,65884.28,0.02866608,1888.64404122,1704155242966,false,true
4000014152,65886.01,0.07408111,4880.90875427,1704155243158,true,true
4000014153,65886.00,0.02637790,1737.93431940,1704155243221,true,true
4000014154,65888.40,0.05358611,3530.70305012,1704155243438,true,true
4000014155,65887.50,0.09101670,5996.86282125,1704155243524,false,true
4000014156,65887.65,0.10225244,6737.17297837,1704155243539,true,true
4000014157,65886.17,0.06096593,4016.81162819,1704155243565,false,true
4000014158,65885.89,0.10291329,6780.53370448,1704155243722,true,true
4000014159,65889.15,0.05514653,3633.55798715,1704155243918,true,true
4000014160,65891.44,0.18751357,12355.53914684,1704155244173,true,true
4000014161,65888.93,0.05687543,3747.46122599,1704155244281,false,true
4000014162,65889.56,0.04889126,3221.42360925,1704155244292,true,true
4000014163,65892.52,0.03922115,2584.38041080,1704155244433,true,true
4000014164,65893.59,0.06227205,4103.32893116,1704155244552,false,true
4000014165,65891.54,0.05176420,3410.82285487,1704155244604,true,true
4000014166,65890.39,0.03555971,2343.04316019,1704155244861,true,true
4000014167,65890.41,0.05720474,3769.24377254,1704155244930,true,true
4000014168,65892.47,0.01556670,1025.72831275,1704155245011,false,true
4000014169,65892.23,0.10249232,6753.44752267,1704155245881,true,true
4000014170,65892.89,0.07856245,5176.70687598,1704155245946,false,true
4000014171,65894.29,0.03570996,2353.08246013,1704155245954,true,true
4000014172,65893.44,0.01055187,695.29901273,1704155246171,true,true
4000014173,65892.48,0.05157770,3398.58256570,1704155246354,true,true
4000014174,65891.54,0.05261169,3466.66527610,1704155246457,true,true
4000014175,65892.21,0.12607875,8307.60747154,1704155246506,true,true
4000014176,65889.73,0.02315107,1525.41775151,1704155246562,true,true
4000014177,65893.31,0.02679000,1765.28177490,1704155246594,false,true
4000014178,65896.08,0.02254786,1485.81558639,1704155246652,true,true
4000014179,65895.99,0.06878124,4532.40790323,1704155246719,false,true
4000014180,65896.25,0.08687749,5724.90080041,1704155246804,false,true
4000014181,65895.30,0.04799642,3162.73849483,1704155247013,true,true
4000014182,65892.74,0.05968442,3932.76996911,1704155247059,true,true
4000014183,65897.15,0.01945101,1281.76612362,1704155247146,true,true
4000014184,65896.04,0.04327185,2851.44355847,1704155247160,false,true
4000014185,65894.59,0.09023556,5946.03522962,1704155247201,false,true
4000014186,65893.14,0.10803395,7118.69619210,1704155247445,true,true
4000014187,65893.73,0.07440292,4902.68592169,1704155247806,true,true
4000014188,65890.34,0.05610106,3696.51791776,1704155247974,false,true
4000014189,65889.18,0.01364079,898.78046765,1704155248041,false,true
4000014190,65887.24,0.04571070,3011.75186147,1704155248061,true,true
4000014191,65887.60,0.10132711,6676.20009284,1704155248094,false,true
4000014192,65890.00,0.01703191,1122.23254990,1704155248106,false,true
4000014193,65889.11,0.02602985,1715.08364993,1704155248237,false,true
4000014194,65886.98,0.03354833,2210.39814774,1704155248553,true,true
4000014195,65887.32,0.05165483,3403.39831376,1704155248622,false,true
4000014196,65886.36,0.02970310,1957.02913972,1704155248758,true,true
4000014197,65884.26,0.04075060,2684.82312556,1704155248764,false,true
4000014198,65882.78,0.04186115,2757.92893600,1704155249033,true,true
4000014199,65882.88,0.15403807,10148.47168124,1704155249267,true,true
4000014200,65885.58,0.03591707,2366.41698885,1704155249733,true,true
4000014201,65884.87,0.02366308,1559.03894960,1704155249737,true,true
4000014202,65887.21,0.04038991,2661.17848205,1704155249950,false,true
4000014203,65889.21,0.06407073,4221.56978382,1704155249984,true,true
4000014204,65891.78,0.06375720,4201.07539582,1704155250078,true,true
4000014205,65889.44,0.02772475,1826.76825164,1704155250109,false,true
4000014206,65890.34,0.09401349,6194.58082069,1704155250352,false,true
4000014207,65892.63,0.02774486,1828.18179438,1704155250417,false,true
4000014208,65893.87,0.02429391,1600.81974733,1704155250678,true,true
4000014209,65894.01,0.06977661,4597.86063711,1704155250871,true,true
4000014210,65892.11,0.05053966,3330.16483608,1704155251146,false,true
4000014211,65893.48,0.08386272,5526.00646307,1704155251252,true,true
4000014212,65893.52,0.14991937,9878.71500548,1704155251254,false,true
4000014213,65891.61,0.06343011,4179.51207038,1704155251382,false,true
4000014214,65892.98,0.07081620,4666.29045028,1704155251488,true,true
4000014215,65891.85,0.02205120,1452.99436272,1704155251522,false,true
4000014216,65892.17,0.04559005,3004.02732491,1704155251629,false,true
4000014217,65895.40,0.02217926,1461.51120940,1704155251719,false,true
4000014218,65894.81,0.07484638,4931.98798929,1704155251847,false,true
4000014219,65895.63,0.01707425,1125.11846053,1704155251868,false,true
4000014220,65894.97,0.08617053,5678.20448923,1704155252118,false,true
4000014221,65893.88,0.05339573,3518.45182513,1704155252123,true,true
4000014222,65893.72,0.03112017,2050.62376833,1704155252260,false,true
4000014223,65894.04,0.03637767,2397.07164209,1704155252392,false,true
4000014224,65892.44,0.10478503,6904.54130217,1704155252892,true,true
4000014225,65894.17,0.03154127,2078.38580740,1704155253095,true,true
4000014226,65893.98,0.04749961,3129.93835135,1704155253106,false,true
4000014227,65893.32,0.04224218,2783.47748424,1704155253266,false,true
4000014228,65894.68,0.07607973,5013.24946284,1704155253278,true,true
4000014229,65893.54,0.07514689,4951.69460209,1704155253311,false,true
4000014230,65893.92,0.05232932,3448.18402573,1704155253457,false,true
4000014231,65892.87,0.02956738,1948.27952658,1704155253533,true,true
4000014232,65892.12,0.07031253,4633.04166426,1704155253567,false,true
4000014233,65891.09,0.12183787,8028.03005758,1704155253589,false,true
4000014234,65892.13,0.09178633,6047.99678858,1704155253665,true,true
4000014235,65893.41,0.03808030,2509.24082082,1704155253748,false,true
4000014236,65894.04,0.01408812,928.32314280,1704155253855,true,true
4000014237,65894.58,0.04369370,2879.17801015,1704155253869,false,true
4000014238,65894.85,0.10638584,7010.27896892,1704155253913,false,true
4000014239,65892.04,0.03593611,2367.90359756,1704155254226,true,true
4000014240,65893.21,0.05989779,3946.85765501,1704155254342,true,true
4000014241,65891.95,0.07248988,4776.49954847,1704155254403,true,true
4000014242,65890.48,0.09631581,6346.29495249,1704155254450,true,true
4000014243,65888.86,0.09553481,6294.67972122,1704155254528,true,true
4000014244,65887.51,0.05721091,3769.48440473,1704155254707,true,true
4000014245,65888.15,0.07621270,5021.51380950,1704155254717,false,true
4000014246,65887.90,0.03689222,2430.75090214,1704155254984,true,true
4000014247,65888.52,0.05210411,3433.06269382,1704155255054,false,true
4000014248,65886.32,0.02725318,1795.61173850,1704155255066,false,true
4000014249,65886.27,0.02571845,1694.49274068,1704155255071,true,true
4000014250,65885.92,0.07748804,5105.37080440,1704155255162,false,true
4000014251,65888.36,0.16282803,10728.47185873,1704155255301,true,true
4000014252,65887.05,0.04232296,2788.53498167,1704155255390,false,true
4000014253,65887.22,0.06625791,4365.54949291,1704155255793,true,true
4000014254,65887.46,0.05735106,3778.71567171,1704155255825,true,true
4000014255,65885.39,0.05190846,3420.00913140,1704155255833,false,true
4000014256,65884.35,0.05847616,3852.66379210,1704155256133,false,true
4000014257,65883.52,0.03992184,2630.19134408,1704155256276,true,true
4000014258,65884.24,0.04109478,2707.49834827,1704155256529,true,true
4000014259,65884.70,0.03048062,2008.20650451,1704155256634,true,true
4000014260,65885.54,0.06926165,4563.34121154,1704155256669,true,true
4000014261,65886.62,0.04044142,2664.54847180,1704155256685,true,true
4000014262,65886.60,0.05201108,3426.83322353,1704155256728,true,true
4000014263,65886.70,0.01893710,1247.70302657,1704155256766,false,true
4000014264,65889.25,0.13237115,8721.83579514,1704155256786,false,true
4000014265,65889.18,0.01433687,944.64460807,1704155257037,false,true
4000014266,65888.48,0.06518513,4294.94913430,1704155257087,true,true
4000014267,65886.29,0.05422622,3572.76445652,1704155257478,false,true
4000014268,65888.01,0.04110212,2708.13689358,1704155257547,false,true
4000014269,65886.43,0.03625817,2388.92137963,1704155257600,false,true
4000014270,65884.27,0.01995822,1314.93275520,1704155257624,true,true
4000014271,65885.51,0.03682952,2426.53170826,1704155257629,false,true
4000014272,65886.25,0.03551567,2339.99431254,1704155257716,false,true
4000014273,65887.96,0.06662291,4389.64762916,1704155257779,true,true
4000014274,65888.08,0.08389697,5527.81027112,1704155257996,false,true
4000014275,65888.18,0.08352862,5503.54874971,1704155258072,false,true
4000014276,65886.84,0.09542214,6287.06327064,1704155258088,true,true
4000014277,65886.35,0.17144564,11295.92744301,1704155258090,true,true
4000014278,65885.30,0.03152206,2076.84037972,1704155258188,false,true
4000014279,65885.04,0.06963758,4588.07474380,1704155258191,false,true
4000014280,65883.67,0.11422831,7525.78028070,1704155258314,true,true
4000014281,65884.94,0.02030943,1338.08557698,1704155258317,false,true
4000014282,65882.93,0.13724969,9042.41171879,1704155258346,true,true
4000014283,65881.84,0.03274998,2157.62894236,1704155258669,false,true
4000014284,65881.57,0.06665344,4391.23327310,1704155258675,false,true
4000014285,65881.49,0.02486627,1638.22691834,1704155258911,true,true
4000014286,65880.48,0.04045592,2665.25542844,1704155258954,false,true
4000014287,65879.67,0.06066790,3996.78123159,1704155258964,false,true
4000014288,65884.01,0.04341618,2860.43203728,1704155259113,false,true
4000014289,65883.11,0.02075378,1367.32357066,1704155259128,true,true
4000014290,65883.52,0.04810909,3169.59619320,1704155259207,true,true
4000014291,65886.93,0.02536064,1670.93471244,1704155259210,true,true
4000014292,65888.47,0.05732573,3777.10464133,1704155259602,false,true
4000014293,65886.30,0.02576862,1697.79902791,1704155259707,false,true
4000014294,65884.24,0.09051194,5963.31037783,1704155259708,false,true
4000014295,65886.82,0.02908760,1916.48946543,1704155259797,true,true
4000014296,65883.47,0.04701816,3097.71953382,1704155260144,true,true
4000014297,65883.13,0.05322623,3506.71063050,1704155260175,true,true
4000014298,65881.03,0.04179684,2753.61886995,1704155260369,false,true
4000014299,65880.69,0.04468894,2944.13820257,1704155260408,true,true
4000014300,65880.07,0.06805490,4483.46157584,1704155260448,true,true
4000014301,65881.77,0.04233416,2789.04939226,1704155260529,true,true
4000014302,65881.86,0.17015769,11210.30511050,1704155260576,false,true
4000014303,65882.23,0.09833715,6478.67073384,1704155260735,true,true
4000014304,65884.91,0.05462076,3598.68385673,1704155260768,false,true
4000014305,65886.53,0.03763759,2479.81020266,1704155260788,true,true
4000014306,65887.51,0.05230523,3446.26136468,1704155260792,true,true
4000014307,65890.71,0.05475250,3607.68109928,1704155260851,true,true
4000014308,65887.64,0.03735684,2461.35402546,1704155261084,false,true
4000014309,65885.91,0.05201241,3426.88496414,1704155261140,false,true
4000014310,65885.10,0.07754962,5109.36446866,1704155261152,true,true
4000014311,65884.22,0.01460051,961.94321295,1704155261475,true,true
4000014312,65884.81,0.04508183,2970.20780400,1704155261670,false,true
4000014313,65885.61,0.07398996,4874.87364848,1704155261751,false,true
4000014314,65884.87,0.01693872,1116.00536517,1704155261901,true,true
4000014315,65886.33,0.07218584,4756.06007557,1704155262173,false,true
4000014316,65885.44,0.03118843,2054.86343346,1704155262186,false,true
4000014317,65887.34,0.03391951,2234.86628800,1704155262418,false,true
4000014318,65889.29,0.04933887,3250.90311370,1704155262456,true,true
4000014319,65888.12,0.08269295,5448.48301275,1704155262467,true,true
4000014320,65886.20,0.05299666,3491.74854009,1704155262523,false,true
4000014321,65886.31,0.07234206,4766.35139120,1704155262575,false,true
4000014322,65886.47,0.07494290,4937.72313256,1704155262612,false,true
4000014323,65887.53,0.02701195,1779.75066598,1704155262732,true,true
4000014324,65890.23,0.05977502,3938.58981605,1704155263054,true,true
4000014325,65890.67,0.06930071,4566.27021338,1704155263063,true,true
4000014326,65891.76,0.08197550,5401.50997188,1704155263124,true,true
4000014327,65889.36,0.10479700,6905.00725992,1704155263233,false,true
4000014328,65890.98,0.04525016,2981.57738756,1704155263277,false,true
4000014329,65892.91,0.08735790,5756.26624249,1704155263319,false,true
4000014330,65896.16,0.12208274,8044.78376828,1704155263513,false,true
4000014331,65896.09,0.18128690,11946.09787822,1704155263523,true,true
4000014332,65895.81,0.03197734,2107.17272095,1704155263795,true,true
4000014333,65897.44,0.04643139,3059.70973664,1704155264031,true,true
4000014334,65896.98,0.03503754,2308.86807263,1704155264102,false,true
4000014335,65895.77,0.02926913,1928.71185858,1704155264212,false,true
4000014336,65896.96,0.02518375,1659.53256640,1704155264326,true,true
4000014337,65897.70,0.05852954,3856.96206806,1704155264472,true,true
4000014338,65897.41,0.03744846,2467.75652249,1704155264518,true,true
4000014339,65896.68,0.11240451,7407.08402603,1704155264518,true,true
4000014340,65893.80,0.06495098,4279.86688592,1704155264796,false,true
4000014341,65892.40,0.03217831,2120.30607384,1704155265037,false,true
4000014342,65890.14,0.04605905,3034.83725277,1704155265338,true,true
4000014343,65887.83,0.03747556,2469.18332643,1704155265381,false,true
4000014344,65885.81,0.06725551,4431.18375331,1704155265681,false,true
4000014345,65887.16,0.04071091,2682.32624092,1704155265815,false,true
4000014346,65885.93,0.07928580,5223.81866879,1704155266053,true,true
4000014347,65884.93,0.04145406,2731.19784132,1704155266062,false,true
4000014348,65885.06,0.03674152,2420.71724969,1704155266071,false,true
4000014349,65886.23,0.02863488,1886.64428970,1704155266247,false,true
4000014350,65885.12,0.09020954,5943.46636804,1704155266274,false,true
4000014351,65885.81,0.01982563,1306.22769131,1704155266334,true,true
4000014352,65883.97,0.04807450,3167.33891576,1704155266354,false,true
4000014353,65884.59,0.04506039,2968.78532039,1704155266464,false,true
4000014354,65884.37,0.03495412,2302.93017510,1704155266571,true,true
4000014355,65884.76,0.02898677,1909.78638463,1704155266581,false,true
4000014356,65883.02,0.08308248,5473.72469149,1704155266804,false,true
4000014357,65885.11,0.08426272,5551.65857610,1704155266825,false,true
4000014358,65882.34,0.06230877,4105.04757012,1704155266914,false,true
4000014359,65882.03,0.07971931,5252.06997300,1704155266986,true,true
4000014360,65880.95,0.06000300,3953.05464285,1704155267026,false,true
4000014361,65881.63,0.03010961,1983.67018546,1704155267867,true,true
4000014362,65878.34,0.08427641,5551.98999196,1704155267893,true,true
4000014363,65879.54,0.06252590,4119.17753009,1704155268122,true,true
4000014364,65878.20,0.05859718,3860.27674348,1704155268519,true,true
4000014365,65876.91,0.08734991,5754.34215958,1704155268854,false,true
4000014366,65879.39,0.04065691,2678.45243008,1704155268993,false,true
4000014367,65880.69,0.07134465,4700.23476981,1704155269054,true,true
4000014368,65882.10,0.11648214,7674.08799569,1704155269330,false,true
4000014369,65881.46,0.05167519,3404.43696298,1704155269632,true,true
4000014370,65883.50,0.18940043,12478.36322991,1704155269648,true,true
4000014371,65886.01,0.03903847,2572.08902480,1704155269698,true,true
4000014372,65887.78,0.03870044,2549.88607662,1704155269745,true,true
4000014373,65885.85,0.10135387,6677.78587574,1704155269757,true,true
4000014374,65884.52,0.02052534,1352.30217374,1704155269758,false,true
4000014375,65882.20,0.04456076,2935.76090247,1704155269964,true,true
4000014376,65884.33,0.05390967,3551.80248847,1704155269985,false,true
4000014377,65884.91,0.01503177,990.36681359,1704155270048,true,true
4000014378,65886.48,0.08369475,5514.35247198,1704155270172,false,true
4000014379,65884.71,0.05941599,3914.60527051,1704155270221,true,true
4000014380,65884.18,0.04467356,2943.28086828,1704155270322,false,true
4000014381,65880.20,0.05022054,3308.53921931,1704155270414,true,true
4000014382,65879.63,0.04857140,3199.86586058,1704155270451,false,true
4000014383,65877.74,0.03157647,2080.18648078,1704155270534,false,true
4000014384,65876.61,0.06379093,4202.33021715,1704155270674,false,true
4000014385,65875.09,0.04509082,2970.36182567,1704155270895,false,true
4000014386,65874.38,0.04682558,3084.60605064,1704155270919,false,true
4000014387,65874.94,0.10372901,6833.14231001,1704155270976,true,true
4000014388,65874.16,0.03115131,2052.06637915,1704155271182,true,true
4000014389,65876.80,0.08083822,5325.36325130,1704155271224,true,true
4000014390,65876.13,0.02148157,1415.12269792,1704155271287,true,true
4000014391,65876.54,0.02367437,1559.58558228,1704155271384,false,true
4000014392,65876.16,0.04133204,2722.79608017,1704155271567,true,true
4000014393,65873.37,0.05369883,3537.32289716,1704155271606,false,true
4000014394,65875.22,0.04725556,3112.97041122,1704155271755,false,true
4000014395,65874.11,0.03341590,2201.24267235,1704155271813,false,true
4000014396,65872.90,0.02296633,1512.85875946,1704155271860,false,true
4000014397,65873.84,0.05306831,3495.81336201,1704155272314,true,true
4000014398,65873.92,0.03055117,2012.52532849,1704155272374,false,true
4000014399,65874.62,0.11410541,7516.65052369,1704155272484,true,true
4000014400,65874.26,0.06247221,4115.31060431,1704155272768,false,true
4000014401,65872.48,0.02182748,1437.83023975,1704155272773,false,true
4000014402,65868.92,0.10915315,7189.80010510,1704155272895,false,true
4000014403,65869.49,0.07576143,4990.36675577,1704155272903,true,true
4000014404,65869.93,0.13556914,8929.92976196,1704155272998,true,true
4000014405,65869.51,0.03529715,2325.00597490,1704155273013,false,true
4000014406,65869.05,0.09522765,6272.55483923,1704155273019,true,true
4000014407,65870.51,0.05049753,3326.29805484,1704155273044,true,true
4000014408,65871.20,0.04205613,2770.28775046,1704155273065,true,true
4000014409,65869.13,0.16396603,10800.29974565,1704155273220,true,true
4000014410,65869.57,0.09153840,6029.59504649,1704155273220,false,true
4000014411,65866.95,0.03117917,2053.67683143,1704155273377,false,true
4000014412,65868.74,0.10955033,7215.94220368,1704155273382,true,true
4000014413,65867.63,0.07075522,4660.47865153,1704155273491,false,true
4000014414,65871.04,0.05707458,3759.56194216,1704155273903,false,true
4000014415,65871.12,0.08491862,5593.68460825,1704155274089,false,true
4000014416,65869.32,0.10586021,6972.94004776,1704155274096,true,true
4000014417,65867.06,0.04809504,3167.87888538,1704155274254,false,true
4000014418,65866.32,0.04425262,2914.75722976,1704155274270,false,true
4000014419,65863.49,0.07806072,5141.35145111,1704155274378,false,true
4000014420,65862.77,0.05894934,3882.56682207,1704155274451,false,true
4000014421,65862.33,0.04207720,2771.30243188,1704155274460,true,true
4000014422,65864.79,0.02570634,1693.14268577,1704155274607,false,true
4000014423,65861.39,0.04073976,2683.17722187,1704155274782,false,true
4000014424,65861.31,0.05054247,3328.79328484,1704155274876,true,true
4000014425,65859.09,0.04007461,2639.27734670,1704155274983,true,true
4000014426,65856.41,0.03157597,2079.48002647,1704155275165,false,true
4000014427,65857.87,0.03962038,2609.31383539,1704155275173,false,true
4000014428,65856.35,0.01659323,1092.76956251,1704155275196,false,true
4000014429,65856.23,0.07849604,5169.45326433,1704155275583,false,true
4000014430,65855.49,0.03746548,2467.30754349,1704155275585,false,true
4000014431,65855.81,0.09069806,5972.99420673,1704155275623,true,true
4000014432,65857.70,0.05959602,3924.85680635,1704155275675,true,true
4000014433,65858.08,0.01908810,1257.10561685,1704155275678,false,true
4000014434,65857.22,0.04004056,2636.95996884,1704155275768,true,true
4000014435,65858.53,0.08429045,5551.24513004,1704155275808,false,true
4000014436,65860.11,0.05646029,3718.48091003,1704155275905,false,true
4000014437,65859.15,0.04383527,2886.95362222,1704155275955,false,true
4000014438,65860.48,0.04842081,3189.01778859,1704155276150,true,true
4000014439,65861.62,0.08381775,5520.37279975,1704155276423,false,true
4000014440,65859.43,0.03850959,2536.21964693,1704155277324,true,true
4000014441,65862.45,0.11932449,7859.00325640,1704155277424,false,true
4000014442,65862.08,0.03087685,2033.61356485,1704155277461,true,true
4000014443,65862.73,0.03889269,2561.57874044,1704155277557,false,true
4000014444,65863.82,0.04593909,3025.72395472,1704155277558,true,true
4000014445,65860.74,0.11520616,7587.56295016,1704155277707,false,true
4000014446,65861.99,0.02301468,1515.79262401,1704155277725,false,true
4000014447,65860.26,0.11646246,7670.24789584,1704155277926,true,true
4000014448,65863.53,0.02238265,1474.20033975,1704155278123,false,true
4000014449,65864.51,0.03897264,2566.91383701,1704155278132,false,true
4000014450,65863.21,0.01926592,1268.91533480,1704155278258,false,true
4000014451,65861.93,0.00848706,558.97415163,1704155278271,true,true
4000014452,65861.76,0.04159630,2739.60552749,1704155278439,false,true
4000014453,65865.14,0.06127883,4036.13871699,1704155278569,false,true
4000014454,65864.86,0.02731874,1799.34498548,1704155278628,false,true
4000014455,65864.74,0.07277378,4793.22609852,1704155278634,false,true
4000014456,65865.60,0.13425734,8842.94025350,1704155278638,false,true
4000014457,65864.61,0.03835643,2526.33130294,1704155278747,false,true
4000014458,65864.52,0.00751773,495.15167794,1704155278799,false,true
4000014459,65862.88,0.06687916,4404.85408958,1704155278819,false,true
4000014460,65861.58,0.03829921,2522.44648335,1704155279142,false,true
4000014461,65862.12,0.07668611,5050.70977915,1704155279218,true,true
4000014462,65862.63,0.01728970,1138.74511391,1704155279226,true,true
4000014463,65863.84,0.02756187,1815.33059578,1704155279533,false,true
4000014464,65863.32,0.08716770,5741.15411876,1704155279606,false,true
4000014465,65865.46,0.03324246,2189.52991943,1704155279713,false,true
4000014466,65866.84,0.06721606,4427.30946945,1704155279754,false,true
4000014467,65868.06,0.09829113,6474.24604831,1704155280134,false,true
4000014468,65868.32,0.05407937,3562.11724856,1704155280319,true,true
4000014469,65870.78,0.01538706,1013.55764411,1704155280534,true,true
4000014470,65868.56,0.02622597,1727.46687850,1704155280541,false,true
4000014471,65867.54,0.04770816,3142.41913713,1704155280564,true,true
4000014472,65869.35,0.09629041,6342.58671793,1704155280583,true,true
4000014473,65867.85,0.05210109,3431.78678096,1704155280719,true,true
4000014474,65867.16,0.04382424,2886.57822796,1704155280867,false,true
4000014475,65867.89,0.01901366,1252.38966538,1704155281135,false,true
4000014476,65868.22,0.05225100,3441.68036322,1704155281430,true,true
4000014477,65867.84,0.02898621,1909.25904249,1704155281445,false,true
4000014478,65868.05,0.08078204,5320.95544982,1704155281596,true,true
4000014479,65867.52,0.02756120,1815.38789222,1704155281658,false,true
4000014480,65867.05,0.04312680,2840.63509194,1704155281887,true,true
4000014481,65869.14,0.14105088,9290.90016184,1704155281921,false,true
4000014482,65870.69,0.03770906,2483.92180145,1704155282039,true,true
4000014483,65869.54,0.05353433,3526.28169131,1704155282320,false,true
4000014484,65868.07,0.05827667,3838.57177893,1704155282388,false,true
4000014485,65865.64,0.13322334,8774.84055204,1704155282804,true,true
4000014486,65865.41,0.03311099,2180.86893186,1704155282817,true,true
4000014487,65867.55,0.03005875,1979.89621856,1704155283205,true,true
4000014488,65868.40,0.03999621,2634.48635876,1704155283224,false,true
4000014489,65871.95,0.16988883,11190.90851532,1704155283278,false,true
4000014490,65871.07,0.01564856,1030.78739116,1704155284054,false,true
4000014491,65870.79,0.03707197,2441.95995076,1704155284066,false,true
4000014492,65872.67,0.05416684,3568.11437626,1704155284427,false,true
4000014493,65873.13,0.05270144,3471.60880831,1704155284440,true,true
4000014494,65871.76,0.02972174,1957.82332406,1704155284449,false,true
4000014495,65871.25,0.10725535,7065.04397369,1704155284586,false,true
4000014496,65870.24,0.04528770,2983.11166805,1704155284614,false,true
4000014497,65867.90,0.06521130,4295.33138727,1704155284690,false,true
4000014498,65865.50,0.03904243,2571.54917317,1704155284787,false,true
4000014499,65865.11,0.05010518,3300.18319227,1704155284837,true,true
4000014500,65863.11,0.01412234,930.14123288,1704155284876,true,true
4000014501,65863.80,0.04668320,3074.73294816,1704155285348,true,true
4000014502,65866.07,0.06257657,4121.67273998,1704155285392,true,true
4000014503,65866.88,0.04677120,3080.67301786,1704155285528,true,true
4000014504,65865.09,0.03713065,2445.61360401,1704155285554,false,true
4000014505,65865.30,0.03614062,2380.41277849,1704155285780,true,true
4000014506,65863.27,0.13813275,9097.87460909,1704155285899,false,true
4000014507,65864.46,0.03709925,2443.52206766,1704155286204,true,true
4000014508,65866.48,0.07414456,4883.64117835,1704155286266,false,true
4000014509,65865.33,0.13172755,8676.27855084,1704155286271,false,true
4000014510,65864.66,0.04606237,3033.88233884,1704155286271,false,true
4000014511,65864.96,0.05702306,3755.82156598,1704155286418,false,true
4000014512,65865.25,0.07324630,4824.38586108,1704155286460,false,true
4000014513,65867.46,0.04334743,2855.18511163,1704155286539,true,true
4000014514,65867.77,0.06050769,3985.50660815,1704155286548,false,true
4000014515,65869.93,0.01086069,715.39289005,1704155286556,false,true
4000014516,65871.82,0.02043382,1346.01291295,1704155286621,true,true
4000014517,65870.91,0.05015964,3304.06113207,1704155286706,false,true
4000014518,65870.02,0.05258812,3463.98051616,1704155286804,false,true
4000014519,65870.12,0.03152861,2076.79332413,1704155286832,false,true
4000014520,65869.24,0.10132903,6674.46619604,1704155286909,false,true
4000014521,65871.06,0.07964343,5246.19715614,1704155286937,false,true
4000014522,65872.69,0.02258472,1487.71625930,1704155287221,true,true
4000014523,65873.07,0.07204912,4746.09672520,1704155287280,true,true
4000014524,65872.82,0.03715075,2447.22466762,1704155287682,true,true
4000014525,65875.14,0.03000817,1976.79239989,1704155287692,true,true
4000014526,65875.31,0.08057544,5307.93208839,1704155287693,true,true
4000014527,65874.88,0.05866448,3864.51558026,1704155287760,true,true
4000014528,65875.46,0.06150721,4051.81575207,1704155288288,false,true
4000014529,65875.17,0.10659156,7021.73713557,1704155288363,false,true
4000014530,65875.35,0.07412763,4883.18357092,1704155288366,true,true
4000014531,65875.15,0.06590677,4341.61835977,1704155288510,false,true
4000014532,65874.47,0.06763817,4455.62860052,1704155288890,true,true
4000014533,65875.45,0.03848243,2535.04739334,1704155288943,true,true
4000014534,65873.28,0.04960299,3267.51164911,1704155288996,false,true
4000014535,65872.74,0.06391550,4210.28911347,1704155289033,true,true
4000014536,65872.61,0.02456255,1617.99927676,1704155289473,true,true
4000014537,65874.82,0.02745651,1808.69265408,1704155289500,false,true
4000014538,65876.14,0.04973767,3276.52571219,1704155289617,true,true
4000014539,65876.26,0.04867990,3206.84974917,1704155289622,true,true
4000014540,65876.22,0.04037820,2659.96318640,1704155289726,true,true
4000014541,65878.31,0.03908326,2574.73911809,1704155290204,false,true
4000014542,65878.33,0.09409240,6198.65017769,1704155290216,false,true
4000014543,65880.49,0.03119803,2055.34150343,1704155290388,true,true
4000014544,65879.95,0.02854711,1880.68217944,1704155290495,false,true
4000014545,65879.10,0.09119139,6007.60670095,1704155290505,false,true
4000014546,65879.93,0.06101047,4019.36549287,1704155290622,true,true
4000014547,65880.21,0.03445415,2269.84663737,1704155290727,true,true
4000014548,65881.04,0.08685917,5722.37245314,1704155290946,false,true
4000014549,65881.48,0.01354071,892.08201505,1704155291035,true,true
4000014550,65881.83,0.01450126,955.36954611,1704155291157,false,true
4000014551,65881.92,0.04554709,3000.72973961,1704155291258,false,true
4000014552,65880.71,0.05596679,3687.13186162,1704155291260,false,true
4000014553,65880.60,0.06346120,4180.86193272,1704155291346,false,true
4000014554,65881.44,0.04738338,3121.68530647,1704155291543,true,true
4000014555,65881.17,0.13415651,8838.38784192,1704155291575,true,true
4000014556,65880.97,0.05873944,3869.81128446,1704155291621,true,true
4000014557,65881.02,0.03181003,2095.67722263,1704155291758,true,true
4000014558,65882.07,0.01875500,1235.61822285,1704155291820,false,true
4000014559,65883.00,0.08215219,5412.43273377,1704155291839,true,true
4000014560,65881.57,0.02866410,1888.43591064,1704155291918,true,true
4000014561,65881.02,0.02554122,1682.68162564,1704155291958,true,true
4000014562,65881.68,0.01750111,1153.00252866,1704155292100,false,true
4000014563,65882.67,0.01635252,1077.34767883,1704155292230,true,true
4000014564,65883.63,0.02646118,1743.35859248,1704155292448,true,true
4000014565,65883.04,0.06702205,4415.61640103,1704155292561,true,true
4000014566,65882.39,0.09784211,6446.07204944,1704155292585,true,true
4000014567,65881.62,0.03392360,2234.94172423,1704155292626,true,true
4000014568,65883.17,0.01672277,1101.74909878,1704155292642,false,true
4000014569,65883.03,0.02880565,1897.80350312,1704155292767,false,true
4000014570,65881.65,0.02856148,1881.67742884,1704155292927,false,true
4000014571,65880.64,0.06789063,4472.67815440,1704155292948,false,true
4000014572,65882.13,0.07666209,5050.66177945,1704155293196,true,true
4000014573,65884.54,0.06604176,4351.13097839,1704155293270,true,true
4000014574,65883.93,0.02426334,1598.56419413,1704155293281,true,true
4000014575,65882.74,0.03639945,2398.09550049,1704155293300,false,true
4000014576,65880.92,0.04723858,3112.12110989,1704155293390,true,true
4000014577,65879.69,0.01459178,961.30194295,1704155293462,false,true
4000014578,65881.64,0.10383169,6840.60202117,1704155293500,true,true
4000014579,65880.08,0.17392377,11458.11188150,1704155293825,true,true
4000014580,65881.41,0.02720018,1791.98621065,1704155293846,false,true
4000014581,65879.98,0.02538605,1672.43246628,1704155293891,false,true
4000014582,65882.71,0.02514724,1656.76832022,1704155294222,true,true
4000014583,65885.04,0.03849788,2536.43436372,1704155294284,true,true
4000014584,65886.26,0.08239292,5428.56134928,1704155294363,true,true
4000014585,65886.12,0.05906049,3891.26653140,1704155294611,false,true
4000014586,65886.30,0.02088054,1375.74152260,1704155294613,false,true
4000014587,65886.51,0.03439279,2266.02090226,1704155294631,true,true
4000014588,65887.43,0.04156054,2738.31717001,1704155294688,true,true
4000014589,65888.22,0.06777049,4465.27695463,1704155294808,true,true
4000014590,65885.90,0.01141114,751.83322893,1704155294858,true,true
4000014591,65883.84,0.02193666,1445.27139757,1704155295256,true,true
4000014592,65882.34,0.02491525,1641.47497168,1704155295294,false,true
4000014593,65881.19,0.08509825,5606.37397692,1704155295327,false,true
4000014594,65881.38,0.02239178,1475.20136706,1704155295432,true,true
4000014595,65880.51,0.02681551,1766.61947471,1704155295479,true,true
4000014596,65881.28,0.04315241,2842.93600588,1704155295500,false,true
4000014597,65878.91,0.07423317,4890.40032544,1704155295624,false,true
4000014598,65879.23,0.03118941,2054.73431495,1704155295672,true,true
4000014599,65878.76,0.07855187,5174.89979128,1704155295676,false,true
4000014600,65877.66,0.24437697,16098.98294149,1704155295751,true,true
4000014601,65878.77,0.12863416,8474.26024078,1704155295765,true,true
4000014602,65877.06,0.02979708,1962.94402698,1704155295868,true,true
4000014603,65876.02,0.05784422,3810.54699360,1704155296118,false,true
4000014604,65876.05,0.05774195,3803.81158530,1704155296289,true,true
4000014605,65876.34,0.05835265,3844.05901130,1704155296361,true,true
4000014606,65874.11,0.02365238,1558.07948188,1704155296949,false,true
4000014607,65875.28,0.03087283,2033.75632064,1704155296966,false,true
4000014608,65876.85,0.02802740,1846.35682569,1704155297206,false,true
4000014609,65878.93,0.11971138,7886.45762322,1704155297332,true,true
4000014610,65879.53,0.03333669,2196.20546896,1704155297391,true,true
4000014611,65876.86,0.05111539,3367.32139088,1704155297519,false,true
4000014612,65877.20,0.08958984,5901.92780765,1704155297609,true,true
4000014613,65876.96,0.04202739,2768.63668993,1704155297698,false,true
4000014614,65877.99,0.02245365,1479.20133016,1704155297785,false,true
4000014615,65878.23,0.04681829,3084.30607683,1704155297965,false,true
4000014616,65876.43,0.04307386,2837.55212312,1704155298014,false,true
4000014617,65877.11,0.09714588,6399.68982281,1704155298179,false,true
4000014618,65875.59,0.06242413,4112.22639399,1704155298186,true,true
4000014619,65875.62,0.08248650,5433.84932913,1704155298244,false,true
4000014620,65873.22,0.03353971,2209.36869557,1704155298337,false,true
4000014621,65874.27,0.05400865,3557.78039244,1704155298348,false,true
4000014622,65872.43,0.03120524,2055.56498753,1704155298421,true,true
4000014623,65870.95,0.13365169,8803.76378941,1704155298536,true,true
4000014624,65872.04,0.05782991,3809.37414472,1704155298573,true,true
4000014625,65872.75,0.02089363,1376.32086558,1704155298582,true,true
4000014626,65873.34,0.07982026,5258.02712587,1704155299012,true,true
4000014627,65874.35,0.06951947,4579.54989859,1704155299134,true,true
4000014628,65875.58,0.15406678,10149.23849123,1704155299329,true,true
4000014629,65877.34,0.03899670,2568.99886478,1704155299354,true,true
4000014630,65878.73,0.08226500,5419.51372345,1704155299677,false,true
4000014631,65881.82,0.01829967,1205.61556500,1704155299789,true,true
4000014632,65882.03,0.06229948,4104.41621034,1704155299910,false,true
4000014633,65880.20,0.02109680,1389.86140336,1704155300113,false,true
4000014634,65881.67,0.11162360,7353.94917941,1704155300151,true,true
4000014635,65881.80,0.04116750,2712.18900150,1704155300254,true,true
4000014636,65884.35,0.06078738,4004.93701950,1704155300263,false,true
4000014637,65884.30,0.03288669,2166.71654997,1704155300445,true,true
4000014638,65883.09,0.07852203,5173.27396947,1704155300547,true,true
4000014639,65885.37,0.07338545,4835.02752587,1704155300878,false,true
4000014640,65885.26,0.04067668,2679.99363774,1704155300881,false,true
4000014641,65886.75,0.07628283,5026.02774950,1704155301044,false,true
4000014642,65888.97,0.05682020,3743.82445319,1704155301087,false,true
4000014643,65888.67,0.09562005,6300.27791983,1704155301115,false,true
4000014644,65886.81,0.04622623,3045.69883303,1704155301141,true,true
4000014645,65887.06,0.09602018,6326.48736087,1704155301390,true,true
4000014646,65885.83,0.06275191,4134.46167444,1704155301411,true,true
4000014647,65885.26,0.12460900,8209.89636334,1704155301746,false,true
4000014648,65887.88,0.08985232,5920.17887788,1704155301759,true,true
4000014649,65886.30,0.07357733,4847.73803758,1704155301974,false,true
4000014650,65884.77,0.09819675,6469.67028850,1704155302100,false,true
4000014651,65883.00,0.05703058,3757.34570214,1704155302261,true,true
4000014652,65884.42,0.04139776,2727.46740690,1704155302309,true,true
4000014653,65887.69,0.06294570,4147.34676843,1704155302933,true,true
4000014654,65887.41,0.13594281,8956.91965902,1704155303168,true,true
4000014655,65883.98,0.08845256,5827.60669399,1704155303431,true,true
4000014656,65882.75,0.03105667,2046.09882544,1704155303501,true,true
4000014657,65881.91,0.04300332,2833.14085794,1704155303613,true,true
4000014658,65881.89,0.07937487,5229.36645410,1704155303743,true,true
4000014659,65882.99,0.04671172,3077.50778164,1704155303820,false,true
4000014660,65882.57,0.03078013,2027.87406933,1704155304042,false,true
4000014661,65882.42,0.11189379,7371.83366817,1704155304208,true,true
4000014662,65883.60,0.11955263,7876.55765387,1704155304419,false,true
4000014663,65880.66,0.06095367,4015.66800902,1704155304552,true,true
4000014664,65882.13,0.01495949,985.56306491,1704155305400,false,true
4000014665,65883.81,0.03618188,2383.80010736,1704155305409,false,true
4000014666,65884.79,0.06167021,4063.12883511,1704155305528,false,true
4000014667,65886.37,0.06712414,4422.56592397,1704155305809,true,true
4000014668,65885.94,0.02419147,1593.87774093,1704155305985,true,true
4000014669,65885.46,0.05174801,3409.44144293,1704155306026,false,true
4000014670,65887.58,0.05090635,3354.09620813,1704155306175,false,true
4000014671,65887.56,0.08433374,5556.54435427,1704155306361,true,true
4000014672,65887.99,0.03822512,2518.57632431,1704155306378,false,true
4000014673,65891.13,0.04010270,2642.41221905,1704155306520,false,true
4000014674,65889.33,0.18648622,12287.45209003,1704155306624,false,true
4000014675,65887.90,0.10024265,6604.77769893,1704155306688,true,true
4000014676,65889.32,0.03231484,2129.20283351,1704155306697,true,true
4000014677,65888.98,0.06210754,4092.20246091,1704155306720,true,true
4000014678,65889.14,0.04700459,3097.09201115,1704155306815,false,true
4000014679,65886.73,0.04627072,3048.62643555,1704155307128,true,true
4000014680,65885.96,0.03373408,2222.60224552,1704155307174,true,true
4000014681,65884.44,0.05929470,3906.59810447,1704155307262,false,true
4000014682,65882.80,0.18546824,12219.16696227,1704155307679,true,true
4000014683,65882.57,0.04004162,2638.04483256,1704155307782,true,true
4000014684,65881.47,0.08999411,5928.94425814,1704155307787,false,true
4000014685,65882.35,0.04226666,2784.62688745,1704155308034,false,true
4000014686,65885.00,0.03293675,2170.03777375,1704155308528,true,true
4000014687,65884.81,0.03238059,2133.38901984,1704155308603,true,true
4000014688,65884.98,0.05221653,3440.28503472,1704155308826,false,true
4000014689,65884.63,0.03467998,2284.87765071,1704155308960,false,true
4000014690,65885.83,0.02701735,1780.06052915,1704155309310,false,true
4000014691,65884.96,0.11711788,7716.30683908,1704155309318,false,true
4000014692,65884.63,0.07925290,5221.54799293,1704155309403,true,true
4000014693,65885.99,0.03713385,2446.60046976,1704155309421,true,true
4000014694,65883.86,0.02912787,1919.05650918,1704155309765,true,true
4000014695,65880.00,0.04015592,2645.47200960,1704155310196,false,true
4000014696,65881.50,0.11070063,7293.12355534,1704155310202,true,true
4000014697,65879.70,0.10244369,6748.95956409,1704155310250,true,true
4000014698,65881.59,0.04519142,2977.28260396,1704155310297,false,true
4000014699,65880.38,0.02322737,1530.22796200,1704155310480,false,true
4000014700,65880.36,0.08888281,5855.63152061,1704155310779,true,true
4000014701,65878.44,0.08484627,5589.53990742,1704155310936,false,true
4000014702,65879.39,0.07649678,5039.56120336,1704155310998,false,true
4000014703,65882.02,0.06159030,4057.69337641,1704155310998,false,true
4000014704,65880.46,0.04093571,2696.86340523,1704155311196,true,true
4000014705,65880.99,0.03529221,2325.08573409,1704155311272,false,true
4000014706,65881.70,0.04779753,3148.98253220,1704155311440,true,true
4000014707,65882.78,0.01821854,1200.28806274,1704155311500,false,true
4000014708,65884.19,0.03219812,2121.34705572,1704155311525,true,true
4000014709,65884.31,0.07180991,4731.14637151,1704155311532,true,true
4000014710,65884.63,0.03550486,2339.22456430,1704155311699,true,true
4000014711,65884.26,0.08935622,5887.16843110,1704155311831,false,true
4000014712,65883.80,0.02111651,1391.23592154,1704155311924,true,true
4000014713,65882.95,0.09302141,6128.52490396,1704155312115,true,true
4000014714,65883.01,0.06995057,4608.55410282,1704155312254,true,true
4000014715,65883.41,0.03351565,2208.12531037,1704155312571,true,true
4000014716,65883.22,0.06460344,4256.28265028,1704155313249,true,true
4000014717,65882.54,0.11998158,7904.69124361,1704155313316,true,true
4000014718,65884.19,0.02418707,1593.54551542,1704155313382,false,true
4000014719,65884.04,0.16283069,10727.94369319,1704155313563,false,true
4000014720,65885.17,0.04206340,2771.35425978,1704155313627,true,true
4000014721,65885.50,0.09261609,6102.05739769,1704155313786,true,true
4000014722,65883.66,0.09643016,6353.17187519,1704155313869,true,true
4000014723,65884.63,0.05744952,3785.04036888,1704155313870,false,true
4000014724,65887.60,0.04163570,2743.27634732,1704155313886,false,true
4000014725,65889.74,0.13246844,8728.31106981,1704155314144,false,true
4000014726,65888.63,0.07148600,4710.11460418,1704155314230,true,true
4000014727,65888.01,0.02490753,1641.10758572,1704155314342,false,true
4000014728,65888.78,0.05064882,3337.18895824,1704155314450,true,true
4000014729,65888.45,0.04343124,2861.61708518,1704155314537,true,true
4000014730,65887.71,0.05658370,3728.17041633,1704155314545,false,true
4000014731,65887.58,0.05525256,3640.45746720,1704155314897,true,true
4000014732,65886.06,0.06277656,4136.10019875,1704155315121,false,true
4000014733,65881.99,0.11990581,7899.63337536,1704155315194,false,true
4000014734,65881.76,0.08355282,5504.60683456,1704155315343,true,true
4000014735,65882.65,0.01033501,680.89784658,1704155315392,false,true
4000014736,65884.39,0.05892727,3882.38723832,1704155315440,true,true
4000014737,65884.32,0.06244122,4113.89731967,1704155315501,false,true
4000014738,65887.14,0.08461764,5575.21429315,1704155315610,true,true
4000014739,65887.92,0.04594180,3027.00964306,1704155315725,false,true
4000014740,65888.40,0.03834287,2526.35035571,1704155315741,false,true
4000014741,65887.95,0.05542526,3651.85675962,1704155315828,true,true
4000014742,65889.39,0.02390255,1574.92443894,1704155315846,true,true
4000014743,65889.93,0.05194000,3422.32296420,1704155315943,false,true
4000014744,65892.39,0.01840349,1212.64994044,1704155315978,false,true
4000014745,65893.25,0.07443031,4904.45502441,1704155316087,false,true
4000014746,65892.32,0.06424440,4233.21256301,1704155316119,true,true
4000014747,65893.00,0.03266820,2152.60570260,1704155316153,true,true
4000014748,65892.40,0.06246739,4116.12624884,1704155316468,false,true
4000014749,65890.43,0.03471799,2287.58328984,1704155316640,false,true
4000014750,65890.02,0.01528737,1007.28511505,1704155316692,false,true
4000014751,65890.16,0.03939150,2595.51223764,1704155316839,true,true
4000014752,65890.76,0.07616974,5018.88205760,1704155316908,false,true
4000014753,65893.08,0.09378978,6180.09747672,1704155317341,false,true
4000014754,65895.00,0.03050752,2010.29303040,1704155317510,true,true
4000014755,65896.61,0.02174535,1432.94484826,1704155317628,false,true
4000014756,65896.20,0.02325330,1532.30410746,1704155317676,true,true
4000014757,65900.65,0.04855073,3199.52466497,1704155317720,true,true
4000014758,65901.23,0.05132105,3382.12031989,1704155317801,false,true
4000014759,65900.91,0.05842430,3850.21453611,1704155317878,false,true
4000014760,65900.92,0.03338473,2200.08442095,1704155317902,true,true
4000014761,65901.72,0.05779387,3808.71543846,1704155318121,true,true
4000014762,65901.22,0.05967604,3932.72384077,1704155318214,true,true
4000014763,65900.75,0.04315263,2843.79068147,1704155318263,false,true
4000014764,65900.63,0.04023217,2651.32534927,1704155318395,false,true
4000014765,65899.87,0.03650513,2405.68332133,1704155318493,true,true
4000014766,65899.99,0.05960075,3927.68882899,1704155318691,false,true
4000014767,65898.42,0.02045551,1347.98578929,1704155318802,true,true
4000014768,65895.42,0.01979169,1304.18172506,1704155318879,false,true
4000014769,65891.66,0.06858028,4518.86849246,1704155319253,false,true
4000014770,65891.53,0.01244789,820.21051737,1704155319381,true,true
4000014771,65893.45,0.05573737,3672.72760323,1704155319399,false,true
4000014772,65889.67,0.06167635,4063.83434830,1704155319980,false,true
4000014773,65889.64,0.03376110,2224.50672500,1704155320089,false,true
4000014774,65889.31,0.03456000,2277.13455360,1704155320091,false,true
4000014775,65886.89,0.02576116,1697.32271519,1704155320255,true,true
4000014776,65885.41,0.10351526,6820.14534636,1704155320313,false,true
4000014777,65884.68,0.16019801,10554.59462549,1704155320520,true,true
4000014778,65885.33,0.08070187,5317.06933657,1704155320529,true,true
4000014779,65886.22,0.06343453,4179.46139918,1704155320557,false,true
4000014780,65885.47,0.07612182,5015.32188796,1704155320799,true,true
4000014781,65885.69,0.13228812,8715.89406500,1704155320829,true,true
4000014782,65885.31,0.06258529,4123.45123309,1704155321118,true,true
4000014783,65885.89,0.06067448,3997.59211509,1704155321152,true,true
4000014784,65886.52,0.06844649,4509.70103231,1704155321374,true,true
4000014785,65884.34,0.05957297,3924.92581029,1704155321398,false,true
4000014786,65887.68,0.03234994,2131.46249474,1704155321455,true,true
4000014787,65886.07,0.02417485,1592.78585934,1704155321664,false,true
4000014788,65887.62,0.06988798,4604.75266881,1704155321770,false,true
4000014789,65888.12,0.12929352,8518.90696098,1704155321879,true,true
4000014790,65888.35,0.07538710,4967.13163029,1704155322011,false,true
4000014791,65889.96,0.06613977,4357.94679971,1704155322021,true,true
4000014792,65888.81,0.02719723,1791.99312000,1704155322089,true,true
4000014793,65889.59,0.04284507,2823.04409582,1704155322305,true,true
4000014794,65887.73,0.04760057,3136.29350401,1704155322620,false,true
4000014795,65887.50,0.02142341,1411.53492637,1704155322658,true,true
4000014796,65887.86,0.08267585,5447.33483018,1704155322864,true,true
4000014797,65889.13,0.03532543,2327.56184958,1704155322899,true,true
4000014798,65890.74,0.03889253,2562.65758217,1704155322955,true,true
4000014799,65886.44,0.03066820,2020.61851921,1704155323089,false,true
4000014800,65887.10,0.02798445,1843.81425560,1704155323154,false,true
4000014801,65886.63,0.05031128,3314.84069019,1704155323221,false,true
4000014802,65886.14,0.19516289,12858.52949334,1704155323562,true,true
4000014803,65882.00,0.03623212,2387.04452984,1704155323601,true,true
4000014804,65881.68,0.12410819,8176.45605896,1704155323710,true,true
4000014805,65881.04,0.02677692,1764.09133760,1704155323817,true,true
4000014806,65882.16,0.01470443,968.75960997,1704155323836,false,true
4000014807,65882.56,0.03686838,2428.98325745,1704155323874,true,true
4000014808,65882.21,0.04606765,3035.03859151,1704155323935,false,true
4000014809,65879.99,0.03094161,2038.43295738,1704155324152,true,true
4000014810,65880.79,0.11521002,7590.12713352,1704155324203,true,true
4000014811,65879.81,0.03374098,2222.84935161,1704155324270,true,true
4000014812,65876.33,0.03988150,2627.24685490,1704155324459,false,true
4000014813,65877.25,0.02629244,1732.07364299,1704155324511,false,true
4000014814,65877.07,0.07761884,5113.30175600,1704155324723,false,true
4000014815,65878.23,0.02415206,1591.09496365,1704155324790,false,true
4000014816,65878.50,0.08582673,5654.13623231,1704155324878,false,true
4000014817,65881.46,0.08921575,5877.66386500,1704155325101,false,true
4000014818,65880.22,0.03561152,2346.09477213,1704155325253,false,true
4000014819,65879.70,0.09034973,5952.21310748,1704155325390,false,true
4000014820,65880.16,0.04598835,3029.71985614,1704155325591,true,true
4000014821,65879.78,0.02590118,1706.36404014,1704155325596,false,true
4000014822,65880.61,0.06808121,4485.23164434,1704155325620,false,true
4000014823,65879.14,0.01947528,1283.01469766,1704155325848,false,true
4000014824,65878.95,0.04762962,3137.78935450,1704155325940,true,true
4000014825,65879.50,0.03725738,2454.49756571,1704155326050,true,true
4000014826,65879.95,0.02918978,1923.02124691,1704155326094,true,true
4000014827,65880.01,0.05599966,3689.25816080,1704155326189,true,true
4000014828,65880.46,0.03164361,2084.69558286,1704155326345,true,true
4000014829,65878.52,0.09331414,6147.39743827,1704155326430,true,true
4000014830,65877.45,0.12210158,8043.74073137,1704155326522,false,true
4000014831,65878.89,0.09434160,6215.11988882,1704155326636,true,true
4000014832,65878.00,0.02316414,1526.00721492,1704155326744,true,true
4000014833,65874.59,0.06171826,4065.66507301,1704155326936,false,true
4000014834,65874.84,0.08688886,5723.78975028,1704155327182,true,true
4000014835,65876.43,0.05793382,3816.47323786,1704155327389,false,true
4000014836,65876.43,0.07424772,4891.17472924,1704155327493,true,true
4000014837,65876.23,0.04170349,2747.26869904,1704155327687,false,true
4000014838,65879.26,0.14116120,9299.59539671,1704155327715,true,true
4000014839,65880.65,0.01333105,878.25823918,1704155327988,false,true
4000014840,65880.74,0.06463875,4258.44868267,1704155328149,true,true
4000014841,65882.40,0.04488539,2957.15721814,1704155328504,false,true
4000014842,65882.18,0.03875580,2553.31659164,1704155328559,true,true
4000014843,65882.17,0.04428841,2917.81655665,1704155328839,false,true
4000014844,65882.38,0.04226487,2784.51022599,1704155328930,false,true
4000014845,65881.13,0.14982504,9870.64293750,1704155329221,false,true
4000014846,65881.29,0.06370666,4197.07694239,1704155329613,false,true
4000014847,65879.04,0.04440067,2925.07351496,1704155329692,true,true
4000014848,65877.22,0.04671081,3077.17830675,1704155330115,false,true
4000014849,65876.39,0.07155534,4713.80748442,1704155330264,false,true
4000014850,65877.67,0.06998668,4610.55940944,1704155330287,true,true
4000014851,65878.20,0.07239151,4769.02237408,1704155330297,false,true
4000014852,65877.56,0.04923398,3243.41447149,1704155330504,true,true
4000014853,65876.52,0.05928847,3905.71807972,1704155330513,true,true
4000014854,65873.61,0.04884782,3217.78224403,1704155330643,false,true
4000014855,65876.08,0.03704494,2440.37543104,1704155330829,true,true
4000014856,65876.08,0.02244064,1478.30139589,1704155330997,true,true
4000014857,65875.34,0.04425353,2915.21633495,1704155331027,false,true
4000014858,65875.83,0.10935098,7203.58656881,1704155331084,false,true
4000014859,65875.65,0.02396240,1578.53867556,1704155331178,true,true
4000014860,65874.05,0.02322481,1529.91229518,1704155331219,false,true
4000014861,65876.75,0.03901000,2569.85201750,1704155331296,false,true
4000014862,65875.91,0.11744468,7736.77516966,1704155331321,true,true
4000014863,65875.72,0.12237754,8061.70855933,1704155331642,false,true
4000014864,65877.30,0.09512792,6266.77052422,1704155331739,true,true
4000014865,65876.59,0.05590230,3682.65289716,1704155331812,false,true
4000014866,65877.24,0.06123705,4034.12783974,1704155331866,false,true
4000014867,65879.51,0.03379738,2226.55483368,1704155331938,true,true
4000014868,65877.86,0.03264092,2150.31395803,1704155332089,false,true
4000014869,65880.03,0.05607250,3694.05798217,1704155332239,false,true
4000014870,65881.60,0.03448542,2271.95464627,1704155332249,true,true
4000014871,65880.85,0.06371333,4197.48833673,1704155332352,false,true
4000014872,65883.66,0.01723232,1135.32831189,1704155332369,false,true
4000014873,65882.07,0.04882783,3216.87851401,1704155332725,true,true
4000014874,65881.75,0.02496217,1644.55144340,1704155332726,false,true
4000014875,65883.29,0.12030098,7925.82435262,1704155332916,true,true
4000014876,65881.92,0.03364723,2216.74411508,1704155333007,true,true
4000014877,65879.71,0.06355498,4186.98365146,1704155333112,false,true
4000014878,65879.04,0.01363653,898.36150533,1704155333257,true,true
4000014879,65876.61,0.03063969,2018.43890865,1704155333282,true,true
4000014880,65878.54,0.03302852,2175.87067596,1704155333409,false,true
4000014881,65881.01,0.06157416,4056.56785070,1704155333494,true,true
4000014882,65880.59,0.04896744,3226.00383799,1704155333577,true,true
4000014883,65879.83,0.02556976,1684.53144194,1704155333602,true,true
4000014884,65881.95,0.05473065,3605.76194677,1704155333691,true,true
4000014885,65882.33,0.25417920,16745.91793354,1704155333700,false,true
4000014886,65885.47,0.05568386,3668.75728751,1704155333964,false,true
4000014887,65885.14,0.10075342,6638.15318218,1704155334081,false,true
4000014888,65885.35,0.03590766,2365.78874678,1704155334140,true,true
4000014889,65885.61,0.02534956,1670.17122383,1704155334465,true,true
4000014890,65883.05,0.09684837,6380.66600313,1704155334693,true,true
4000014891,65884.33,0.09871896,6504.03253790,1704155334695,true,true
4000014892,65883.85,0.08697917,5730.52258940,1704155334944,true,true
4000014893,65884.43,0.03240987,2135.30581132,1704155335175,true,true
4000014894,65885.52,0.02044470,1347.00969074,1704155335282,true,true
4000014895,65885.43,0.08177382,5387.70329344,1704155335299,false,true
4000014896,65887.80,0.04840231,3189.12172082,1704155335498,false,true
4000014897,65888.09,0.09557039,6296.95045766,1704155335930,true,true
4000014898,65889.96,0.02073397,1366.16045394,1704155336070,false,true
4000014899,65889.68,0.04184634,2757.24195177,1704155336371,false,true
4000014900,65886.52,0.06913324,4554.94859992,1704155336487,true,true
4000014901,65883.68,0.03832495,2524.98874182,1704155336677,true,true
4000014902,65884.08,0.02782092,1832.95571895,1704155336724,true,true
4000014903,65884.46,0.12315209,8113.80894752,1704155336847,false,true
4000014904,65883.10,0.18448891,12154.70130642,1704155336867,false,true
4000014905,65882.49,0.05122900,3375.09408021,1704155337066,true,true
4000014906,65881.61,0.02319212,1527.93420491,1704155337126,false,true
4000014907,65882.02,0.07048003,4643.36674606,1704155337257,false,true
4000014908,65882.27,0.11727945,7726.63639035,1704155337267,true,true
4000014909,65882.73,0.01932791,1273.37547599,1704155337362,false,true
4000014910,65883.12,0.04363591,2874.86989484,1704155337363,true,true
4000014911,65882.67,0.03197559,2106.63724403,1704155337469,true,true
4000014912,65883.10,0.22028899,14513.32155707,1704155337526,false,true
4000014913,65881.31,0.06743556,4442.74303338,1704155338341,false,true
4000014914,65881.34,0.04233008,2788.76239271,1704155338435,true,true
4000014915,65879.92,0.02025525,1334.41424958,1704155338577,false,true
4000014916,65879.78,0.03707816,2442.70102360,1704155338637,false,true
4000014917,65881.18,0.07655703,5043.66747370,1704155338844,false,true
4000014918,65881.87,0.05541552,3650.87808462,1704155338880,false,true
4000014919,65882.97,0.01579314,1040.49896883,1704155338892,false,true
4000014920,65885.01,0.01321134,870.42926801,1704155338910,false,true
4000014921,65885.35,0.06466793,4260.66920183,1704155339164,true,true
4000014922,65885.29,0.02276508,1499.88389767,1704155339167,false,true
4000014923,65885.32,0.07419219,4888.17617965,1704155339326,true,true
4000014924,65885.34,0.03686540,2428.88941324,1704155339452,true,true
4000014925,65886.86,0.10249410,6753.01441753,1704155339724,false,true
4000014926,65886.13,0.04931000,3248.84507030,1704155339809,true,true
4000014927,65885.77,0.07000720,4612.47827754,1704155339848,false,true
4000014928,65887.63,0.03619477,2384.78761370,1704155339860,false,true
4000014929,65887.41,0.03954818,2605.72715041,1704155339968,true,true
4000014930,65887.54,0.06937275,4570.79984053,1704155340017,false,true
4000014931,65885.48,0.05585954,3680.33260548,1704155340212,true,true
4000014932,65886.58,0.01681667,1107.99287329,1704155340223,true,true
4000014933,65886.01,0.11591251,7637.01279299,1704155340271,false,true
4000014934,65887.54,0.09107364,6000.61809845,1704155340416,true,true
4000014935,65889.61,0.11393602,7507.19992275,1704155340532,false,true
4000014936,65889.01,0.04711751,3104.52608757,1704155340534,false,true
4000014937,65891.11,0.09885484,6513.65513647,1704155340761,true,true
4000014938,65892.18,0.06976985,4597.28751477,1704155340790,true,true
4000014939,65893.35,0.07616524,5018.78281715,1704155340796,false,true
4000014940,65893.00,0.03888610,2562.32178730,1704155341145,true,true
4000014941,65895.11,0.04043628,2664.55311859,1704155341247,true,true
4000014942,65895.33,0.05566429,3668.01675877,1704155341300,false,true
4000014943,65897.33,0.03871418,2551.16109514,1704155341303,false,true
4000014944,65895.37,0.03904669,2572.99608483,1704155341329,true,true
4000014945,65895.46,0.03579887,2358.98300613,1704155341432,true,true
4000014946,65895.91,0.09434327,6216.83562903,1704155341559,false,true
4000014947,65895.77,0.04149651,2734.44447876,1704155341606,true,true
4000014948,65894.46,0.10457741,6891.07196015,1704155341763,false,true
4000014949,65895.58,0.03247636,2140.04857849,1704155341772,true,true
4000014950,65897.19,0.04605475,3034.87861115,1704155342048,true,true
4000014951,65896.76,0.07785454,5130.36193729,1704155342080,false,true
4000014952,65895.66,0.09498054,6258.80537046,1704155342279,false,true
4000014953,65895.69,0.13523418,8911.34960268,1704155342403,false,true
4000014954,65895.27,0.05258195,3464.90179238,1704155342405,true,true
4000014955,65892.53,0.03297986,2173.12641445,1704155342820,true,true
4000014956,65893.99,0.01933382,1273.98254174,1704155343175,true,true
4000014957,65895.03,0.02154175,1419.49426250,1704155343193,true,true
4000014958,65894.41,0.02468098,1626.33861532,1704155343198,false,true
4000014959,65895.88,0.05274988,3475.99976249,1704155343447,false,true
4000014960,65896.27,0.02461459,1622.00966858,1704155343591,false,true
4000014961,65898.36,0.09397441,6192.75950097,1704155343608,true,true
4000014962,65897.37,0.09347665,6159.86539141,1704155343729,true,true
4000014963,65897.60,0.05054989,3331.11643126,1704155343858,false,true
4000014964,65896.88,0.03913700,2579.00619256,1704155343866,false,true
4000014965,65900.09,0.01913716,1261.14056634,1704155344035,false,true
4000014966,65899.30,0.13383319,8819.51353777,1704155344266,true,true
4000014967,65899.76,0.06384848,4207.59950836,1704155344355,false,true
4000014968,65899.34,0.07558417,4980.94691745,1704155345155,false,true
4000014969,65899.62,0.10514838,6929.23828562,1704155345157,true,true
4000014970,65898.63,0.03116688,2053.85469337,1704155345246,false,true
4000014971,65898.87,0.06643095,4377.72453803,1704155345270,true,true
4000014972,65898.92,0.04131717,2722.75688046,1704155345290,false,true
4000014973,65898.00,0.03113266,2051.58002868,1704155345382,false,true
4000014974,65899.12,0.04747458,3128.53304437,1704155345478,false,true
4000014975,65898.26,0.07749494,5106.78170480,1704155345534,true,true
4000014976,65896.84,0.03556534,2343.64351953,1704155345568,false,true
4000014977,65895.79,0.03556546,2343.61408341,1704155346125,false,true
4000014978,65895.13,0.12309439,8111.32083132,1704155346261,true,true
4000014979,65896.65,0.02493935,1643.41961818,1704155346425,true,true
4000014980,65897.32,0.01900896,1252.63951999,1704155346483,false,true
4000014981,65896.83,0.07692755,5069.28168467,1704155346508,true,true
4000014982,65896.27,0.04812325,3171.14267528,1704155346583,false,true
4000014983,65895.34,0.01646378,1084.88638079,1704155346692,true,true
4000014984,65897.96,0.02367034,1559.82711851,1704155346782,false,true
4000014985,65899.27,0.09665617,6369.57104400,1704155346868,false,true
4000014986,65896.42,0.06819171,4493.58956268,1704155347243,false,true
4000014987,65898.97,0.02494096,1643.58357481,1704155347309,true,true
4000014988,65899.51,0.15819006,10424.64744087,1704155347357,true,true
4000014989,65899.32,0.04507674,2970.52651382,1704155347612,true,true
4000014990,65901.08,0.04402333,2901.18499220,1704155347766,true,true
4000014991,65902.49,0.06499294,4283.19657842,1704155347988,true,true
4000014992,65899.24,0.04743666,3126.03984214,1704155348147,false,true
4000014993,65897.81,0.13291706,8758.94316564,1704155348200,true,true
4000014994,65898.19,0.06488333,4275.69400817,1704155348311,true,true
4000014995,65899.20,0.03303856,2177.21467315,1704155348324,false,true
4000014996,65902.68,0.11497147,7576.92799654,1704155348544,false,true
4000014997,65903.44,0.03010174,1983.80821599,1704155348613,true,true
4000014998,65903.52,0.06022871,3969.28399406,1704155348827,true,true
4000014999,65903.89,0.03443722,2269.54675879,1704155349084,true,true
4000015000,65905.17,0.06659492,4388.94952374,1704155349160,false,true
4000015001,65906.27,0.03527337,2324.73624703,1704155349209,true,true
4000015002,65905.29,0.06621750,4364.08354058,1704155349544,false,true
4000015003,65908.43,0.04094688,2698.74457420,1704155349595,true,true
4000015004,65909.21,0.04551782,3000.04355712,1704155349754,true,true
4000015005,65909.93,0.03004162,1980.04107129,1704155349929,false,true
4000015006,65910.71,0.03556215,2343.92655563,1704155349991,false,true
4000015007,65911.78,0.01547738,1020.14166554,1704155350047,true,true
4000015008,65910.85,0.01983423,1307.29095840,1704155350111,true,true
4000015009,65911.85,0.05180683,3414.68400794,1704155350162,false,true
4000015010,65910.62,0.07535799,4966.89184285,1704155350230,false,true
4000015011,65911.34,0.02755795,1816.38141215,1704155350261,false,true
4000015012,65912.04,0.03885748,2561.17577606,1704155350389,true,true
4000015013,65912.98,0.04155025,2738.70079724,1704155350457,false,true
4000015014,65914.47,0.03517142,2318.30550845,1704155350509,false,true
4000015015,65915.17,0.09818021,6471.56523279,1704155350623,true,true
4000015016,65914.83,0.09465298,6239.03508569,1704155350709,false,true
4000015017,65915.31,0.12409159,8179.53562324,1704155351062,false,true
4000015018,65918.02,0.13532735,8920.51096385,1704155351420,true,true
4000015019,65915.54,0.05769403,3802.93314223,1704155351450,false,true
4000015020,65915.51,0.02908992,1917.47691266,1704155351783,false,true
4000015021,65916.86,0.02068025,1363.17714402,1704155351922,false,true
4000015022,65917.62,0.02182937,1438.94011650,1704155352040,true,true
4000015023,65919.16,0.02879838,1898.36501896,1704155352163,true,true
4000015024,65917.80,0.07825647,5158.49433817,1704155352207,false,true
4000015025,65918.21,0.02533011,1669.71551030,1704155352299,false,true
4000015026,65920.97,0.03649531,2405.80623565,1704155352344,true,true
4000015027,65921.07,0.04389138,2893.36673338,1704155352605,true,true
4000015028,65921.33,0.07088415,4672.77744392,1704155352701,false,true
4000015029,65920.50,0.05855946,3860.26888293,1704155353010,false,true
4000015030,65921.29,0.04679039,3084.48286840,1704155353075,false,true
4000015031,65921.27,0.02903418,1913.97001901,1704155353151,false,true
4000015032,65921.76,0.04999986,3296.07877095,1704155353338,true,true
4000015033,65923.38,0.06051288,3989.21358313,1704155353480,false,true
4000015034,65923.54,0.01268786,836.42864622,1704155353546,true,true
4000015035,65923.19,0.02740295,1806.48987941,1704155353622,true,true
4000015036,65921.96,0.06294988,4149.77947136,1704155354195,true,true
4000015037,65921.24,0.05294103,3489.93834448,1704155354480,false,true
4000015038,65921.62,0.06371669,4200.30742584,1704155354648,true,true
4000015039,65922.29,0.06641323,4378.11220790,1704155354757,true,true
4000015040,65922.18,0.19743229,13015.16695919,1704155354780,true,true
4000015041,65921.45,0.02366382,1559.95332694,1704155354850,false,true
4000015042,65918.36,0.03665808,2416.44051435,1704155354894,false,true
4000015043,65917.80,0.04818265,3176.09428617,1704155355188,true,true
4000015044,65916.68,0.10363189,6831.07013093,1704155355197,true,true
4000015045,65915.77,0.04288017,2826.47942328,1704155355199,true,true
4000015046,65916.80,0.04932463,3251.32177078,1704155355214,false,true
4000015047,65915.61,0.07357787,4849.93018355,1704155355265,false,true
4000015048,65916.56,0.02309109,1522.08521945,1704155355270,true,true
4000015049,65916.68,0.03891607,2565.21813305,1704155355367,true,true
4000015050,65915.58,0.07443882,4906.67799482,1704155355392,false,true
4000015051,65917.41,0.04867320,3208.41128041,1704155355459,true,true
4000015052,65916.94,0.04546786,2997.10219955,1704155355460,true,true
4000015053,65913.86,0.03530880,2327.33929997,1704155355515,false,true
4000015054,65912.47,0.08288814,5463.36204111,1704155355518,true,true
4000015055,65912.33,0.14820554,9768.57246031,1704155355530,true,true
4000015056,65911.21,0.07369396,4857.25807329,1704155356065,true,true
4000015057,65913.34,0.09291883,6124.59043419,1704155356114,false,true
4000015058,65912.40,0.04687793,3089.83687333,1704155356125,true,true
4000015059,65913.32,0.01883726,1241.62634630,1704155356167,true,true
4000015060,65913.03,0.04944015,3258.75009015,1704155356167,true,true
4000015061,65913.96,0.02838630,1871.05344275,1704155356421,false,true
4000015062,65911.98,0.03131063,2063.74561835,1704155356515,false,true
4000015063,65914.51,0.04825063,3180.41663364,1704155356538,true,true
4000015064,65914.60,0.03197576,2107.66943010,1704155356757,false,true
4000015065,65912.70,0.04118474,2714.59741220,1704155356861,false,true
4000015066,65912.97,0.12122757,7990.46918458,1704155357081,true,true
4000015067,65912.46,0.03030755,1997.64517707,1704155357375,true,true
4000015068,65913.92,0.02816315,1856.34361605,1704155357540,false,true
4000015069,65914.73,0.04001056,2637.28525955,1704155357556,false,true
4000015070,65914.70,0.02945310,1941.39225057,1704155357737,false,true
4000015071,65913.91,0.01814811,1196.21288921,1704155357828,false,true
4000015072,65914.58,0.03022079,1991.99068012,1704155357897,true,true
4000015073,65914.17,0.05386260,3550.30857304,1704155357987,false,true
4000015074,65915.00,0.06099856,4020.72008240,1704155358097,false,true
4000015075,65915.08,0.06465981,4262.05654893,1704155358124,false,true
4000015076,65919.22,0.02118273,1396.34903907,1704155358178,true,true
4000015077,65918.17,0.04333397,2856.49600123,1704155358303,true,true
4000015078,65915.94,0.06856867,4519.76833760,1704155358310,true,true
4000015079,65917.58,0.09056862,5970.06425434,1704155358344,true,true
4000015080,65918.92,0.32713850,21564.61661042,1704155358461,false,true
4000015081,65919.31,0.08276564,5455.85388051,1704155358700,false,true
4000015082,65919.24,0.07409769,4884.46341056,1704155358774,false,true
4000015083,65919.38,0.03469237,2286.89952113,1704155358822,true,true
4000015084,65919.10,0.06701236,4417.39446008,1704155358949,false,true
4000015085,65917.84,0.06529571,4304.15216447,1704155359067,false,true
4000015086,65918.11,0.01747769,1152.09629197,1704155359141,true,true
4000015087,65918.81,0.07139533,4706.29519316,1704155359341,false,true
4000015088,65917.66,0.12308185,8113.26754047,1704155359481,true,true
4000015089,65919.05,0.06029810,3974.79346880,1704155359488,true,true
4000015090,65921.48,0.06044242,3984.45378118,1704155359548,true,true
4000015091,65920.00,0.04113307,2711.49197440,1704155359580,false,true
4000015092,65923.53,0.01988074,1310.60855981,1704155359612,true,true
4000015093,65922.14,0.09679138,6380.69490315,1704155359621,false,true
4000015094,65921.92,0.03778844,2491.08651860,1704155359884,true,true
4000015095,65920.97,0.03048752,2009.76689129,1704155359886,false,true
4000015096,65920.71,0.04002352,2638.37885510,1704155360025,true,true
4000015097,65921.94,0.02343767,1545.05667548,1704155360049,false,true
4000015098,65924.97,0.05927718,3907.84631318,1704155360118,false,true
4000015099,65924.75,0.07633743,5032.52598839,1704155360215,true,true
4000015100,65921.33,0.12079202,7962.77061179,1704155360218,false,true
4000015101,65921.15,0.03119339,2056.30414120,1704155360281,false,true
4000015102,65919.16,0.04806769,3168.58174794,1704155360452,true,true
4000015103,65918.97,0.08182445,5393.78346482,1704155360502,true,true
4000015104,65919.63,0.04770904,3144.96226446,1704155360572,false,true
4000015105,65919.18,0.01915419,1262.62849836,1704155360581,true,true
4000015106,65920.33,0.06148938,4053.40022110,1704155360640,false,true
4000015107,65918.64,0.03976476,2621.23889913,1704155361090,false,true
4000015108,65918.47,0.00974146,642.14213877,1704155361434,false,true
4000015109,65919.98,0.04461042,2940.71799419,1704155361528,true,true
4000015110,65919.62,0.04375197,2884.11323665,1704155361611,false,true
4000015111,65918.56,0.05406878,3564.13611856,1704155361686,true,true
4000015112,65915.75,0.05219639,3440.56419414,1704155361725,true,true
4000015113,65914.42,0.04871203,3210.82520447,1704155361964,true,true
4000015114,65913.32,0.08025776,5290.05541736,1704155362251,false,true
4000015115,65913.42,0.01759463,1159.72223693,1704155362353,false,true
4000015116,65912.25,0.08514506,5612.10248098,1704155362476,true,true
4000015117,65912.46,0.05892340,3883.78624556,1704155362719,false,true
4000015118,65914.87,0.06671154,4397.28248660,1704155362794,true,true
4000015119,65915.53,0.02194594,1446.57826645,1704155362883,false,true
4000015120,65915.36,0.04976119,3280.02675288,1704155363061,false,true
4000015121,65914.95,0.05450181,3592.48408106,1704155363245,true,true
4000015122,65912.43,0.06150501,4053.94466627,1704155364283,true,true
4000015123,65912.72,0.12637895,8329.98034524,1704155364538,true,true
4000015124,65912.88,0.02599810,1713.60964553,1704155364606,true,true
4000015125,65913.23,0.05040910,3322.62660239,1704155364642,true,true
4000015126,65911.31,0.05553556,3660.42151118,1704155365133,false,true
4000015127,65911.31,0.02906453,1915.68124683,1704155365374,true,true
4000015128,65912.69,0.02874262,1894.50340185,1704155365498,true,true
4000015129,65912.27,0.03415734,2251.38781656,1704155365627,true,true
4000015130,65914.62,0.05259590,3466.83876206,1704155365912,false,true
4000015131,65914.80,0.09533197,6283.78773616,1704155365922,true,true
4000015132,65916.24,0.04968361,3274.95676083,1704155365959,true,true
4000015133,65917.58,0.01385623,913.36914952,1704155366095,false,true
4000015134,65918.10,0.04887308,3221.62057475,1704155366297,true,true
4000015135,65917.61,0.08376129,5521.34404732,1704155366320,false,true
4000015136,65914.13,0.04378487,2886.04161321,1704155366362,true,true
4000015137,65915.71,0.05138654,3387.18026854,1704155366385,false,true
4000015138,65914.60,0.02647815,1745.29666599,1704155366540,false,true
4000015139,65912.86,0.14049128,9260.18206986,1704155366631,false,true
4000015140,65913.69,0.02018016,1330.14881039,1704155366639,true,true
4000015141,65916.26,0.03121034,2057.26888613,1704155366804,false,true
4000015142,65916.89,0.05567525,3669.93932997,1704155366904,false,true
4000015143,65915.69,0.05823188,3838.39455020,1704155367042,true,true
4000015144,65916.64,0.07177192,4730.96381275,1704155367306,false,true
4000015145,65915.87,0.06096771,4018.73964656,1704155367336,false,true
4000015146,65916.68,0.04201137,2769.25003265,1704155367633,true,true
4000015147,65916.48,0.02134117,1406.73480548,1704155367799,false,true
4000015148,65915.93,0.07260978,4786.14117580,1704155367859,false,true
4000015149,65913.51,0.11314226,7457.60348593,1704155368047,false,true
4000015150,65913.67,0.06952852,4582.87992287,1704155368174,false,true
4000015151,65913.43,0.03115239,2053.36087760,1704155368184,true,true
4000015152,65914.64,0.03119227,2056.02724783,1704155368272,true,true
4000015153,65917.00,0.02166273,1427.94217341,1704155368285,true,true
4000015154,65916.77,0.04092991,2697.96746359,1704155368374,true,true
4000015155,65916.16,0.02637463,1738.51433102,1704155368393,false,true
4000015156,65917.57,0.01713071,1129.21477557,1704155368517,true,true
4000015157,65914.35,0.04557787,3004.23567543,1704155368520,false,true
4000015158,65914.17,0.04758822,3136.73802308,1704155368552,false,true
4000015159,65913.94,0.04635125,3055.19351142,1704155369178,false,true
4000015160,65914.91,0.08840151,5826.97757551,1704155369195,true,true
4000015161,65916.08,0.17004694,11208.82770080,1704155369242,false,true
4000015162,65913.86,0.03941233,2597.81880189,1704155369311,false,true
4000015163,65913.06,0.08211509,5412.45685408,1704155369539,true,true
4000015164,65913.96,0.02924453,1927.62278064,1704155369596,false,true
4000015165,65915.55,0.09177944,6049.69226629,1704155369668,true,true
4000015166,65916.27,0.03004254,1980.29217813,1704155369715,false,true
4000015167,65918.01,0.04384555,2890.21140336,1704155369779,true,true
4000015168,65916.18,0.01747889,1152.14165944,1704155369841,true,true
4000015169,65916.30,0.03852338,2539.31867309,1704155369849,true,true
4000015170,65916.84,0.07264053,4788.23419353,1704155370034,true,true
4000015171,65918.89,0.03589729,2366.30951081,1704155370051,false,true
4000015172,65917.19,0.02110324,1391.06628070,1704155370323,true,true
4000015173,65917.53,0.11961178,7884.51309650,1704155370420,true,true
4000015174,65916.45,0.04100139,2702.66607387,1704155370478,true,true
4000015175,65915.48,0.15037410,9911.98098107,1704155370566,true,true
4000015176,65914.14,0.17920100,11811.87980214,1704155370800,false,true
4000015177,65913.39,0.13148036,8666.31624602,1704155371121,true,true
4000015178,65914.12,0.09420091,6209.17008585,1704155371259,true,true
4000015179,65912.96,0.06181897,4074.67129685,1704155371324,true,true
4000015180,65912.42,0.04575617,3015.89989463,1704155372215,true,true
4000015181,65912.87,0.10917436,7195.99539801,1704155372260,false,true
4000015182,65915.34,0.09306958,6134.71300936,1704155372429,true,true
4000015183,65915.63,0.07364992,4854.68087625,1704155372843,true,true
4000015184,65914.12,0.01906530,1256.67247204,1704155372957,true,true
4000015185,65913.76,0.07997286,5271.31190055,1704155372964,true,true
4000015186,65914.07,0.04858176,3202.22152936,1704155373162,false,true
4000015187,65914.27,0.11343874,7477.23173682,1704155373548,false,true
4000015188,65915.65,0.07288326,4804.14745702,1704155373617,true,true
4000015189,65917.68,0.03282407,2163.68654256,1704155373836,true,true
4000015190,65919.50,0.17206220,11342.25419290,1704155373858,false,true
4000015191,65919.81,0.03020618,1991.18564643,1704155373947,true,true
4000015192,65920.53,0.05266630,3471.79040914,1704155373968,false,true
4000015193,65919.40,0.38374916,25296.51437770,1704155374261,false,true
4000015194,65921.37,0.07134784,4703.34735934,1704155374281,false,true
4000015195,65920.45,0.06459210,4257.94029844,1704155374347,false,true
4000015196,65921.59,0.09826148,6477.55299735,1704155374938,false,true
4000015197,65923.06,0.05797621,3821.96917040,1704155374995,false,true
4000015198,65921.27,0.07765848,5119.34562787,1704155375185,true,true
4000015199,65922.16,0.05689662,3750.74808710,1704155375257,true,true
4000015200,65922.59,0.05413840,3568.94354646,1704155375719,true,true
4000015201,65926.00,0.02333952,1538.68119552,1704155375801,true,true
4000015202,65927.04,0.04620536,3046.18261693,1704155375894,true,true
4000015203,65926.43,0.00915003,603.22881229,1704155375969,true,true
4000015204,65926.40,0.07512982,4953.03856525,1704155375982,false,true
4000015205,65926.06,0.04156574,2740.26546918,1704155376242,true,true
4000015206,65923.39,0.03326078,2192.66337164,1704155376306,true,true
4000015207,65923.80,0.05718314,3769.72988473,1704155376536,true,true
4000015208,65922.16,0.04078208,2688.44280289,1704155376585,false,true
4000015209,65922.87,0.01891663,1247.03854033,1704155376696,false,true
4000015210,65924.37,0.08912081,5875.23325314,1704155376729,false,true
4000015211,65924.86,0.10037976,6617.52162483,1704155376859,false,true
4000015212,65926.12,0.06327537,4171.49963566,1704155377103,false,true
4000015213,65929.09,0.04514203,2976.17295865,1704155377104,true,true
4000015214,65929.36,0.05178850,3414.38266036,1704155377257,true,true
4000015215,65931.07,0.06971393,4596.31399881,1704155377328,false,true
4000015216,65930.34,0.08781598,5789.73741883,1704155377439,false,true
4000015217,65930.69,0.03467243,2285.97723388,1704155377439,false,true
4000015218,65929.23,0.04250902,2802.58695665,1704155377447,true,true
4000015219,65930.75,0.04677965,3084.21740924,1704155377457,false,true
4000015220,65932.56,0.12619978,8320.67456684,1704155377480,true,true
4000015221,65928.86,0.06633245,4373.22280951,1704155378008,false,true
4000015222,65926.09,0.09080592,5986.47925445,1704155378260,false,true
4000015223,65926.07,0.05276886,3478.84355818,1704155378279,false,true
4000015224,65925.12,0.02003129,1320.56519700,1704155378571,true,true
4000015225,65923.89,0.00988350,651.55876682,1704155378588,true,true
4000015226,65923.23,0.06303163,4155.24864176,1704155378605,false,true
4000015227,65927.71,0.04217010,2780.17812347,1704155378624,false,true
4000015228,65929.56,0.08818307,5813.87100455,1704155378695,true,true
4000015229,65931.79,0.05999212,3955.38785749,1704155379677,true,true
4000015230,65932.49,0.04951419,3264.59383703,1704155379705,true,true
4000015231,65930.60,0.03090630,2037.67090278,1704155379731,true,true
4000015232,65929.80,0.04054542,2673.15143152,1704155379818,false,true
4000015233,65929.29,0.03340531,2202.38837053,1704155379983,true,true
4000015234,65926.22,0.07780926,5129.67039280,1704155380077,true,true
4000015235,65927.04,0.07594261,5006.67148717,1704155380093,true,true
4000015236,65925.26,0.04541317,2993.87503967,1704155380122,true,true
4000015237,65926.49,0.08073531,5322.59560736,1704155380139,false,true
4000015238,65924.42,0.04517506,2978.13962897,1704155380164,false,true
4000015239,65923.92,0.02661787,1754.75433245,1704155380351,false,true
4000015240,65925.13,0.03160113,2083.30860340,1704155380399,false,true
4000015241,65925.25,0.04383652,2889.93354013,1704155380545,true,true
4000015242,65923.90,0.05246243,3458.52798908,1704155381035,false,true
4000015243,65925.24,0.03708371,2444.75248184,1704155381040,true,true
4000015244,65922.68,0.05840907,3850.48243071,1704155381168,false,true
4000015245,65919.62,0.02394258,1578.28577542,1704155381181,false,true
4000015246,65918.55,0.01637131,1079.17301680,1704155381281,false,true
4000015247,65917.04,0.04728128,3116.64202501,1704155381449,true,true
4000015248,65915.82,0.01454827,958.96114663,1704155381673,false,true
4000015249,65918.13,0.03710993,2446.21719003,1704155381759,false,true
4000015250,65917.79,0.09953573,6561.17534764,1704155381837,false,true
4000015251,65916.95,0.05534003,3647.84599051,1704155382136,false,true
4000015252,65915.76,0.03885328,2561.04347969,1704155382172,false,true
4000015253,65915.23,0.21292326,14034.88565525,1704155382188,true,true
4000015254,65916.46,0.03742149,2466.69214873,1704155382531,true,true
4000015255,65915.70,0.16850175,11106.91080248,1704155382598,true,true
4000015256,65917.25,0.14180376,9347.31389886,1704155382610,false,true
4000015257,65918.08,0.07719143,5088.31085805,1704155382668,true,true
4000015258,65919.65,0.02364011,1558.34777716,1704155382783,false,true
4000015259,65921.12,0.03425097,2257.86230349,1704155382816,true,true
4000015260,65923.39,0.04866198,3207.96268571,1704155383165,false,true
4000015261,65923.19,0.04358407,2873.20092758,1704155383412,false,true
4000015262,65922.96,0.10893490,7181.31105530,1704155383513,true,true
4000015263,65924.85,0.11510383,7588.20272718,1704155383572,true,true
4000015264,65925.88,0.07692813,5071.55466700,1704155383731,false,true
4000015265,65924.11,0.03514720,2317.04787899,1704155383829,false,true
4000015266,65926.24,0.05684020,3747.26066685,1704155383946,true,true
4000015267,65927.53,0.04779412,3150.94828012,1704155384505,true,true
4000015268,65927.21,0.06402529,4221.00873914,1704155384621,true,true
4000015269,65926.78,0.05607894,3697.10394001,1704155384689,true,true
4000015270,65926.96,0.03531119,2327.95941068,1704155384966,true,true
4000015271,65928.85,0.07462567,4919.98460358,1704155385525,false,true
4000015272,65927.49,0.03338981,2201.30636488,1704155385869,false,true
4000015273,65926.74,0.03612029,2381.29296755,1704155386140,false,true
4000015274,65922.10,0.08050150,5306.82793315,1704155386242,false,true
4000015275,65920.93,0.04159398,2741.91384400,1704155386298,true,true
4000015276,65921.53,0.13870296,9143.51133873,1704155386354,true,true
4000015277,65922.34,0.03314944,2185.28865449,1704155386362,true,true
4000015278,65921.61,0.12876578,8488.44753051,1704155386473,true,true
4000015279,65922.84,0.08599080,5668.75774987,1704155386668,false,true
4000015280,65922.76,0.05040242,3322.66663708,1704155386704,true,true
4000015281,65924.87,0.09842639,6488.74696532,1704155386804,true,true
4000015282,65926.07,0.08909885,5873.93702202,1704155387401,true,true
4000015283,65924.72,0.05157127,3399.82153479,1704155387511,true,true
4000015284,65926.55,0.04968744,3275.72149753,1704155387636,true,true
4000015285,65926.36,0.04175308,2752.62858319,1704155387783,false,true
4000015286,65925.42,0.08727736,5753.79661449,1704155388002,true,true
4000015287,65926.47,0.06694908,4413.71651415,1704155388015,true,true
4000015288,65927.32,0.01689852,1114.07413557,1704155388249,false,true
4000015289,65927.56,0.07031588,4635.75439765,1704155388292,false,true
4000015290,65928.22,0.08780949,5789.12337481,1704155388315,false,true
4000015291,65929.28,0.04634003,3055.16481308,1704155388427,true,true
4000015292,65929.08,0.06317975,4165.38279213,1704155388452,true,true
4000015293,65926.93,0.04913085,3239.04610879,1704155388565,true,true
4000015294,65927.66,0.12978335,8556.31257246,1704155388589,true,true
4000015295,65926.92,0.10559210,6961.36192933,1704155388609,true,true
4000015296,65928.26,0.02936029,1935.67283280,1704155388662,false,true
4000015297,65927.66,0.03868309,2550.28560527,1704155388709,true,true
4000015298,65927.79,0.03903190,2573.28690650,1704155388786,true,true
4000015299,65925.97,0.03273356,2157.99169455,1704155388864,false,true
4000015300,65926.32,0.07566632,4988.40202554,1704155388878,false,true
4000015301,65926.54,0.08447639,5569.23610439,1704155389108,false,true
4000015302,65926.84,0.05778719,3809.72682918,1704155389119,false,true
4000015303,65924.88,0.01910918,1259.77039840,1704155389154,true,true
4000015304,65925.88,0.05220233,3441.48454330,1704155389371,true,true
4000015305,65925.40,0.04614161,3041.90409589,1704155389495,true,true
4000015306,65925.79,0.06622113,4365.68030994,1704155389666,true,true
4000015307,65925.92,0.01729880,1140.43930490,1704155390026,false,true
4000015308,65926.54,0.04600342,3032.84630877,1704155390099,false,true
4000015309,65925.70,0.03308368,2181.06476258,1704155390105,true,true
4000015310,65925.43,0.05860723,3863.70683886,1704155390212,true,true
4000015311,65927.30,0.07055136,4651.26067613,1704155390260,false,true
4000015312,65929.88,0.06048063,3987.48067822,1704155390270,true,true
4000015313,65928.92,0.01711027,1128.06162201,1704155390532,true,true
4000015314,65931.15,0.05725851,3775.11941159,1704155390750,false,true
4000015315,65930.94,0.02902202,1913.44905930,1704155390765,true,true
4000015316,65931.80,0.09246456,6096.35487701,1704155391102,true,true
4000015317,65933.44,0.06536572,4309.78677768,1704155391304,false,true
4000015318,65933.61,0.06045703,3986.15023778,1704155391405,false,true
4000015319,65931.81,0.06750610,4450.79935904,1704155391791,false,true
4000015320,65928.74,0.05293354,3489.84159594,1704155391803,false,true
4000015321,65928.63,0.06662045,4392.19499848,1704155391863,false,true
4000015322,65926.12,0.03884212,2560.71026417,1704155391948,false,true
4000015323,65926.13,0.04018284,2649.09913361,1704155392049,true,true
4000015324,65926.46,0.03082639,2032.27476728,1704155392100,true,true
4000015325,65924.26,0.02669191,1759.64441474,1704155392360,false,true
4000015326,65926.59,0.03919584,2584.04807339,1704155392612,false,true
4000015327,65925.07,0.02894217,1908.01458320,1704155392637,false,true
4000015328,65925.19,0.07381879,4866.51775632,1704155392796,true,true
4000015329,65924.95,0.05073403,3344.63839105,1704155393006,true,true
4000015330,65926.77,0.01794042,1182.75394304,1704155393061,true,true
4000015331,65923.90,0.09434350,6219.49145965,1704155393291,false,true
4000015332,65926.25,0.01168737,770.50447646,1704155393429,true,true
4000015333,65924.97,0.04559331,3005.73759395,1704155393442,true,true
4000015334,65923.87,0.08042319,5301.80792255,1704155393942,false,true
4000015335,65922.38,0.06307728,4158.20442153,1704155394667,false,true
4000015336,65921.67,0.05691879,3752.18169118,1704155394676,true,true
4000015337,65923.02,0.02337652,1541.05079549,1704155394680,false,true
4000015338,65924.17,0.12269735,8088.72095995,1704155394760,false,true
4000015339,65926.25,0.03141138,2070.83449073,1704155394821,false,true
4000015340,65927.31,0.08716767,5746.73000207,1704155395042,false,true
4000015341,65927.02,0.05129729,3381.87746378,1704155395376,true,true
4000015342,65925.94,0.02667590,1758.63378285,1704155395690,true,true
4000015343,65925.89,0.05047801,3327.80773468,1704155395737,true,true
4000015344,65925.78,0.09780396,6447.80235009,1704155395908,false,true
4000015345,65925.26,0.10064506,6635.05174822,1704155396234,false,true
4000015346,65925.42,0.11120268,7331.08338413,1704155396404,false,true
4000015347,65926.14,0.08469352,5583.51685661,1704155396434,false,true
4000015348,65926.65,0.04232771,2790.52412247,1704155396526,true,true
4000015349,65926.42,0.03281123,2163.12692970,1704155396559,true,true
4000015350,65926.01,0.12497100,8238.83939571,1704155396604,true,true
4000015351,65928.85,0.09475094,6246.82051062,1704155396710,true,true
4000015352,65929.97,0.02508383,1653.77615939,1704155396789,false,true
4000015353,65929.70,0.03960648,2611.24334446,1704155396909,false,true
4000015354,65931.74,0.04114786,2712.95000708,1704155397116,false,true
4000015355,65932.33,0.05183235,3417.42760488,1704155397150,false,true
4000015356,65935.47,0.03843161,2534.00626821,1704155397234,true,true
4000015357,65933.01,0.07208806,4752.98278086,1704155397368,true,true
4000015358,65933.48,0.02101853,1385.82482738,1704155397602,true,true
4000015359,65934.92,0.13801741,9100.16688696,1704155397609,false,true
4000015360,65935.57,0.01169603,771.18440479,1704155397657,false,true
4000015361,65934.76,0.14315971,9439.20112052,1704155397785,false,true
4000015362,65936.92,0.01611303,1062.44357007,1704155397788,true,true
4000015363,65938.08,0.04956896,3268.48205000,1704155397925,true,true
4000015364,65941.09,0.05148410,3394.91767167,1704155397992,true,true
4000015365,65937.98,0.02811573,1853.89444243,1704155398202,true,true
4000015366,65937.85,0.01885836,1243.47971293,1704155398293,true,true
4000015367,65937.86,0.02581118,1701.93397327,1704155398395,false,true
4000015368,65939.96,0.05755433,3795.13021803,1704155398410,false,true
4000015369,65945.79,0.07528386,4964.65362195,1704155398476,true,true
4000015370,65944.27,0.01340530,884.00272263,1704155399312,false,true
4000015371,65944.89,0.09641795,6358.27110678,1704155399491,true,true
4000015372,65947.64,0.06311572,4162.33278090,1704155399522,false,true
4000015373,65948.96,0.02128335,1403.61479782,1704155399633,false,true
4000015374,65947.61,0.13886639,9157.90652983,1704155399702,true,true
4000015375,65946.55,0.05801073,3825.60750648,1704155399889,false,true
4000015376,65947.49,0.05609297,3699.19057815,1704155399963,false,true
4000015377,65949.64,0.02956477,1949.78593818,1704155400002,false,true
4000015378,65946.79,0.05444516,3590.48353304,1704155400057,true,true
4000015379,65947.12,0.09732770,6418.48151122,1704155400223,false,true
4000015380,65947.30,0.04764653,3142.16000787,1704155400313,false,true
4000015381,65947.94,0.04031027,2658.37926734,1704155400531,true,true
4000015382,65948.27,0.05406450,3565.46024342,1704155400725,true,true
4000015383,65949.26,0.06946116,4580.91210074,1704155401069,false,true
4000015384,65950.03,0.09219241,6080.09220527,1704155401256,true,true
4000015385,65949.28,0.02437574,1607.56250247,1704155401340,true,true
4000015386,65948.99,0.03878978,2558.14681332,1704155401410,true,true
4000015387,65945.46,0.01742187,1148.89323121,1704155401411,false,true
4000015388,65948.25,0.06095025,4019.56232456,1704155401479,false,true
4000015389,65949.87,0.03804360,2508.97047433,1704155401607,true,true
4000015390,65948.19,0.03358380,2214.79082332,1704155401881,false,true
4000015391,65948.69,0.11388224,7510.38454227,1704155401882,false,true
4000015392,65950.52,0.03387044,2233.77313063,1704155401967,false,true
4000015393,65952.07,0.32978390,21749.93085767,1704155402043,false,true
4000015394,65952.49,0.04453025,2936.88086782,1704155402190,true,true
4000015395,65950.54,0.08352843,5508.74506385,1704155402255,false,true
4000015396,65948.81,0.04843357,3194.13630555,1704155402344,true,true
4000015397,65949.12,0.03268485,2155.53709483,1704155402403,false,true
4000015398,65949.66,0.05153511,3398.72298256,1704155402413,true,true
4000015399,65950.93,0.04249398,2802.51750040,1704155402487,false,true
4000015400,65949.09,0.04098381,2702.84497423,1704155402689,true,true
4000015401,65947.31,0.05522158,3641.71465495,1704155402967,true,true
4000015402,65947.26,0.06149364,4055.33706543,1704155402994,true,true
4000015403,65948.31,0.04089218,2696.77016322,1704155403001,false,true
4000015404,65949.64,0.03103035,2046.44041157,1704155403238,true,true
4000015405,65946.57,0.02148775,1417.04340952,1704155403314,false,true
4000015406,65947.55,0.06937513,4575.11985443,1704155403476,false,true
4000015407,65947.58,0.10028591,6613.61307260,1704155403503,false,true
4000015408,65947.55,0.03989849,2631.20766420,1704155403594,false,true
4000015409,65947.66,0.05365587,3538.47907176,1704155403622,true,true
4000015410,65947.51,0.02754160,1816.29994142,1704155403655,true,true
4000015411,65948.25,0.05032305,3318.71708216,1704155403864,true,true
4000015412,65946.72,0.03442829,2270.43280071,1704155403882,false,true
4000015413,65946.47,0.19196827,12659.62975851,1704155404264,false,true
4000015414,65946.66,0.03302510,2177.89504117,1704155404349,true,true
4000015415,65945.78,0.03151347,2078.18035966,1704155404362,false,true
4000015416,65945.37,0.02430300,1602.67032711,1704155404399,false,true
4000015417,65946.43,0.17797291,11736.67805121,1704155404574,true,true
4000015418,65949.18,0.12219538,8058.68511079,1704155404625,true,true
4000015419,65949.86,0.09107570,6006.42966440,1704155404689,true,true
4000015420,65949.77,0.09370980,6180.13975675,1704155404760,true,true
4000015421,65950.65,0.03207399,2115.30048859,1704155404801,false,true
4000015422,65948.85,0.02126189,1402.19719433,1704155404930,true,true
4000015423,65949.19,0.09416580,6210.15823570,1704155405005,true,true
4000015424,65947.96,0.06490914,4280.62536835,1704155405014,false,true
4000015425,65948.97,0.02165134,1427.88357212,1704155405114,false,true
4000015426,65949.88,0.02985858,1969.16976797,1704155405123,true,true
4000015427,65948.25,0.12360048,8151.23535516,1704155405336,true,true
4000015428,65949.69,0.09892856,6524.30786415,1704155405803,true,true
4000015429,65949.01,0.02275205,1500.47517297,1704155406305,false,true
4000015430,65947.94,0.04656689,3070.99046771,1704155406456,true,true
4000015431,65950.38,0.06835784,4508.22552398,1704155406563,true,true
4000015432,65948.25,0.07413076,4888.79389317,1704155406565,false,true
4000015433,65948.47,0.03956375,2609.16877996,1704155406574,true,true
4000015434,65948.80,0.04771670,3146.85910496,1704155406606,true,true
4000015435,65947.33,0.07469715,4926.07760111,1704155406648,true,true
4000015436,65945.79,0.02989165,1971.22847365,1704155406676,false,true
4000015437,65944.63,0.05384241,3550.61780576,1704155406699,false,true
4000015438,65944.24,0.09454825,6234.91248958,1704155406805,true,true
4000015439,65942.85,0.14147674,9329.37944431,1704155406983,false,true
4000015440,65941.83,0.05995556,3953.57934507,1704155407059,false,true
4000015441,65940.91,0.06546987,4317.14280538,1704155407082,true,true
4000015442,65939.31,0.04157479,2741.41296599,1704155407093,false,true
4000015443,65941.24,0.04563123,3008.97988893,1704155407135,true,true
4000015444,65940.47,0.11174956,7368.81850869,1704155407244,true,true
4000015445,65941.10,0.15050252,9924.30172157,1704155407249,false,true
4000015446,65941.98,0.05128266,3381.68014007,1704155407627,true,true
4000015447,65945.36,0.03785353,2496.26466312,1704155407666,true,true
4000015448,65948.88,0.04069794,2683.98356131,1704155407670,false,true
4000015449,65949.30,0.22971105,15149.28294977,1704155407675,false,true
4000015450,65951.78,0.06670648,4399.41109353,1704155407694,false,true
4000015451,65950.33,0.02880971,1900.00988170,1704155407756,true,true
4000015452,65949.06,0.05308512,3500.91376399,1704155407878,false,true
4000015453,65948.12,0.04207566,2774.81067476,1704155407959,false,true
4000015454,65950.09,0.04511425,2975.28884778,1704155408046,false,true
4000015455,65949.86,0.06645167,4382.47833327,1704155408223,true,true
4000015456,65949.52,0.07132796,4704.04472458,1704155408266,false,true
4000015457,65951.66,0.02953819,1948.09266390,1704155408360,false,true
4000015458,65952.72,0.05055346,3334.13819241,1704155408435,false,true
4000015459,65952.27,0.02742103,1808.47917424,1704155408550,true,true
4000015460,65951.16,0.04448626,2933.92045106,1704155408559,false,true
4000015461,65951.26,0.02739976,1807.04869570,1704155408559,false,true
4000015462,65950.91,0.03581018,2361.71395826,1704155408563,true,true
4000015463,65951.92,0.07696456,5075.96050396,1704155408608,false,true
4000015464,65951.12,0.08210463,5414.89230569,1704155409060,true,true
4000015465,65953.12,0.04750860,3133.34039683,1704155409140,true,true
4000015466,65955.78,0.04179753,2756.78869322,1704155409653,false,true
4000015467,65957.03,0.06426409,4238.66851205,1704155409765,false,true
4000015468,65957.15,0.09617620,6343.50804983,1704155409777,false,true
4000015469,65960.49,0.03413134,2251.31991076,1704155410005,false,true
4000015470,65960.37,0.03215277,2120.80860572,1704155410096,true,true
4000015471,65959.73,0.04151849,2738.54839041,1704155410325,true,true
4000015472,65960.10,0.06546216,4317.89061982,1704155410359,false,true
4000015473,65958.99,0.02112593,1393.44500561,1704155410459,false,true
4000015474,65955.94,0.05399010,3560.96779619,1704155410466,true,true
4000015475,65954.91,0.05057398,3335.60229924,1704155410488,false,true
4000015476,65956.58,0.03067761,2023.39023817,1704155410887,false,true
4000015477,65955.82,0.03032453,2000.07924226,1704155411011,true,true
4000015478,65956.15,0.08823476,5819.62506577,1704155411123,true,true
4000015479,65956.03,0.06974706,4600.23918177,1704155411146,true,true
4000015480,65958.05,0.13454890,8874.58307365,1704155411227,false,true
4000015481,65956.95,0.04978277,3283.51967175,1704155411272,false,true
4000015482,65957.13,0.11651593,7685.05634208,1704155411543,false,true
4000015483,65956.73,0.03397536,2240.90364617,1704155411677,false,true
4000015484,65956.41,0.06365640,4198.54761752,1704155411999,true,true
4000015485,65958.03,0.03699999,2440.44645042,1704155412038,false,true
4000015486,65960.28,0.02710639,1787.94507419,1704155412159,false,true
4000015487,65961.17,0.01811338,1194.77973745,1704155412323,true,true
4000015488,65960.57,0.04879391,3218.47411613,1704155412477,true,true
4000015489,65961.68,0.04133545,2726.55572556,1704155412611,true,true
4000015490,65961.18,0.14700286,9696.48210897,1704155412682,false,true
4000015491,65961.57,0.14759809,9735.80174540,1704155412703,false,true
4000015492,65959.84,0.04721939,3114.58340930,1704155412881,false,true
4000015493,65960.15,0.09912206,6538.10594591,1704155412980,false,true
4000015494,65961.26,0.01813037,1195.90204947,1704155413098,true,true
4000015495,65959.95,0.07124246,4699.14909948,1704155413108,false,true
4000015496,65961.19,0.04075161,2688.02469002,1704155413220,true,true
4000015497,65960.69,0.12967296,8553.31791594,1704155413903,false,true
4000015498,65962.02,0.03418022,2254.59635524,1704155413922,false,true
4000015499,65961.22,0.04361954,2877.19807424,1704155414382,false,true
4000015500,65961.20,0.07574781,4996.41644497,1704155414436,false,true
4000015501,65962.78,0.04780336,3153.24251894,1704155414651,true,true
4000015502,65963.13,0.10426339,6877.53954881,1704155415085,false,true
4000015503,65964.17,0.16883657,11137.16420570,1704155415383,false,true
4000015504,65963.39,0.06535138,4310.79856598,1704155415694,false,true
4000015505,65963.34,0.20580304,13575.45590055,1704155415813,true,true
4000015506,65962.07,0.06045893,3987.99617279,1704155415867,false,true
4000015507,65964.36,0.10604241,6995.01970851,1704155415988,false,true
4000015508,65965.91,0.07370454,4861.98705223,1704155416182,true,true
4000015509,65966.11,0.08811611,5812.67700503,1704155416307,false,true
4000015510,65966.49,0.02971766,1960.36972121,1704155416358,false,true
4000015511,65965.81,0.04557181,3006.18135982,1704155416511,true,true
4000015512,65965.86,0.07964275,5253.70249652,1704155416544,false,true
4000015513,65966.62,0.11428491,7538.98922970,1704155416679,false,true
4000015514,65966.19,0.03837996,2531.77973355,1704155417036,false,true
4000015515,65966.55,0.15010778,9902.09237476,1704155417273,true,true
4000015516,65964.84,0.02342226,1545.04563334,1704155417473,false,true
4000015517,65962.85,0.04073923,2687.27571761,1704155417574,true,true
4000015518,65962.81,0.02689946,1774.36396908,1704155417747,false,true
4000015519,65964.83,0.05452481,3596.71982243,1704155417788,false,true
4000015520,65966.27,0.04319207,2849.21975148,1704155417900,false,true
4000015521,65964.08,0.02350362,1550.39466997,1704155417970,false,true
4000015522,65965.88,0.03863540,2548.61816015,1704155418149,true,true
4000015523,65962.56,0.02512537,1657.33372615,1704155418151,false,true
4000015524,65961.25,0.03045305,2008.72124431,1704155418180,true,true
4000015525,65962.07,0.03334516,2199.51577808,1704155418215,true,true
4000015526,65963.35,0.03960063,2612.19021691,1704155418373,false,true
4000015527,65961.14,0.02425865,1600.12820886,1704155418399,true,true
4000015528,65960.85,0.03752845,2475.40846118,1704155418409,true,true
4000015529,65961.01,0.20576895,13572.72776864,1704155418472,false,true
4000015530,65960.58,0.07142639,4711.32611171,1704155418586,false,true
4000015531,65963.65,0.03345550,2206.84689257,1704155418595,true,true
4000015532,65965.17,0.07777966,5130.74849444,1704155418864,false,true
4000015533,65965.54,0.00931819,614.67943517,1704155419517,false,true
4000015534,65963.49,0.10519128,6938.78394637,1704155419732,true,true
4000015535,65965.80,0.03062517,2020.21383919,1704155419751,true,true
4000015536,65963.98,0.02433327,1605.11933561,1704155419863,true,true
4000015537,65962.55,0.03931034,2593.01026777,1704155419956,false,true
4000015538,65964.15,0.05074557,3347.38839132,1704155419977,false,true
4000015539,65964.38,0.05121501,3378.36638134,1704155420161,true,true
4000015540,65961.56,0.03962979,2614.04277087,1704155420465,true,true
4000015541,65963.51,0.07836469,5169.21001246,1704155420541,false,true
4000015542,65965.75,0.11604059,7654.70454979,1704155420597,false,true
4000015543,65964.10,0.03777484,2491.78332324,1704155420628,true,true
4000015544,65964.26,0.02167963,1430.08075002,1704155420886,false,true
4000015545,65964.18,0.03507698,2313.82422258,1704155421099,true,true
4000015546,65964.29,0.09345458,6164.66501695,1704155421279,false,true
4000015547,65968.10,0.06150651,4057.46760233,1704155421299,true,true
4000015548,65969.95,0.04722742,3115.59053603,1704155421327,true,true
4000015549,65969.41,0.04781602,3154.39462795,1704155421539,true,true
4000015550,65969.96,0.05820526,3839.79867399,1704155421552,false,true
4000015551,65973.31,0.02199738,1451.23996993,1704155421666,true,true
4000015552,65973.75,0.03106295,2049.33929756,1704155421669,false,true
4000015553,65975.67,0.03614000,2384.36071380,1704155421777,true,true
4000015554,65974.01,0.01354046,893.31844344,1704155421841,true,true
4000015555,65975.83,0.03078072,2030.78355000,1704155422286,false,true
4000015556,65979.27,0.07965284,5255.43623663,1704155422295,false,true
4000015557,65978.90,0.01751070,1155.33672423,1704155422335,true,true
4000015558,65979.57,0.06830692,4506.86120962,1704155422541,false,true
4000015559,65979.87,0.06166841,4068.87367491,1704155422623,true,true
4000015560,65979.15,0.02225472,1468.34750909,1704155422705,false,true
4000015561,65978.55,0.06352166,4191.06702039,1704155422722,false,true
4000015562,65979.10,0.01365784,901.13199114,1704155422830,false,true
4000015563,65978.92,0.08326617,5493.81196914,1704155422867,true,true
4000015564,65979.22,0.09980653,6585.15700031,1704155423064,true,true
4000015565,65978.62,0.03266209,2154.99962452,1704155423301,true,true
4000015566,65978.82,0.04980746,3286.23743800,1704155423364,true,true
4000015567,65977.22,0.06618254,4366.54000174,1704155423555,true,true
4000015568,65976.97,0.03304033,2179.90086120,1704155423637,false,true
4000015569,65976.16,0.05388590,3555.18476014,1704155423684,true,true
4000015570,65975.37,0.06996859,4616.20361363,1704155423713,false,true
4000015571,65977.36,0.10697661,7058.03430955,1704155423742,false,true
4000015572,65975.51,0.04689472,3093.90306831,1704155423761,false,true
4000015573,65974.83,0.08964627,5914.39742338,1704155423784,true,true
4000015574,65973.25,0.01460696,963.66862382,1704155424317,false,true
4000015575,65975.49,0.01872980,1235.70773260,1704155424387,false,true
4000015576,65976.40,0.26140488,17246.55292483,1704155424404,false,true
4000015577,65977.83,0.01548737,1021.82306501,1704155424471,false,true
4000015578,65978.49,0.05755160,3797.16766508,1704155424853,true,true
4000015579,65980.44,0.13392686,8836.55315062,1704155425069,false,true
4000015580,65980.96,0.01870547,1234.20486785,1704155425070,false,true
4000015581,65981.03,0.03757662,2479.34409152,1704155425125,true,true
4000015582,65981.83,0.06929188,4572.00504654,1704155425141,false,true
4000015583,65980.80,0.04465998,2946.70120838,1704155425364,true,true
4000015584,65983.54,0.02984621,1969.35859138,1704155425468,true,true
4000015585,65983.54,0.06588064,4347.03784467,1704155425505,true,true
4000015586,65981.94,0.06750848,4454.34047685,1704155425525,true,true
4000015587,65982.98,0.02300953,1518.23735780,1704155425605,true,true
4000015588,65982.92,0.02879146,1899.74460186,1704155425618,true,true
4000015589,65983.63,0.02861028,1887.81012972,1704155425774,true,true
4000015590,65982.89,0.05808928,3832.89857242,1704155425976,false,true
4000015591,65981.57,0.01449780,956.58760555,1704155426025,true,true
4000015592,65980.99,0.02698089,1780.22583328,1704155426217,false,true
4000015593,65977.98,0.02960425,1953.22861441,1704155426358,false,true
4000015594,65977.71,0.04384418,2892.73859323,1704155426379,true,true
4000015595,65978.58,0.02872237,1895.06118683,1704155426498,false,true
4000015596,65978.65,0.00746601,492.59726069,1704155426548,true,true
4000015597,65978.33,0.08270128,5456.49234326,1704155426591,false,true
4000015598,65979.14,0.02189997,1444.94118663,1704155426596,true,true
4000015599,65980.45,0.07771081,5127.39421366,1704155426631,false,true
4000015600,65983.04,0.02919792,1926.56752328,1704155426799,true,true
4000015601,65981.99,0.04703711,3103.60212165,1704155426837,false,true
4000015602,65982.31,0.04396025,2900.59884318,1704155427009,false,true
4000015603,65982.73,0.16811910,11092.95718314,1704155427142,false,true
4000015604,65980.06,0.01401512,924.71845851,1704155427360,true,true
4000015605,65981.78,0.11120578,7337.55531069,1704155427459,false,true
4000015606,65983.78,0.02463538,1625.53549414,1704155427618,false,true
4000015607,65984.17,0.05261163,3471.53473790,1704155427624,false,true
4000015608,65984.58,0.02616026,1726.17376879,1704155427784,true,true
4000015609,65984.08,0.03933250,2595.31882660,1704155427839,false,true
4000015610,65984.45,0.07643755,5043.68969610,1704155427847,true,true
4000015611,65983.25,0.03962899,2614.84955442,1704155428177,false,true
4000015612,65982.47,0.05826715,3844.61047686,1704155428193,false,true
4000015613,65982.05,0.05826295,3844.30888005,1704155428234,true,true
4000015614,65982.04,0.04095475,2702.27795269,1704155428512,false,true
4000015615,65980.37,0.09451588,6236.19273328,1704155428638,false,true
4000015616,65981.42,0.01138194,750.99656355,1704155429105,true,true
4000015617,65981.12,0.02987104,1970.92467476,1704155429116,false,true
4000015618,65982.39,0.04929497,3252.59993558,1704155429422,true,true
4000015619,65983.30,0.02803542,1849.86952849,1704155429614,false,true
4000015620,65984.44,0.06116454,4035.90791976,1704155429647,false,true
4000015621,65981.14,0.07795792,5143.75243363,1704155429731,true,true
4000015622,65981.46,0.05262213,3472.08496571,1704155429783,true,true
4000015623,65981.88,0.04494042,2965.25339959,1704155429811,true,true
4000015624,65980.99,0.08874593,5855.54431987,1704155429839,false,true
4000015625,65981.46,0.03981179,2626.84002941,1704155429887,false,true
4000015626,65980.85,0.11424547,7538.01321925,1704155430241,false,true
4000015627,65980.95,0.05991165,3953.02758307,1704155430241,false,true
4000015628,65979.45,0.05128988,3384.07807297,1704155430444,false,true
4000015629,65979.20,0.04471876,2950.50800979,1704155430477,false,true
4000015630,65977.04,0.09926944,6549.50381366,1704155430488,false,true
4000015631,65978.10,0.02379853,1570.18179219,1704155430562,false,true
4000015632,65977.20,0.03727283,2459.15695948,1704155430632,false,true
4000015633,65978.46,0.05803879,3829.30998446,1704155430800,true,true
4000015634,65977.44,0.03917534,2584.68864433,1704155431283,true,true
4000015635,65977.18,0.12765982,8422.63492291,1704155431414,false,true
4000015636,65978.91,0.07650799,5047.91378649,1704155431516,false,true
4000015637,65977.47,0.03065673,2022.65348387,1704155431649,false,true
4000015638,65978.29,0.07520227,4961.71717872,1704155431722,true,true
4000015639,65977.44,0.13333496,8797.09932330,1704155431759,true,true
4000015640,65976.28,0.10104159,6666.34823349,1704155431851,true,true
4000015641,65976.67,0.04760862,3141.05821090,1704155431884,false,true
4000015642,65976.70,0.05510759,3635.81693315,1704155432038,true,true
4000015643,65973.79,0.15299462,10093.63493101,1704155432142,true,true
4000015644,65976.18,0.13129120,8662.09184362,1704155432177,true,true
4000015645,65976.57,0.08281916,5464.12410708,1704155432272,true,true
4000015646,65976.45,0.07606389,5018.42543539,1704155432450,false,true
4000015647,65976.39,0.08017677,5289.77384646,1704155432539,false,true
4000015648,65974.79,0.07813188,5154.73437531,1704155432840,false,true
4000015649,65975.54,0.01528027,1008.12406460,1704155432905,true,true
4000015650,65978.55,0.14627955,9651.31260365,1704155432961,true,true
4000015651,65976.49,0.06003853,3961.13147416,1704155433044,false,true
4000015652,65977.01,0.03334998,2200.33196396,1704155433176,false,true
4000015653,65980.03,0.01671163,1102.63384875,1704155433178,false,true
4000015654,65979.84,0.02369731,1563.54472223,1704155433196,true,true
4000015655,65979.36,0.05413793,3571.98597312,1704155433344,false,true
4000015656,65978.50,0.04662673,3076.36170530,1704155433649,false,true
4000015657,65976.55,0.03120394,2058.72830761,1704155433729,false,true
4000015658,65978.23,0.04815080,3176.90455708,1704155433940,true,true
4000015659,65980.72,0.06200594,4091.19656548,1704155434080,false,true
4000015660,65983.49,0.05731004,3781.51645124,1704155434250,true,true
4000015661,65981.13,0.01987994,1311.70090553,1704155434318,true,true
4000015662,65981.58,0.02679923,1768.25553818,1704155434464,true,true
4000015663,65981.28,0.05404988,3566.28026625,1704155434527,false,true
4000015664,65982.26,0.08239197,5436.40838645,1704155434593,false,true
4000015665,65981.80,0.04489205,2962.05826469,1704155434601,true,true
4000015666,65982.56,0.01570138,1036.01724793,1704155434725,true,true
4000015667,65984.00,0.16039439,10583.46342976,1704155434936,true,true
4000015668,65983.50,0.18839142,12430.72526157,1704155435253,true,true
4000015669,65982.61,0.02737412,1806.21588405,1704155435336,false,true
4000015670,65982.20,0.06450848,4256.41142906,1704155435429,false,true
4000015671,65979.76,0.02244004,1480.58845359,1704155435557,true,true
4000015672,65979.61,0.08927674,5890.44448727,1704155435701,true,true
4000015673,65982.22,0.03825063,2523.86148380,1704155435831,true,true
4000015674,65983.67,0.03815692,2517.73361750,1704155435948,true,true
4000015675,65982.59,0.05841609,3854.44491587,1704155435962,false,true
4000015676,65982.77,0.05848262,3858.84526446,1704155436054,true,true
4000015677,65984.35,0.03788745,2499.97876141,1704155436839,false,true
4000015678,65986.33,0.03973872,2622.21229170,1704155436862,true,true
4000015679,65984.63,0.02366234,1561.35074983,1704155437047,false,true
4000015680,65985.86,0.04853729,3202.77482272,1704155437050,false,true
4000015681,65983.55,0.04648550,3067.27831353,1704155437101,false,true
4000015682,65984.15,0.04121612,2719.61064450,1704155437236,true,true
4000015683,65982.87,0.04302042,2838.61078021,1704155437558,false,true
4000015684,65983.58,0.21257441,14026.42058819,1704155437583,false,true
4000015685,65983.67,0.06361756,4197.72008525,1704155437629,true,true
4000015686,65984.46,0.02429196,1602.89186294,1704155437792,false,true
4000015687,65984.97,0.03307821,2182.66469450,1704155437914,true,true
4000015688,65983.35,0.03624504,2391.56916008,1704155438047,true,true
4000015689,65983.71,0.14294204,9431.84611417,1704155438070,true,true
4000015690,65983.43,0.05590078,3688.52520408,1704155438179,true,true
4000015691,65984.30,0.03446090,2273.87836387,1704155438201,true,true
4000015692,65982.96,0.04756551,3138.51314371,1704155438532,true,true
4000015693,65984.04,0.02323398,1533.07186568,1704155438627,true,true
4000015694,65982.95,0.01397636,922.20146306,1704155438636,false,true
4000015695,65981.20,0.06721631,4435.01279337,1704155439047,false,true
4000015696,65979.72,0.04493775,2964.98016243,1704155439119,false,true
4000015697,65979.88,0.05009443,3305.22448007,1704155439342,false,true
4000015698,65981.38,0.07906003,5216.48988224,1704155439609,false,true
4000015699,65978.97,0.08753285,5775.32728416,1704155439707,true,true
4000015700,65980.10,0.09339478,6162.19692388,1704155439714,true,true
4000015701,65980.77,0.06385279,4213.05625085,1704155439716,true,true
4000015702,65981.07,0.02389564,1576.65989553,1704155439982,false,true
4000015703,65981.12,0.07223477,4766.13102754,1704155440193,true,true
4000015704,65979.77,0.05691520,3755.25180550,1704155440352,true,true
4000015705,65978.97,0.05505562,3632.51310031,1704155440573,true,true
4000015706,65978.77,0.04616232,3045.73309395,1704155440857,false,true
4000015707,65977.43,0.02499652,1649.20614854,1704155441126,false,true
4000015708,65977.84,0.25360939,16732.59975592,1704155441132,true,true
4000015709,65979.13,0.10435037,6884.94662778,1704155441198,false,true
4000015710,65976.62,0.06771626,4467.68995384,1704155441231,false,true
4000015711,65975.18,0.03042151,2007.06459812,1704155441493,false,true
4000015712,65974.21,0.02161660,1426.13810789,1704155441562,true,true
4000015713,65975.14,0.02635278,1738.62834989,1704155441576,true,true
4000015714,65974.72,0.12727308,8396.80581654,1704155441829,false,true
4000015715,65972.82,0.04828936,3185.78525520,1704155441863,true,true
4000015716,65975.56,0.03060966,2019.48945991,1704155441903,true,true
4000015717,65977.50,0.13967231,9215.22983302,1704155442102,false,true
4000015718,65975.95,0.04034955,2662.09989332,1704155442167,true,true
4000015719,65975.31,0.05891564,3886.97761285,1704155442244,true,true
4000015720,65975.29,0.03832839,2528.72664548,1704155442350,false,true
4000015721,65977.89,0.07643622,5043.10051518,1704155442423,false,true
4000015722,65979.23,0.03594145,2371.38919608,1704155442560,false,true
4000015723,65980.22,0.01512227,997.77070150,1704155443086,true,true
4000015724,65979.79,0.06847179,4517.75432512,1704155443124,false,true
4000015725,65978.74,0.02692352,1776.37992596,1704155443133,true,true
4000015726,65977.46,0.07965291,5255.29668341,1704155443381,true,true
4000015727,65980.69,0.03133216,2067.31753599,1704155443413,true,true
4000015728,65978.12,0.05815847,3837.18651268,1704155443639,false,true
4000015729,65978.22,0.04357971,2875.31169392,1704155443691,true,true
4000015730,65977.97,0.03756109,2478.20446919,1704155443840,true,true
4000015731,65980.96,0.09308481,6141.82512522,1704155443954,false,true
4000015732,65980.24,0.03990756,2633.11038661,1704155444047,true,true
4000015733,65982.90,0.04467413,2947.72865238,1704155444431,true,true
4000015734,65984.73,0.08302138,5478.14334353,1704155444457,false,true
4000015735,65983.92,0.09528519,6287.29035414,1704155444709,false,true
4000015736,65986.56,0.09579831,6321.40093071,1704155444716,false,true
4000015737,65985.65,0.02079328,1372.05809643,1704155444824,true,true
4000015738,65983.67,0.04715094,3111.19206515,1704155445137,true,true
4000015739,65983.99,0.11911417,7859.62820214,1704155445186,false,true
4000015740,65983.76,0.09018143,5950.50983358,1704155445306,true,true
4000015741,65981.72,0.10556831,6965.57867129,1704155445466,true,true
4000015742,65982.62,0.05604605,3698.06521965,1704155445527,false,true
4000015743,65979.75,0.06486845,4280.00411389,1704155445579,true,true
4000015744,65982.18,0.03174744,2094.76530062,1704155445629,true,true
4000015745,65981.25,0.01731770,1142.64349312,1704155445981,true,true
4000015746,65981.66,0.02531453,1670.29471152,1704155446013,true,true
4000015747,65981.89,0.02416121,1594.20230049,1704155446055,false,true
4000015748,65982.54,0.03239492,2137.49910470,1704155446241,false,true
4000015749,65981.69,0.07845760,5176.76504134,1704155446272,false,true
4000015750,65982.09,0.05351180,3530.82040366,1704155446337,false,true
4000015751,65980.42,0.06995831,4615.87867629,1704155446383,true,true
4000015752,65981.94,0.03857655,2545.35560751,1704155446392,false,true
4000015753,65978.25,0.03992038,2633.87681174,1704155446450,false,true
4000015754,65978.70,0.06107014,4029.32844602,1704155446478,false,true
4000015755,65977.38,0.03207437,2116.18289775,1704155446553,false,true
4000015756,65979.53,0.05279102,3483.12668782,1704155446603,true,true
4000015757,65977.90,0.02066908,1363.70249333,1704155446850,false,true
4000015758,65977.51,0.10813378,7134.39755129,1704155447052,false,true
4000015759,65976.67,0.07556637,4985.61745659,1704155447308,true,true
4000015760,65977.66,0.13848485,9136.90634845,1704155447328,true,true
4000015761,65980.46,0.06197416,4089.08358491,1704155447794,false,true
4000015762,65980.16,0.01371102,904.65529336,1704155447812,true,true
4000015763,65981.93,0.02548244,1681.38057231,1704155447931,false,true
4000015764,65983.83,0.09207669,6075.57265992,1704155447935,false,true
4000015765,65986.48,0.07013543,4627.99014899,1704155448040,true,true
4000015766,65988.08,0.09019071,5951.51178674,1704155448151,true,true
4000015767,65989.83,0.06710149,4428.01591785,1704155448223,false,true
4000015768,65987.50,0.05548009,3660.99243888,1704155448520,true,true
4000015769,65984.47,0.02847050,1878.61085314,1704155448563,false,true
4000015770,65984.02,0.06090741,4018.91575959,1704155448720,false,true
4000015771,65986.12,0.02365140,1560.66411857,1704155448863,false,true
4000015772,65986.66,0.07849549,5179.65521016,1704155449037,false,true
4000015773,65984.90,0.03399113,2242.90131394,1704155449196,true,true
4000015774,65983.36,0.02237317,1476.25693045,1704155449215,false,true
4000015775,65984.48,0.04383943,2892.72199205,1704155449287,true,true
4000015776,65984.50,0.05185851,3421.85785309,1704155449306,true,true
4000015777,65986.67,0.03387790,2235.48980759,1704155449407,false,true
4000015778,65988.40,0.07124345,4701.24127598,1704155449425,true,true
4000015779,65988.12,0.04585134,3025.64372608,1704155449489,true,true
4000015780,65987.01,0.04816825,3178.47879443,1704155449531,true,true
4000015781,65983.53,0.03698390,2440.32827517,1704155449666,false,true
4000015782,65984.39,0.04261406,2811.86275452,1704155449755,true,true
4000015783,65984.27,0.03387000,2234.88722490,1704155450010,false,true
4000015784,65982.71,0.10306640,6800.60038194,1704155450113,false,true
4000015785,65981.46,0.05522465,3643.80303499,1704155450423,true,true
4000015786,65981.06,0.07424784,4898.95118591,1704155450722,false,true
4000015787,65982.91,0.09433765,6224.67266956,1704155450732,true,true
4000015788,65982.09,0.06018292,3970.99484390,1704155451209,true,true
4000015789,65981.77,0.02186097,1442.42549452,1704155451252,false,true
4000015790,65979.18,0.08227543,5428.46540555,1704155451313,true,true
4000015791,65980.57,0.03701538,2442.29587117,1704155451392,false,true
4000015792,65979.98,0.13727843,9057.62806583,1704155451607,true,true
4000015793,65980.02,0.03750688,2474.70469254,1704155451728,false,true
4000015794,65977.50,0.05581491,3682.52822453,1704155451844,false,true
4000015795,65980.08,0.05804125,3829.56631830,1704155451891,true,true
4000015796,65979.81,0.03573647,2357.88550067,1704155451905,false,true
4000015797,65977.80,0.13799113,9104.35117691,1704155452056,false,true
4000015798,65975.49,0.06156207,4061.58773366,1704155452233,false,true
4000015799,65980.41,0.15994773,10553.41680397,1704155452237,false,true
4000015800,65983.17,0.07631818,5035.71544503,1704155452272,false,true
4000015801,65983.63,0.06840867,4513.85237007,1704155452400,false,true
4000015802,65985.70,0.04524110,2985.26565227,1704155452748,true,true
4000015803,65986.26,0.02686800,1772.91883368,1704155453000,true,true
4000015804,65987.05,0.01825092,1204.32437059,1704155453080,false,true
4000015805,65988.49,0.04829835,3187.13518599,1704155453266,true,true
4000015806,65988.03,0.02646355,1746.27753131,1704155453338,false,true
4000015807,65989.52,0.04201940,2772.84003669,1704155453410,true,true
4000015808,65990.34,0.05819151,3840.07753001,1704155453422,false,true
4000015809,65990.14,0.09427944,6221.51344472,1704155453487,true,true
4000015810,65989.43,0.02398530,1582.77627538,1704155453560,false,true
4000015811,65993.42,0.02357069,1555.51044486,1704155454379,true,true
4000015812,65993.79,0.05976540,3944.14525687,1704155454397,true,true
4000015813,65994.07,0.03759757,2481.21666641,1704155454470,true,true
4000015814,65993.90,0.04544449,2999.05912861,1704155454645,true,true
4000015815,65993.22,0.05384359,3553.31188046,1704155454673,false,true
4000015816,65993.19,0.10871208,7174.25695074,1704155454901,false,true
4000015817,65994.23,0.08644352,5704.77354089,1704155454913,false,true
4000015818,65991.58,0.07272592,4799.29836775,1704155454957,false,true
4000015819,65989.21,0.19717898,13011.68511881,1704155454959,false,true
4000015820,65991.08,0.09153739,6040.65122648,1704155455039,true,true
4000015821,65991.08,0.05501970,3630.80942428,1704155455159,false,true
4000015822,65992.73,0.01999044,1319.22370950,1704155455172,false,true
4000015823,65992.31,0.02893470,1909.46769216,1704155455575,true,true
4000015824,65992.29,0.03664888,2418.54351714,1704155456013,true,true
4000015825,65989.69,0.05254051,3467.13196734,1704155456032,true,true
4000015826,65988.61,0.08720678,5754.65419478,1704155456547,false,true
4000015827,65988.38,0.04013100,2648.17967778,1704155456707,false,true
4000015828,65987.04,0.03721953,2456.00661489,1704155456920,false,true
4000015829,65987.73,0.07759034,5120.01040653,1704155457082,false,true
4000015830,65987.34,0.02811288,1855.09417094,1704155457192,true,true
4000015831,65988.06,0.05697694,3759.79773534,1704155457273,true,true
4000015832,65987.21,0.11199500,7390.23758395,1704155457389,false,true
4000015833,65987.87,0.02045057,1349.48955459,1704155457458,true,true
4000015834,65986.73,0.03092584,2040.69505410,1704155457479,true,true
4000015835,65986.80,0.01662138,1096.79167778,1704155457501,true,true
4000015836,65985.47,0.02090846,1379.65456008,1704155457504,false,true
4000015837,65985.41,0.06882731,4541.59826955,1704155457638,false,true
4000015838,65983.41,0.05382541,3551.58409645,1704155457679,false,true
4000015839,65985.02,0.04954096,3268.96123642,1704155457966,true,true
4000015840,65982.96,0.08842534,5834.56567221,1704155458037,false,true
4000015841,65980.68,0.05604026,3697.57446218,1704155458129,true,true
4000015842,65981.93,0.05481258,3616.63981668,1704155458568,false,true
4000015843,65982.22,0.12723514,8395.25699921,1704155458630,false,true
4000015844,65982.64,0.01938271,1278.92237615,1704155458876,true,true
4000015845,65983.41,0.07462717,4924.15515525,1704155459375,false,true
4000015846,65982.50,0.08146831,5375.48276458,1704155459381,true,true
4000015847,65981.07,0.02047453,1350.93139715,1704155459482,false,true
4000015848,65982.51,0.06283349,4145.91138226,1704155459594,false,true
4000015849,65982.44,0.02005461,1323.25210105,1704155459722,true,true
4000015850,65983.59,0.02306563,1521.95307301,1704155459745,false,true
4000015851,65983.78,0.08441304,5569.89146049,1704155459912,false,true
4000015852,65983.10,0.03693501,2437.08645833,1704155460071,true,true
4000015853,65983.95,0.05112606,3373.49938674,1704155460356,true,true
4000015854,65987.03,0.03138444,2070.96598381,1704155460363,false,true
4000015855,65988.45,0.03279617,2164.16842424,1704155460573,true,true
4000015856,65984.98,0.01889989,1247.10886365,1704155460666,true,true
4000015857,65985.26,0.04243768,2800.26134860,1704155460840,false,true
4000015858,65982.72,0.06060865,3999.12358253,1704155460889,false,true
4000015859,65981.90,0.12626418,8331.15049834,1704155461244,false,true
4000015860,65983.29,0.07857954,5184.93657589,1704155461291,false,true
4000015861,65984.88,0.10147780,6696.00045566,1704155461376,true,true
4000015862,65984.78,0.06562245,4330.08292631,1704155461509,true,true
4000015863,65985.50,0.03051605,2013.61681727,1704155461584,true,true
4000015864,65984.00,0.05161066,3405.47778944,1704155461642,false,true
4000015865,65984.04,0.14114028,9313.00588113,1704155461687,false,true
4000015866,65984.60,0.02374148,1566.57206121,1704155461922,false,true
4000015867,65984.49,0.04055740,2676.15935473,1704155461949,false,true
4000015868,65982.89,0.10478894,6914.27710124,1704155462827,false,true
4000015869,65982.23,0.01623568,1071.26637197,1704155462954,false,true
4000015870,65982.01,0.03585274,2365.63584921,1704155463404,true,true
4000015871,65983.29,0.03558161,2347.79169130,1704155463524,true,true
4000015872,65982.61,0.05840719,3853.85883897,1704155463564,false,true
4000015873,65982.12,0.01889469,1246.71170294,1704155463757,true,true
4000015874,65982.65,0.04933704,3255.38864236,1704155463898,false,true
4000015875,65984.58,0.06213375,4099.86939758,1704155463953,true,true
4000015876,65984.14,0.01283001,846.57717604,1704155463997,false,true
4000015877,65982.53,0.02822284,1862.21438699,1704155464306,true,true
4000015878,65981.52,0.01685087,1111.84601592,1704155464448,false,true
4000015879,65979.17,0.03939778,2599.43282424,1704155464985,false,true
4000015880,65979.60,0.06921890,4567.03533444,1704155465054,true,true
4000015881,65980.70,0.05172251,3412.68741556,1704155465134,false,true
4000015882,65982.00,0.06460365,4262.67803430,1704155465142,false,true
4000015883,65982.38,0.04436192,2927.10506297,1704155465148,false,true
4000015884,65983.07,0.04233603,2793.46123101,1704155465326,true,true
4000015885,65982.79,0.02998582,1978.54806404,1704155465451,true,true
4000015886,65983.54,0.06273301,4139.34607466,1704155465481,false,true
4000015887,65984.06,0.05670074,3741.34503020,1704155465633,false,true
4000015888,65985.55,0.11751473,7754.27409215,1704155465683,true,true
4000015889,65986.51,0.04392059,2898.16645124,1704155466184,false,true
4000015890,65988.63,0.11298849,7455.95566087,1704155466333,false,true
4000015891,65989.06,0.04756769,3138.94714947,1704155466382,true,true
4000015892,65986.97,0.08485757,5599.49392586,1704155466613,true,true
4000015893,65986.97,0.04753996,3137.01791432,1704155466712,false,true
4000015894,65987.12,0.04024157,2655.42530858,1704155466868,true,true
4000015895,65986.89,0.04480793,2956.73594804,1704155466889,false,true
4000015896,65986.44,0.06005495,3962.81235488,1704155466946,true,true
4000015897,65987.07,0.01989581,1312.86620718,1704155467273,false,true
4000015898,65984.20,0.07590354,5008.43436407,1704155467281,true,true
4000015899,65987.28,0.07674100,5063.92985448,1704155467373,false,true
4000015900,65986.09,0.05458950,3602.14766005,1704155467727,false,true
4000015901,65989.60,0.06082502,4013.81873979,1704155467880,true,true
4000015902,65989.57,0.11572162,7636.41994350,1704155467939,false,true
4000015903,65988.05,0.14363729,9478.34467438,1704155468107,true,true
4000015904,65990.70,0.03737622,2466.48292115,1704155468167,true,true
4000015905,65993.62,0.04744382,3130.98942843,1704155468377,false,true
4000015906,65992.98,0.04509983,2976.27217919,1704155468387,false,true
4000015907,65992.84,0.10464108,6905.56204987,1704155468454,true,true
4000015908,65991.94,0.04951136,3267.35069844,1704155468492,false,true
4000015909,65989.60,0.03783973,2497.02864681,1704155468644,true,true
4000015910,65989.50,0.01791040,1181.89834080,1704155468718,true,true
4000015911,65990.98,0.01416292,934.62497046,1704155468771,true,true
4000015912,65991.56,0.02602377,1717.34917938,1704155468824,true,true
4000015913,65993.00,0.10223760,6746.96593680,1704155469221,false,true
4000015914,65994.89,0.02386983,1575.28680517,1704155469225,true,true
4000015915,65996.54,0.03660012,2415.48128358,1704155469294,true,true
4000015916,65996.09,0.02279438,1504.33995397,1704155469413,false,true
4000015917,65996.15,0.13090692,8639.35272836,1704155469682,true,true
4000015918,65995.74,0.04094531,2702.21603298,1704155469730,false,true
4000015919,65998.25,0.10865696,7171.16921032,1704155469815,false,true
4000015920,65996.28,0.02156438,1423.16886051,1704155469831,true,true
4000015921,65996.39,0.05337229,3522.37846603,1704155469950,false,true
4000015922,65994.96,0.04771281,3148.80498744,1704155470107,false,true
4000015923,65992.80,0.06039279,3985.48931191,1704155470119,false,true
4000015924,65990.81,0.13136111,8668.62605140,1704155470773,false,true
4000015925,65991.64,0.11618456,7667.20965708,1704155470819,false,true
4000015926,65987.02,0.17172851,11331.85262394,1704155470985,true,true
4000015927,65987.84,0.02825067,1864.20069185,1704155471105,true,true
4000015928,65986.38,0.00803503,530.20254289,1704155471213,true,true
4000015929,65988.09,0.09690954,6394.87544738,1704155471216,true,true
4000015930,65987.31,0.10791818,7121.23039830,1704155471271,true,true
4000015931,65988.32,0.05237138,3455.89938228,1704155471499,false,true
4000015932,65989.64,0.02109143,1391.81587279,1704155471647,false,true
4000015933,65989.59,0.04092764,2700.79818327,1704155471886,false,true
4000015934,65991.20,0.05560983,3669.75941350,1704155471918,false,true
4000015935,65991.70,0.03737263,2466.28338717,1704155472241,false,true
4000015936,65989.92,0.07530227,4969.19077312,1704155472373,false,true
4000015937,65991.31,0.03665787,2419.10086311,1704155472723,false,true
4000015938,65992.77,0.07326228,4834.78079372,1704155472844,true,true
4000015939,65992.94,0.04881440,3221.40577034,1704155473127,true,true
4000015940,65991.77,0.03283727,2166.98956927,1704155473168,false,true
4000015941,65993.09,0.04821900,3182.12080671,1704155473400,false,true
4000015942,65989.84,0.07879827,5199.88522958,1704155473955,false,true
4000015943,65990.01,0.03873952,2556.42131220,1704155473964,true,true
4000015944,65991.02,0.05724142,3777.41969205,1704155474016,true,true
4000015945,65988.98,0.05206363,3435.62583880,1704155474111,false,true
4000015946,65986.82,0.01411116,931.15057491,1704155474157,true,true
4000015947,65985.83,0.03825574,2524.33675616,1704155474198,true,true
4000015948,65984.74,0.07841030,5173.88325882,1704155474300,false,true
4000015949,65983.76,0.09673122,6382.68960499,1704155474445,true,true
4000015950,65984.35,0.08703171,5742.73081374,1704155474786,false,true
4000015951,65982.49,0.01680321,1108.71763579,1704155475292,false,true
4000015952,65982.95,0.05553365,3664.27405127,1704155475347,false,true
4000015953,65982.87,0.06585377,4345.22074492,1704155475694,false,true
4000015954,65980.33,0.08088853,5337.05190261,1704155475726,false,true
4000015955,65981.63,0.04363072,2878.82602367,1704155475887,false,true
4000015956,65980.37,0.03912031,2581.17252831,1704155475905,false,true
4000015957,65981.51,0.02727497,1799.64370580,1704155475956,false,true
4000015958,65981.85,0.00860390,567.70123921,1704155476078,false,true
4000015959,65983.72,0.05997935,3957.66063618,1704155476355,true,true
4000015960,65985.34,0.13415769,8852.44078826,1704155476435,false,true
4000015961,65986.34,0.07296830,4814.91105302,1704155476785,false,true
4000015962,65986.45,0.12798654,8445.37742238,1704155477149,true,true
4000015963,65986.60,0.03799919,2507.43735085,1704155477330,false,true
4000015964,65987.10,0.02332105,1538.88845846,1704155477543,true,true
4000015965,65987.02,0.01434800,946.78176296,1704155477650,false,true
4000015966,65985.38,0.05101045,3365.94392722,1704155477770,true,true
4000015967,65984.69,0.06950608,4586.33714192,1704155477804,false,true
4000015968,65985.75,0.02729101,1800.81776311,1704155477895,true,true
4000015969,65985.87,0.03379848,2230.22210748,1704155477908,true,true
4000015970,65986.21,0.12107647,7989.37737548,1704155477962,false,true
4000015971,65986.28,0.03009186,1985.64989968,1704155478332,false,true
4000015972,65984.30,0.05279038,3483.33627103,1704155478353,false,true
4000015973,65983.63,0.06776293,4471.24410084,1704155478361,true,true
4000015974,65984.58,0.05368912,3542.65403377,1704155478547,false,true
4000015975,65985.81,0.04978886,3285.35825608,1704155478573,false,true
4000015976,65986.92,0.03931651,2594.37540005,1704155478580,true,true
4000015977,65988.41,0.10317490,6808.34760291,1704155478616,false,true
4000015978,65988.40,0.07084602,4675.01550617,1704155478634,false,true
4000015979,65988.77,0.05973351,3941.74085268,1704155479094,true,true
4000015980,65990.00,0.05153273,3400.64485270,1704155479107,false,true
4000015981,65989.34,0.02956322,1950.85737607,1704155479245,true,true
4000015982,65986.58,0.05493006,3624.64679859,1704155479371,true,true
4000015983,65987.55,0.03536322,2333.53224791,1704155479548,true,true
4000015984,65987.76,0.01876228,1238.08082969,1704155479619,true,true
4000015985,65988.77,0.01648715,1087.96674931,1704155479903,true,true
4000015986,65990.55,0.02247099,1482.87298914,1704155480011,false,true
4000015987,65989.65,0.04025464,2656.38960448,1704155480176,false,true
4000015988,65991.23,0.05961975,3934.38063479,1704155480233,false,true
4000015989,65993.70,0.09284299,6127.05242916,1704155480505,true,true
4000015990,65997.43,0.04832960,3189.62939293,1704155480703,false,true
4000015991,65998.61,0.06104151,4028.65481230,1704155480738,true,true
4000015992,66001.67,0.11167648,7370.83417972,1704155480760,false,true
4000015993,66002.23,0.03191052,2106.16548046,1704155480791,true,true
4000015994,66001.09,0.05978896,3946.13652997,1704155480935,false,true
4000015995,65999.69,0.01707270,1126.79290746,1704155480966,true,true
4000015996,65998.81,0.04121161,2719.91721818,1704155481098,false,true
4000015997,66000.67,0.04068694,2685.36530025,1704155481384,false,true
4000015998,66001.41,0.07671242,5063.12788451,1704155481464,true,true
4000015999,66001.15,0.07188488,4744.48474761,1704155481641,true,true
4000016000,66002.26,0.06052326,3994.67194257,1704155481819,false,true
4000016001,66003.25,0.07402121,4885.64042893,1704155481958,false,true
4000016002,66003.53,0.05683241,3751.13967841,1704155482045,false,true
4000016003,66002.64,0.07652016,5050.53257322,1704155482096,true,true
4000016004,66002.04,0.04441134,2931.23903913,1704155482222,true,true
4000016005,65999.10,0.02924949,1930.44001546,1704155482260,false,true
4000016006,65995.83,0.07120018,4698.91497525,1704155482379,false,true
4000016007,65994.13,0.13263636,8753.22118457,1704155482408,true,true
4000016008,65992.18,0.02618231,1727.82771434,1704155482583,false,true
4000016009,65992.34,0.04015804,2650.12302941,1704155482787,true,true
4000016010,65992.69,0.03691055,2435.82648388,1704155482797,true,true
4000016011,65993.80,0.14816078,9777.69288316,1704155482810,true,true
4000016012,65995.94,0.03038236,2005.11240762,1704155483087,true,true
4000016013,65994.75,0.06567513,4334.21378557,1704155483282,false,true
4000016014,65992.07,0.06860487,4527.37738338,1704155483285,false,true
4000016015,65992.65,0.02134519,1408.62565285,1704155483495,true,true
4000016016,65992.78,0.06495770,4286.73920541,1704155483831,false,true
4000016017,65993.86,0.08652635,5710.20782821,1704155483838,false,true
4000016018,65991.40,0.07226192,4768.66526749,1704155483955,true,true
4000016019,65989.38,0.03845231,2537.44409647,1704155484242,false,true
4000016020,65988.28,0.08869671,5852.94333456,1704155484433,false,true
4000016021,65990.12,0.02283220,1506.69961786,1704155484440,true,true
4000016022,65991.48,0.03880046,2560.49978008,1704155484827,false,true
4000016023,65993.98,0.08612407,5683.67015310,1704155485205,true,true
4000016024,65993.39,0.06316931,4168.75691086,1704155485389,true,true
4000016025,65997.04,0.02620972,1729.76393923,1704155485574,false,true
4000016026,65996.01,0.04054372,2675.72375056,1704155485644,true,true
4000016027,65993.87,0.14626500,9652.59339555,1704155485887,true,true
4000016028,65995.09,0.05246447,3462.39741945,1704155485943,true,true
4000016029,65994.11,0.05438244,3588.92072743,1704155486057,false,true
4000016030,65992.31,0.08071217,5326.38254341,1704155486064,true,true
4000016031,65990.67,0.05425811,3580.52903183,1704155486081,false,true
4000016032,65991.95,0.17431863,11503.62631503,1704155486199,false,true
4000016033,65991.27,0.06046784,3990.34955576,1704155486471,true,true
4000016034,65991.07,0.05706976,3766.09452704,1704155486489,false,true
4000016035,65993.84,0.06567160,4333.92106294,1704155486569,false,true
4000016036,65995.46,0.03776469,2492.29808831,1704155486588,false,true
4000016037,65996.34,0.07251920,4786.00177973,1704155486707,false,true
4000016038,65997.59,0.03115148,2055.92260493,1704155486794,true,true
4000016039,65995.45,0.04860058,3207.41714736,1704155486833,false,true
4000016040,65996.51,0.04976923,3284.59548539,1704155486914,false,true
4000016041,65995.97,0.02728884,1800.95346597,1704155487054,true,true
4000016042,65998.13,0.02052665,1354.72051516,1704155487126,true,true
4000016043,65999.53,0.01378484,909.79296113,1704155487227,true,true
4000016044,66000.98,0.05808040,3833.36331879,1704155487381,true,true
4000016045,65999.28,0.03497661,2308.43107684,1704155487445,false,true
4000016046,65999.02,0.05603168,3698.03596895,1704155488038,false,true
4000016047,65998.21,0.05181282,3419.55337505,1704155488165,false,true
4000016048,65997.79,0.17726977,11699.41305381,1704155488507,true,true
4000016049,65998.70,0.04123371,2721.37125618,1704155488527,false,true
4000016050,65999.58,0.07803243,5150.10760638,1704155488573,false,true
4000016051,66001.20,0.06965400,4597.24758480,1704155488657,false,true
4000016052,66002.30,0.04069459,2685.93653756,1704155488761,true,true
4000016053,66003.60,0.08359615,5517.64684614,1704155488938,false,true
4000016054,66005.52,0.05132168,3387.51417567,1704155489421,true,true
4000016055,66007.60,0.03001442,1981.17982959,1704155489447,true,true
4000016056,66009.55,0.05526560,3648.05738648,1704155489608,false,true
4000016057,66009.60,0.04016602,2651.34291379,1704155489984,true,true
4000016058,66009.13,0.06419221,4237.27193488,1704155490138,false,true
4000016059,66008.70,0.04383993,2893.81678739,1704155490554,false,true
4000016060,66008.23,0.06507767,4295.66180922,1704155490843,false,true
4000016061,66008.28,0.03379671,2230.86269676,1704155490988,true,true
4000016062,66007.33,0.05443715,3593.25092431,1704155491242,true,true
4000016063,66008.19,0.05617144,3707.77508409,1704155491322,true,true
4000016064,66011.75,0.03225776,2129.39118868,1704155491590,false,true
4000016065,66013.33,0.08795146,5805.96875296,1704155491676,true,true
4000016066,66013.70,0.09027459,5959.35970188,1704155491829,false,true
4000016067,66012.46,0.03020009,1993.58223312,1704155491994,false,true
4000016068,66008.84,0.10200915,6733.50566089,1704155492118,false,true
4000016069,66010.54,0.05527825,3648.94713276,1704155492209,true,true
4000016070,66010.58,0.06925564,4571.60496467,1704155492339,true,true
4000016071,66012.01,0.03834854,2531.46420597,1704155492339,true,true
4000016072,66012.39,0.04679313,3088.92634688,1704155492495,true,true
4000016073,66008.91,0.06911360,4562.11340218,1704155492584,true,true
4000016074,66011.06,0.05369408,3544.40313652,1704155492712,true,true
4000016075,66009.47,0.13040427,8607.91674844,1704155492822,false,true
4000016076,66010.35,0.03643066,2404.80061733,1704155492896,true,true
4000016077,66010.43,0.05533171,3652.46996974,1704155493097,false,true
4000016078,66009.05,0.04184899,2762.41207336,1704155493556,false,true
4000016079,66008.25,0.14961176,9875.61045702,1704155493995,false,true
4000016080,66006.11,0.06433297,4246.36909445,1704155494070,false,true
4000016081,66006.77,0.03437648,2269.08040877,1704155494139,false,true
4000016082,66007.53,0.03274159,2161.19148417,1704155494256,true,true
4000016083,66006.51,0.04883824,3223.64177694,1704155494321,true,true
4000016084,66006.75,0.05667992,3741.25730946,1704155494362,true,true
4000016085,66005.63,0.02843851,1877.10176881,1704155494418,true,true
4000016086,66006.24,0.03478980,2296.34388835,1704155494512,true,true
4000016087,66007.10,0.03851005,2541.93672135,1704155494536,false,true
4000016088,66008.12,0.05679316,3748.80972046,1704155494750,false,true
4000016089,66007.53,0.09613244,6345.46491727,1704155494885,false,true
4000016090,66007.15,0.03862524,2549.54201047,1704155494940,true,true
4000016091,66007.56,0.05534818,3653.39831224,1704155494997,false,true
4000016092,66007.92,0.04707294,3107.18685768,1704155495050,false,true
4000016093,66009.32,0.02655690,1753.00291031,1704155495349,true,true
4000016094,66007.53,0.01895214,1250.98394961,1704155495376,true,true
4000016095,66006.40,0.01799770,1187.96338528,1704155495410,false,true
4000016096,66005.89,0.01223702,807.71539605,1704155495495,false,true
4000016097,66006.55,0.03541615,2337.69787578,1704155495724,false,true
4000016098,66005.60,0.06425922,4241.46837163,1704155495764,true,true
4000016099,66005.52,0.03798859,2507.45663702,1704155495818,true,true
4000016100,66006.20,0.02306224,1522.25082589,1704155495953,true,true
4000016101,66006.69,0.03706040,2446.23433408,1704155496171,false,true
4000016102,66005.08,0.01080268,713.03175761,1704155496177,true,true
4000016103,66004.63,0.02266898,1496.25763738,1704155496317,true,true
4000016104,66002.11,0.10360791,6838.34067269,1704155496328,false,true
4000016105,66004.49,0.02566509,1694.01117625,1704155496381,true,true
4000016106,66009.09,0.04613794,3045.52343387,1704155496587,true,true
4000016107,66010.61,0.06270961,4139.49960896,1704155496665,false,true
4000016108,66007.14,0.05529799,3650.06216765,1704155496811,false,true
4000016109,66006.04,0.04820648,3181.91884714,1704155496851,false,true
4000016110,66005.49,0.06315537,4168.60114298,1704155497016,false,true
4000016111,66005.19,0.04006701,2644.63060778,1704155497102,false,true
4000016112,66006.30,0.07301339,4819.34372436,1704155497265,true,true
4000016113,66007.88,0.04106176,2710.39972667,1704155497335,false,true
4000016114,66007.60,0.05243556,3461.14547026,1704155497343,false,true
4000016115,66007.58,0.06777632,4473.75086451,1704155497389,false,true
4000016116,66007.35,0.04106966,2710.89942200,1704155497685,false,true
4000016117,66006.82,0.06179035,4078.58451019,1704155497945,true,true
4000016118,66009.22,0.04443656,2933.22266508,1704155497986,false,true
4000016119,66008.32,0.09160820,6046.90338022,1704155498129,false,true
4000016120,66008.30,0.06222234,4107.19088542,1704155498168,false,true
4000016121,66007.41,0.07841584,5176.02650137,1704155498213,true,true
4000016122,66006.49,0.06408942,4230.31766034,1704155498335,false,true
4000016123,66006.84,0.10105467,6670.29943394,1704155498542,false,true
4000016124,66007.99,0.01887567,1245.94503660,1704155498573,false,true
4000016125,66008.04,0.01586338,1047.11062158,1704155499033,true,true
4000016126,66007.74,0.05254511,3468.38395915,1704155499247,true,true
4000016127,66008.09,0.08110049,5353.28844296,1704155499394,false,true
4000016128,66008.56,0.05446190,3594.95159386,1704155499547,false,true
4000016129,66005.71,0.04978105,3285.83354980,1704155499563,true,true
4000016130,66003.98,0.10278358,6784.12535865,1704155499581,false,true
4000016131,66002.10,0.03693454,2437.75720253,1704155499841,true,true
4000016132,66001.35,0.04950820,3267.60803607,1704155499854,false,true
4000016133,66002.90,0.07582917,5004.94512459,1704155499900,true,true
4000016134,66005.46,0.03365029,2221.10287058,1704155500730,false,true
4000016135,66005.87,0.04330073,2858.10235529,1704155500746,false,true
4000016136,66003.97,0.03035440,2003.51090697,1704155500892,false,true
4000016137,66006.41,0.06864727,4531.15984900,1704155501079,true,true
4000016138,66005.53,0.06762992,4463.94871346,1704155501231,false,true
4000016139,66003.82,0.05728844,3781.25588184,1704155501336,false,true
4000016140,66004.35,0.09138945,6032.10124411,1704155501448,false,true
4000016141,66004.95,0.15317920,10110.58543704,1704155501505,true,true
4000016142,66003.17,0.06626327,4373.58587457,1704155501577,true,true
4000016143,66004.85,0.04715290,3112.32009156,1704155501591,false,true
4000016144,66004.24,0.07686469,5073.39544629,1704155501650,true,true
4000016145,66004.31,0.07038788,4645.90345176,1704155501712,false,true
4000016146,66003.79,0.06026531,3977.73886552,1704155501837,true,true
4000016147,66002.97,0.09665030,6379.20685139,1704155501837,true,true
4000016148,66001.28,0.02675488,1765.85632625,1704155501858,true,true
4000016149,66001.56,0.07303345,4820.32163218,1704155501928,true,true
4000016150,66002.74,0.05307856,3503.33039525,1704155501930,false,true
4000016151,66003.20,0.02970599,1960.69039917,1704155502112,false,true
4000016152,66002.75,0.04766798,3146.21776694,1704155502326,true,true
4000016153,66003.81,0.04670326,3082.59309942,1704155502448,false,true
4000016154,66003.45,0.09743772,6431.22568013,1704155502470,false,true
4000016155,66000.16,0.03008358,1985.52109337,1704155502589,true,true
4000016156,66002.11,0.03131615,2066.93197708,1704155502669,false,true
4000016157,66003.04,0.02401654,1585.16465028,1704155502844,false,true
4000016158,66000.75,0.03230387,2132.07964790,1704155502857,true,true
4000016159,65998.31,0.03876043,2558.12287487,1704155503107,false,true
4000016160,65998.31,0.09704092,6404.53672085,1704155503149,true,true
4000016161,65998.57,0.05312761,3506.34628752,1704155503292,true,true
4000016162,65997.60,0.08391304,5538.05924870,1704155503354,false,true
4000016163,66000.00,0.04107589,2711.00874000,1704155503617,true,true
4000016164,65998.51,0.06508473,4295.49520375,1704155503828,true,true
4000016165,65997.88,0.05222529,3446.75842239,1704155503975,false,true
4000016166,65997.69,0.06991257,4614.06812196,1704155504338,true,true
4000016167,65997.40,0.04421462,2918.04996199,1704155504498,true,true
4000016168,65996.29,0.08272556,5459.58004817,1704155504704,true,true
4000016169,65997.97,0.14186508,9362.80729389,1704155504863,true,true
4000016170,65997.46,0.02787329,1839.56634184,1704155504955,true,true
4000016171,65997.54,0.04120349,2719.32897941,1704155504994,true,true
4000016172,65996.65,0.12000829,7920.14511223,1704155505224,true,true
4000016173,65996.95,0.06416251,4234.52996434,1704155505290,false,true
4000016174,65996.66,0.03564685,2352.57303952,1704155505329,true,true
4000016175,65996.02,0.03441388,2271.17911276,1704155505337,false,true
4000016176,65996.04,0.05194291,3428.02636608,1704155505357,true,true
4000016177,65995.54,0.05040826,3326.72033916,1704155505639,false,true
4000016178,65995.16,0.05607931,3700.96303614,1704155505768,true,true
4000016179,65995.25,0.03553480,2345.12800970,1704155506162,false,true
4000016180,65994.65,0.19599897,12934.88342551,1704155506270,true,true
4000016181,65994.78,0.02655167,1752.27162028,1704155506271,false,true
4000016182,65995.53,0.05711407,3769.27332011,1704155506551,true,true
4000016183,65994.57,0.08264849,5454.35155870,1704155506756,false,true
4000016184,65993.55,0.10451180,6897.10469889,1704155507092,true,true
4000016185,65991.75,0.08126593,5362.88093608,1704155507114,false,true
4000016186,65991.86,0.04709704,3108.02127009,1704155507181,true,true
4000016187,65991.32,0.08021957,5293.79531413,1704155507187,true,true
4000016188,65991.17,0.04503788,2972.10239552,1704155507227,true,true
4000016189,65989.81,0.02803564,1850.06655683,1704155507248,true,true
4000016190,65988.30,0.01824836,1204.17825419,1704155507540,false,true
4000016191,65987.51,0.03864256,2549.92631443,1704155507672,false,true
4000016192,65987.90,0.06917065,4564.42593513,1704155507708,true,true
4000016193,65988.52,0.04165023,2748.43703536,1704155507806,true,true
4000016194,65990.91,0.05406856,3568.03347679,1704155507869,false,true
4000016195,65987.47,0.05626870,3713.02915319,1704155508252,true,true
4000016196,65985.77,0.04070589,2686.00949519,1704155508286,true,true
4000016197,65986.31,0.12114411,7993.85279713,1704155508448,true,true
4000016198,65986.42,0.03392908,2238.85852309,1704155508802,true,true
4000016199,65984.19,0.05023925,3314.99621746,1704155508904,false,true
4000016200,65985.15,0.05772122,3808.74335988,1704155509079,true,true
4000016201,65986.40,0.02858119,1885.96983582,1704155509270,true,true
4000016202,65986.38,0.11433000,7544.22282540,1704155509282,true,true
4000016203,65986.61,0.06614430,4364.63812782,1704155509312,true,true
4000016204,65986.71,0.07382864,4871.70905737,1704155509622,false,true
4000016205,65988.13,0.06098900,4024.55006057,1704155509852,false,true
4000016206,65988.02,0.05690303,3754.91828170,1704155510096,false,true
4000016207,65987.68,0.01830676,1208.02062072,1704155510233,true,true
4000016208,65989.41,0.03842943,2535.93541234,1704155510266,true,true
4000016209,65990.39,0.04592296,3030.47404035,1704155510349,true,true
4000016210,65989.88,0.03426127,2260.89709595,1704155510356,true,true
4000016211,65990.79,0.02590003,1709.16344072,1704155510578,true,true
4000016212,65989.25,0.03422190,2258.27751458,1704155510683,true,true
4000016213,65988.06,0.04942233,3261.28367738,1704155510684,true,true
4000016214,65989.29,0.04159268,2744.67142240,1704155510750,false,true
4000016215,65989.10,0.08259585,5450.42580524,1704155511013,true,true
4000016216,65988.64,0.05234288,3454.03546488,1704155511075,false,true
4000016217,65987.50,0.05586555,3686.42798063,1704155511082,true,true
4000016218,65988.41,0.02647824,1747.25695720,1704155511514,true,true
4000016219,65990.04,0.03587847,2367.62167044,1704155511528,true,true
4000016220,65990.80,0.07352602,4852.04088062,1704155511601,true,true
4000016221,65991.26,0.11482241,7577.27551214,1704155511785,false,true
4000016222,65990.29,0.04115051,2715.53408855,1704155511821,false,true
4000016223,65989.89,0.05283371,3486.49071119,1704155511822,false,true
4000016224,65991.43,0.04806705,3172.01336538,1704155511861,false,true
4000016225,65993.83,0.11179558,7377.81850127,1704155511973,true,true
4000016226,65991.33,0.06173034,4073.66723795,1704155512254,false,true
4000016227,65990.87,0.03444259,2272.89647915,1704155512260,false,true
4000016228,65991.98,0.12019345,7931.80374853,1704155512637,true,true
4000016229,65993.44,0.14125645,9321.99905769,1704155512694,true,true
4000016230,65992.88,0.04854608,3203.69563191,1704155512729,true,true
4000016231,65993.27,0.05926528,3911.10962467,1704155512878,false,true
4000016232,65991.26,0.04791793,3162.16457729,1704155512886,true,true
4000016233,65988.85,0.09832671,6488.46651718,1704155512887,true,true
4000016234,65989.01,0.03952454,2608.18526531,1704155512935,true,true
4000016235,65989.86,0.04850261,3200.68044353,1704155513257,false,true
4000016236,65987.62,0.03528004,2328.04587310,1704155513383,true,true
4000016237,65986.09,0.11854505,7822.32433835,1704155513487,true,true
4000016238,65983.95,0.04768079,3146.16686332,1704155513932,true,true
4000016239,65982.58,0.10992673,7253.24925636,1704155513988,false,true
4000016240,65981.82,0.15148031,9994.94654796,1704155514272,true,true
4000016241,65980.14,0.02157081,1423.24506371,1704155514417,false,true
4000016242,65980.57,0.05403389,3565.18686152,1704155514526,true,true
4000016243,65980.83,0.03276331,2161.75038735,1704155514581,false,true
4000016244,65982.15,0.02778044,1833.01315915,1704155514660,false,true
4000016245,65981.44,0.02982948,1968.19204485,1704155514899,true,true
4000016246,65982.93,0.01871468,1234.84942041,1704155515018,true,true
4000016247,65984.51,0.10198189,6729.22504052,1704155515028,true,true
4000016248,65986.44,0.02169413,1431.51840760,1704155515317,true,true
4000016249,65985.18,0.05324495,3513.37760984,1704155515392,true,true
4000016250,65982.32,0.05727683,3779.25812565,1704155515410,false,true
4000016251,65979.64,0.09747023,6431.05068612,1704155515787,true,true
4000016252,65983.94,0.22368324,14759.50148717,1704155515890,false,true
4000016253,65985.41,0.25192675,16623.48988872,1704155515941,true,true
4000016254,65986.76,0.07637685,5039.86087051,1704155516129,false,true
4000016255,65987.95,0.10150635,6698.19594848,1704155516155,false,true
4000016256,65985.95,0.06403414,4225.35356033,1704155516201,false,true
4000016257,65986.60,0.05692132,3756.04437431,1704155516228,true,true
4000016258,65989.05,0.03878684,2559.50672410,1704155516348,false,true
4000016259,65988.06,0.06864518,4529.76225655,1704155516350,false,true
4000016260,65987.14,0.10063308,6640.48913859,1704155516449,false,true
4000016261,65987.69,0.16911743,11159.66854444,1704155516532,false,true
4000016262,65988.28,0.04682207,3089.70786534,1704155516610,false,true
4000016263,65987.06,0.06218592,4103.46603420,1704155516667,false,true
4000016264,65987.15,0.04643110,3063.85596037,1704155516918,true,true
4000016265,65988.93,0.05631213,3715.97720472,1704155516971,false,true
4000016266,65989.37,0.06740394,4447.94353612,1704155517195,false,true
4000016267,65988.83,0.03796908,2505.53516538,1704155517273,true,true
4000016268,65989.34,0.03296889,2175.59529163,1704155517770,true,true
4000016269,65988.16,0.25422439,16775.79972322,1704155517779,false,true
4000016270,65987.51,0.06023522,3974.77218210,1704155517881,false,true
4000016271,65987.70,0.13021380,8592.50917026,1704155517974,true,true
4000016272,65989.46,0.02848072,1879.42733321,1704155518246,true,true
4000016273,65989.22,0.06089063,4018.12517901,1704155518267,true,true
4000016274,65988.30,0.03710325,2448.38039197,1704155518298,false,true
4000016275,65990.22,0.05516450,3640.31749119,1704155518624,true,true
4000016276,65991.88,0.05622239,3710.22121419,1704155518937,true,true
4000016277,65992.19,0.08678622,5727.21271962,1704155519088,false,true
4000016278,65993.79,0.04297282,2835.93925879,1704155519156,true,true
4000016279,65996.17,0.05413887,3572.95806813,1704155519264,false,true
4000016280,65995.22,0.05063861,3341.90620744,1704155519287,true,true
4000016281,65995.22,0.05578125,3681.29586562,1704155519351,false,true
4000016282,65994.70,0.04039346,2665.75427466,1704155519363,false,true
4000016283,65993.54,0.05347393,3528.93393841,1704155519367,true,true
4000016284,65990.57,0.01037019,684.33474911,1704155519571,true,true
4000016285,65991.55,0.02748725,1813.92623274,1704155519597,false,true
4000016286,65989.44,0.07610647,5022.22333568,1704155519714,true,true
4000016287,65989.29,0.05175512,3415.28362266,1704155519716,false,true
4000016288,65985.89,0.02691033,1775.70207524,1704155520063,true,true
4000016289,65985.41,0.02645332,1745.53316606,1704155520108,false,true
4000016290,65982.32,0.11753147,7754.99906361,1704155520367,false,true
4000016291,65982.22,0.05876123,3877.19640533,1704155520453,true,true
4000016292,65982.94,0.03834865,2530.35667203,1704155520461,false,true
4000016293,65983.24,0.03393716,2239.28377320,1704155520473,false,true
4000016294,65983.66,0.02467188,1627.94094148,1704155520490,false,true
4000016295,65983.69,0.04476239,2953.58766542,1704155520558,true,true
4000016296,65986.07,0.07160054,4724.63824448,1704155520797,false,true
4000016297,65985.80,0.06808549,4492.67552604,1704155520977,false,true
4000016298,65986.28,0.25227764,16646.86299078,1704155521480,true,true
4000016299,65987.51,0.03125348,2062.33932403,1704155521499,true,true
4000016300,65985.91,0.12306180,8120.34485924,1704155521551,true,true
4000016301,65985.66,0.08275020,5460.32656213,1704155521574,false,true
4000016302,65984.45,0.02635957,1739.32172869,1704155521780,true,true
4000016303,65983.80,0.07105551,4688.51256074,1704155521812,true,true
4000016304,65986.93,0.06464319,4265.60565351,1704155521848,true,true
4000016305,65987.64,0.10349108,6829.13213025,1704155522132,false,true
4000016306,65986.90,0.03453470,2278.83779543,1704155522149,false,true
4000016307,65986.13,0.05152820,3400.14650387,1704155522174,true,true
4000016308,65986.15,0.03611675,2383.20528301,1704155522358,false,true
4000016309,65986.38,0.13415481,8852.39027149,1704155522359,true,true
4000016310,65986.64,0.11634847,7677.44460444,1704155522377,true,true
4000016311,65984.84,0.04964585,3275.87346891,1704155522575,true,true
4000016312,65982.76,0.00849345,560.42127292,1704155522578,true,true
4000016313,65982.23,0.03908741,2579.07447672,1704155522756,false,true
4000016314,65984.95,0.06215025,4100.98113874,1704155523019,false,true
4000016315,65985.47,0.02880345,1900.60918587,1704155523153,true,true
4000016316,65983.25,0.05125787,3382.16085068,1704155523179,false,true
4000016317,65984.42,0.08949542,5905.30338136,1704155523306,false,true
4000016318,65981.17,0.06425851,4239.85167226,1704155523325,true,true
4000016319,65979.94,0.06059984,3998.37380721,1704155523566,true,true
4000016320,65977.11,0.06185149,4080.78255939,1704155523702,true,true
4000016321,65979.42,0.05617158,3706.16826888,1704155523733,true,true
4000016322,65978.17,0.03399477,2242.91271417,1704155524120,true,true
4000016323,65978.56,0.07328353,4835.14178112,1704155524297,true,true
4000016324,65977.64,0.02981320,1967.00457685,1704155524405,true,true
4000016325,65978.06,0.05519134,3641.41754200,1704155524418,true,true
4000016326,65976.80,0.05436924,3587.10847363,1704155524574,true,true
4000016327,65977.09,0.02143082,1413.94313991,1704155524575,false,true
4000016328,65980.40,0.06160120,4064.47181648,1704155524598,true,true
4000016329,65981.26,0.15099298,9962.70707155,1704155524701,true,true
4000016330,65981.13,0.06335171,4180.01741323,1704155524816,false,true
4000016331,65979.02,0.05259607,3470.23715445,1704155524916,false,true
4000016332,65979.27,0.12970187,8557.63470023,1704155525293,true,true
4000016333,65977.23,0.01321275,871.74064568,1704155525402,true,true
4000016334,65977.76,0.02744530,1810.77941653,1704155525411,false,true
4000016335,65975.83,0.04346435,2867.59656666,1704155525542,false,true
4000016336,65976.15,0.05334936,3519.78537776,1704155525552,false,true
4000016337,65975.36,0.07883581,5201.22094564,1704155525729,false,true
4000016338,65975.39,0.03054417,2015.16352798,1704155525731,false,true
4000016339,65975.73,0.10593011,6988.81633623,1704155525816,true,true
4000016340,65974.59,0.05248644,3462.77135956,1704155526083,false,true
4000016341,65977.33,0.05862488,3867.91305397,1704155526108,false,true
4000016342,65978.20,0.07843804,5175.20069073,1704155526190,false,true
4000016343,65977.43,0.06366872,4200.69851699,1704155526368,true,true
4000016344,65974.73,0.11094986,7319.88705704,1704155526374,true,true
4000016345,65975.23,0.03711811,2448.87584442,1704155526587,true,true
4000016346,65974.64,0.04154636,2741.00614431,1704155526643,true,true
4000016347,65973.32,0.04987488,3290.41141820,1704155526774,true,true
4000016348,65974.77,0.03950918,2606.60906339,1704155526889,false,true
4000016349,65975.68,0.04169413,2750.79857876,1704155527031,false,true
4000016350,65974.75,0.05097621,3363.14271070,1704155527194,false,true
4000016351,65973.08,0.03317967,2188.96502328,1704155527222,true,true
4000016352,65973.04,0.09043305,5966.14322497,1704155527408,true,true
4000016353,65970.54,0.09698131,6397.90939061,1704155527452,false,true
4000016354,65970.81,0.07780626,5132.94199527,1704155527686,true,true
4000016355,65972.13,0.04936240,3256.54266991,1704155527987,true,true
4000016356,65971.97,0.04722840,3115.75058795,1704155528113,true,true
4000016357,65969.00,0.05386152,3553.19061288,1704155528671,true,true
4000016358,65968.00,0.12531638,8266.87095584,1704155528767,false,true
4000016359,65969.67,0.05542737,3656.52530787,1704155528916,false,true
4000016360,65969.62,0.02571367,1696.32103871,1704155528993,false,true
4000016361,65969.32,0.05168545,3409.65399039,1704155529041,true,true
4000016362,65970.81,0.05796499,3823.99734194,1704155529058,false,true
4000016363,65973.50,0.08934771,5894.58114568,1704155529253,true,true
4000016364,65973.72,0.05139013,3390.39804738,1704155529308,false,true
4000016365,65972.18,0.05258372,3469.06264091,1704155529383,false,true
4000016366,65969.97,0.04400217,2902.82183483,1704155529564,false,true
4000016367,65969.40,0.02669949,1761.34933561,1704155529788,true,true
4000016368,65968.76,0.06414734,4231.72047710,1704155529937,false,true
4000016369,65967.13,0.09058459,5975.60542453,1704155530226,false,true
4000016370,65966.30,0.05910150,3898.70727945,1704155530454,true,true
4000016371,65970.37,0.03204003,2113.69263391,1704155530639,false,true
4000016372,65968.06,0.05574312,3677.26548475,1704155530675,true,true
4000016373,65968.04,0.08713876,5748.37320523,1704155530737,true,true
4000016374,65969.99,0.03704283,2443.71512467,1704155530958,false,true
4000016375,65969.98,0.02210053,1457.97152209,1704155530974,true,true
4000016376,65969.18,0.08044633,5306.97842411,1704155531172,false,true
4000016377,65971.13,0.04090719,2698.69354942,1704155531310,false,true
4000016378,65971.80,0.06576912,4338.90723082,1704155531452,false,true
4000016379,65974.07,0.05328114,3515.17366004,1704155531531,false,true
4000016380,65971.64,0.02215162,1461.37870006,1704155531640,true,true
4000016381,65971.75,0.04118478,2717.03200996,1704155531717,true,true
4000016382,65970.13,0.08913674,5880.36232558,1704155532012,false,true
4000016383,65970.78,0.11813442,7793.41983225,1704155532318,false,true
4000016384,65971.10,0.13330866,8794.51893973,1704155532464,false,true
4000016385,65969.70,0.03187505,2102.78748598,1704155532474,true,true
4000016386,65970.08,0.03557508,2346.89087361,1704155532482,true,true
4000016387,65970.11,0.04378475,2888.48477382,1704155532565,false,true
4000016388,65971.40,0.02936786,1937.43883920,1704155532598,false,true
4000016389,65973.30,0.03500991,2309.71929540,1704155533064,false,true
4000016390,65972.68,0.05811162,3833.77931054,1704155533229,false,true
4000016391,65970.82,0.03191673,2105.57284982,1704155533255,false,true
4000016392,65970.96,0.04710303,3107.43210801,1704155533264,true,true
4000016393,65973.57,0.07786451,5136.99970100,1704155533302,false,true
4000016394,65972.74,0.02762560,1822.53652614,1704155533384,true,true
4000016395,65970.89,0.10396152,6858.43400015,1704155533445,true,true
4000016396,65972.09,0.04964374,3275.10128322,1704155533535,false,true
4000016397,65971.15,0.05587992,3686.46258431,1704155533607,false,true
4000016398,65970.30,0.03457134,2280.68167120,1704155534136,false,true
4000016399,65971.70,0.07084542,4673.79279461,1704155534265,false,true
4000016400,65971.74,0.10993374,7252.52011251,1704155534304,false,true
4000016401,65971.43,0.06994716,4614.51416964,1704155534361,true,true
4000016402,65972.19,0.02453985,1618.94764677,1704155534385,true,true
4000016403,65972.20,0.04070312,2685.27437326,1704155534529,true,true
4000016404,65970.67,0.15470327,10205.87837309,1704155534529,false,true
4000016405,65969.49,0.03200617,2111.43071175,1704155534581,true,true
4000016406,65970.83,0.03905325,2576.37531670,1704155534588,true,true
4000016407,65970.52,0.08633878,5695.81421277,1704155534593,true,true
4000016408,65975.09,0.03426813,2260.84296088,1704155534684,true,true
4000016409,65976.69,0.04682621,3089.43834104,1704155534697,false,true
4000016410,65977.43,0.04945060,3262.62349996,1704155534764,false,true
4000016411,65977.62,0.05088709,3357.40908693,1704155534777,false,true
4000016412,65978.46,0.12812924,8453.76993617,1704155534795,true,true
4000016413,65979.37,0.01026264,677.12252174,1704155535000,false,true
4000016414,65977.94,0.15382625,10149.13909293,1704155535065,true,true
4000016415,65978.75,0.01181121,779.28887179,1704155535076,true,true
4000016416,65979.52,0.04596729,3032.89972990,1704155535284,true,true
4000016417,65979.94,0.03238130,2136.51623112,1704155535345,false,true
4000016418,65981.29,0.05540226,3655.51258372,1704155535380,true,true
4000016419,65981.02,0.04156752,2742.66736847,1704155535485,true,true
4000016420,65978.77,0.05594192,3690.97907304,1704155535537,true,true
4000016421,65977.73,0.04621908,3049.42998109,1704155535553,false,true
4000016422,65977.51,0.11313722,7464.51206392,1704155535845,false,true
4000016423,65976.51,0.04309759,2843.42857761,1704155535954,true,true
4000016424,65977.26,0.09629020,6352.96356085,1704155536056,true,true
4000016425,65976.10,0.08552650,5642.70491665,1704155536161,true,true
4000016426,65977.31,0.03247563,2142.65470796,1704155536306,false,true
4000016427,65977.04,0.02203990,1454.12736390,1704155536397,false,true
4000016428,65980.45,0.06694616,4417.13776257,1704155536542,false,true
4000016429,65979.64,0.02984371,1969.07724206,1704155536557,false,true
4000016430,65977.37,0.11924097,7867.20559685,1704155536684,true,true
4000016431,65976.82,0.09511601,6275.45187089,1704155536743,true,true
4000016432,65976.47,0.16525795,10903.13618044,1704155536746,true,true
4000016433,65979.63,0.07737402,5105.10921121,1704155536834,true,true
4000016434,65979.88,0.03660648,2415.29115762,1704155536892,true,true
4000016435,65979.08,0.12660990,8353.60472089,1704155537100,false,true
4000016436,65980.79,0.06302316,4158.31788510,1704155537328,false,true
4000016437,65980.06,0.09219858,6083.26784031,1704155537330,true,true
4000016438,65978.75,0.04463151,2944.73124041,1704155537353,false,true
4000016439,65979.82,0.04653395,3070.30164489,1704155537660,true,true
4000016440,65980.44,0.08630959,5694.74472442,1704155537731,true,true
4000016441,65980.31,0.04291774,2831.72578970,1704155538501,false,true
4000016442,65980.85,0.04503098,2971.18233673,1704155538664,true,true
4000016443,65978.66,0.02222560,1466.41530570,1704155538676,true,true
4000016444,65980.39,0.04011313,2646.67996152,1704155538793,true,true
4000016445,65979.67,0.08855164,5842.60798516,1704155538852,false,true
4000016446,65978.71,0.04111672,2712.82814503,1704155538870,false,true
4000016447,65979.29,0.09615712,6344.37850604,1704155538933,true,true
4000016448,65978.69,0.07377918,4867.85364567,1704155538939,true,true
4000016449,65978.72,0.00786984,519.24196980,1704155538954,false,true
4000016450,65979.47,0.06082058,4012.90963349,1704155538973,true,true
4000016451,65978.58,0.05437012,3587.26331203,1704155539359,false,true
4000016452,65976.42,0.05332284,3518.05008743,1704155539479,true,true
4000016453,65979.49,0.00904171,596.56741453,1704155539613,true,true
4000016454,65979.69,0.28973176,19116.41170795,1704155539614,true,true
4000016455,65979.26,0.02420604,1597.09660673,1704155539656,false,true
4000016456,65978.31,0.03962484,2614.37997722,1704155539845,false,true
4000016457,65978.87,0.03955701,2609.92682038,1704155540007,false,true
4000016458,65981.26,0.04709764,3107.56163023,1704155540452,true,true
4000016459,65982.08,0.02416764,1594.63115589,1704155540526,true,true
4000016460,65983.05,0.07728404,5099.43667552,1704155540613,false,true
4000016461,65982.63,0.04171731,2752.61783033,1704155540875,false,true
4000016462,65983.55,0.05335026,3520.23954822,1704155540954,false,true
4000016463,65981.71,0.02177792,1436.94440184,1704155541205,true,true
4000016464,65984.32,0.05780958,3814.52582579,1704155541394,true,true
4000016465,65984.72,0.07949859,5245.69220154,1704155541429,false,true
4000016466,65985.67,0.03187195,2103.09197496,1704155541540,false,true
4000016467,65985.86,0.06420747,4236.78512637,1704155541592,true,true
4000016468,65984.40,0.02595931,1712.90949476,1704155541924,true,true
4000016469,65984.04,0.06098480,4024.02348259,1704155542187,true,true
4000016470,65985.41,0.11867601,7830.88517701,1704155542289,true,true
4000016471,65984.16,0.06145476,4055.04071660,1704155542474,true,true
4000016472,65982.46,0.09448805,6234.55397960,1704155542491,false,true
4000016473,65982.03,0.03402244,2244.86965675,1704155542643,true,true
4000016474,65983.89,0.04131424,2726.07426759,1704155542656,true,true
4000016475,65983.36,0.08730401,5760.61192127,1704155542688,false,true
4000016476,65983.97,0.05079209,3351.46374280,1704155542720,true,true
4000016477,65982.81,0.03872290,2555.04575335,1704155543171,false,true
4000016478,65983.10,0.06736227,4444.77139764,1704155543226,true,true
4000016479,65983.21,0.04583153,3024.11146861,1704155543319,false,true
4000016480,65981.10,0.04857113,3204.77658564,1704155543350,true,true
4000016481,65980.10,0.07102607,4686.30720121,1704155543358,true,true
4000016482,65981.63,0.02631343,1736.20300229,1704155543419,true,true
4000016483,65984.74,0.02701413,1782.52034438,1704155543427,true,true
4000016484,65985.44,0.03770880,2488.23175987,1704155543594,false,true
4000016485,65983.52,0.10352433,6830.89969904,1704155543656,false,true
4000016486,65984.85,0.10145703,6694.62690600,1704155543702,false,true
4000016487,65985.82,0.08029400,5298.26543108,1704155543747,false,true
4000016488,65987.33,0.05832259,3848.55199278,1704155543904,true,true
4000016489,65985.66,0.05083767,3354.55720781,1704155544221,true,true
4000016490,65984.50,0.02788309,1839.85175211,1704155544334,false,true
4000016491,65984.01,0.05088320,3357.47757763,1704155544551,false,true
4000016492,65982.50,0.34499244,22763.46367230,1704155544841,false,true
4000016493,65984.93,0.05540860,3656.13259240,1704155545108,true,true
4000016494,65987.47,0.11740495,7747.25561598,1704155545126,true,true
4000016495,65989.29,0.02410032,1590.36300557,1704155545233,true,true
4000016496,65989.63,0.01878642,1239.70890482,1704155545389,false,true
4000016497,65991.01,0.09431777,6224.12490325,1704155545455,false,true
4000016498,65987.29,0.04879571,3219.89666653,1704155545510,false,true
4000016499,65987.97,0.02931900,1934.70129243,1704155545571,false,true
4000016500,65989.46,0.02833836,1870.03307369,1704155545747,true,true
4000016501,65988.49,0.01323534,873.38010124,1704155545878,false,true
4000016502,65990.83,0.03132490,2067.15615067,1704155545879,false,true
4000016503,65991.97,0.05252024,3465.91410247,1704155546004,false,true
4000016504,65994.32,0.05658105,3734.02791964,1704155546356,false,true
4000016505,65995.85,0.07789243,5140.57712642,1704155546356,true,true
4000016506,65994.01,0.02351971,1552.15997694,1704155546379,true,true
4000016507,65993.81,0.09285997,6128.18321679,1704155546446,false,true
4000016508,65991.30,0.06727504,4439.56734715,1704155546502,true,true
4000016509,65991.38,0.13826059,9124.00713371,1704155546760,true,true
4000016510,65991.68,0.04062848,2681.14165105,1704155546924,true,true
4000016511,65991.84,0.10060157,6638.88271119,1704155547122,false,true
4000016512,65992.67,0.04925184,3250.26042401,1704155547232,false,true
4000016513,65991.31,0.02863991,1889.98517918,1704155547508,false,true
4000016514,65990.06,0.05136038,3389.27455782,1704155547519,true,true
4000016515,65988.57,0.04397090,2901.57681261,1704155547578,true,true
4000016516,65989.17,0.04296121,2834.97459010,1704155547775,false,true
4000016517,65989.91,0.10126123,6682.21945419,1704155547886,true,true
4000016518,65989.82,0.10494315,6925.17957873,1704155547988,true,true
4000016519,65991.01,0.04367553,2882.19233699,1704155548293,true,true
4000016520,65992.74,0.10359458,6836.49018335,1704155548348,true,true
4000016521,65991.95,0.04808485,3173.21301696,1704155548349,true,true
4000016522,65991.61,0.03607677,2380.76413590,1704155548395,false,true
4000016523,65994.56,0.04722845,3116.82077723,1704155548816,false,true
4000016524,65994.32,0.05742604,3789.79246009,1704155549002,true,true
4000016525,65992.33,0.03291031,2171.82803792,1704155549005,true,true
4000016526,65993.12,0.08474782,5592.77305500,1704155549010,true,true
4000016527,65992.23,0.05257557,3469.57910782,1704155549047,false,true
4000016528,65992.19,0.05002825,3301.47377937,1704155549120,true,true
4000016529,65990.91,0.02146870,1416.73904952,1704155549295,true,true
4000016530,65991.40,0.05505541,3633.18358347,1704155549315,false,true
4000016531,65993.80,0.12847743,8478.71381993,1704155549475,true,true
4000016532,65992.08,0.04270463,2818.16735933,1704155549486,true,true
4000016533,65991.19,0.03110743,2052.81632354,1704155549604,true,true
4000016534,65988.77,0.05801225,3828.15702243,1704155549868,false,true
4000016535,65990.82,0.02193913,1447.78117879,1704155549962,true,true
4000016536,65991.26,0.03159089,2084.72263562,1704155550025,true,true
4000016537,65992.84,0.07619634,5028.41287421,1704155550072,true,true
4000016538,65991.68,0.03631519,2396.50039762,1704155550284,true,true
4000016539,65990.53,0.01817156,1199.15087533,1704155550285,false,true
4000016540,65989.70,0.03675827,2425.66720982,1704155550416,true,true
4000016541,65992.74,0.09125849,6022.39780336,1704155550432,false,true
4000016542,65992.45,0.06104853,4028.74206360,1704155550716,true,true
4000016543,65994.50,0.02020981,1333.73630605,1704155551023,false,true
4000016544,65994.58,0.06519499,4302.51598315,1704155551037,true,true
4000016545,65993.40,0.08034753,5302.40668630,1704155551255,false,true
4000016546,65994.49,0.07053951,4655.21898730,1704155551256,true,true
4000016547,65996.06,0.06409602,4230.08478168,1704155551334,false,true
4000016548,65994.45,0.09284475,6127.23821164,1704155551402,false,true
4000016549,65998.96,0.02499713,1649.78458298,1704155551409,true,true
4000016550,65999.60,0.03287714,2169.87808914,1704155551415,true,true
4000016551,65996.49,0.03260397,2151.74758007,1704155551457,true,true
4000016552,65996.30,0.06543362,4318.37681561,1704155551544,true,true
4000016553,65997.09,0.09166223,6049.44044291,1704155551665,true,true
4000016554,65997.92,0.01471135,970.91850039,1704155551674,true,true
4000016555,65999.86,0.01535680,1013.54665005,1704155551853,false,true
4000016556,66000.59,0.02360587,1558.00134746,1704155551892,false,true
4000016557,66000.54,0.01717699,1133.69061557,1704155552006,false,true
4000016558,65998.29,0.05139245,3391.81381891,1704155552020,false,true
4000016559,65999.29,0.04557164,3007.69588414,1704155552074,true,true
4000016560,65998.44,0.04138567,2731.38965835,1704155552267,false,true
4000016561,65999.95,0.22170709,14632.65685465,1704155552278,true,true
4000016562,65998.49,0.05218738,3444.28827706,1704155552448,false,true
4000016563,65998.65,0.02648880,1748.22504012,1704155552566,true,true
4000016564,65998.68,0.01840251,1214.54136869,1704155552591,true,true
4000016565,65997.71,0.02950673,1947.37660959,1704155552670,true,true
4000016566,65996.68,0.10859201,7166.71213453,1704155552900,false,true
4000016567,65997.26,0.05620855,3709.61028857,1704155552967,true,true
4000016568,65995.38,0.07506944,4954.23621919,1704155552980,true,true
4000016569,65994.33,0.01810124,1194.57920597,1704155553099,false,true
4000016570,65995.17,0.02427038,1601.72785406,1704155553177,true,true
4000016571,65997.61,0.03620044,2389.14252095,1704155553231,false,true
4000016572,65996.89,0.02981749,1967.86160761,1704155553326,true,true
4000016573,65997.96,0.03800187,2508.04589619,1704155553367,false,true
4000016574,65997.04,0.03898947,2573.18961117,1704155553398,false,true
4000016575,65997.08,0.01494501,986.32702057,1704155553610,true,true
4000016576,65996.75,0.05318972,3510.34865341,1704155553965,false,true
4000016577,65995.37,0.05134009,3388.20823538,1704155554072,true,true
4000016578,65994.71,0.02617507,1727.41615388,1704155554179,true,true
4000016579,65995.75,0.04044252,2669.03443929,1704155554890,true,true
4000016580,65995.31,0.04248497,2803.80876549,1704155555008,false,true
4000016581,65996.31,0.02988060,1972.00934059,1704155555320,false,true
4000016582,65995.77,0.15116868,9976.49343648,1704155555379,false,true
4000016583,65996.34,0.03099191,2045.35262961,1704155555793,true,true
4000016584,65997.64,0.09186467,6062.85141938,1704155555811,true,true
4000016585,65995.76,0.06022059,3974.30360470,1704155555959,false,true
4000016586,65998.14,0.07321471,4832.03468064,1704155556048,false,true
4000016587,65997.66,0.14786098,9758.47868531,1704155556079,true,true
4000016588,65997.31,0.04010354,2646.72576148,1704155556088,false,true
4000016589,65998.42,0.04734647,3124.79221258,1704155556215,true,true
4000016590,65997.39,0.03517387,2321.38361620,1704155556289,false,true
4000016591,65999.86,0.03603769,2378.48249472,1704155556290,true,true
4000016592,65999.41,0.07703692,5084.39126822,1704155556297,false,true
4000016593,66001.54,0.01745784,1152.24432507,1704155556399,true,true
4000016594,66000.48,0.05216673,3443.02922003,1704155556521,true,true
4000016595,66001.04,0.02802947,1849.97417065,1704155556732,false,true
4000016596,66000.86,0.02108908,1391.89741661,1704155556793,false,true
4000016597,66000.72,0.13996865,9238.03167743,1704155556812,false,true
4000016598,65999.89,0.04540812,2996.93092511,1704155556946,false,true
4000016599,65999.85,0.02323687,1533.62993447,1704155557122,false,true
4000016600,66000.04,0.03211535,2119.61438461,1704155557226,false,true
4000016601,66000.08,0.02580056,1702.83902404,1704155557614,false,true
4000016602,65999.60,0.09245839,6102.21675664,1704155557650,true,true
4000016603,66003.37,0.02476795,1634.76816799,1704155557882,true,true
4000016604,66006.34,0.03681815,2430.23132707,1704155557970,false,true
4000016605,66007.41,0.04084108,2695.81391240,1704155558061,false,true
4000016606,66008.48,0.08251209,5446.49764252,1704155558237,false,true
4000016607,66008.52,0.03025385,1997.01186280,1704155558443,true,true
4000016608,66009.34,0.09101465,6007.81697683,1704155558571,true,true
4000016609,66009.19,0.09882834,6523.57867244,1704155558650,true,true
4000016610,66008.99,0.09693785,6398.76957127,1704155558660,true,true
4000016611,66010.40,0.05482845,3619.24791588,1704155558820,true,true
4000016612,66007.78,0.03627283,2394.28898262,1704155558947,true,true
4000016613,66008.12,0.09276167,6123.02344476,1704155558953,false,true
4000016614,66006.54,0.02897985,1912.85962822,1704155559054,true,true
4000016615,66007.65,0.03709061,2448.26400317,1704155559058,true,true
4000016616,66006.40,0.02572886,1698.26942470,1704155559154,false,true
4000016617,66006.00,0.08739268,5768.44123608,1704155559294,true,true
4000016618,66006.07,0.06928990,4573.55398969,1704155559302,true,true
4000016619,66006.59,0.04351021,2871.96059228,1704155559306,true,true
4000016620,66007.91,0.18289772,12072.69624097,1704155559321,true,true
4000016621,66007.80,0.07567064,4994.85247099,1704155559470,false,true
4000016622,66003.68,0.07960565,5254.26584879,1704155559666,true,true
4000016623,66003.70,0.09025115,5956.90982925,1704155559698,true,true
4000016624,66000.88,0.04507957,2975.29129002,1704155559806,false,true
4000016625,66000.18,0.02898891,1913.27327800,1704155559899,true,true
4000016626,66000.73,0.11952352,7888.63957217,1704155560072,true,true
4000016627,66000.48,0.03845866,2538.29002016,1704155560085,true,true
4000016628,65998.56,0.08423439,5559.34844248,1704155560148,true,true
4000016629,65998.31,0.08346229,5508.37008873,1704155560392,true,true
4000016630,65998.31,0.07828187,5166.47112364,1704155560427,false,true
4000016631,65995.21,0.04406407,2908.01755310,1704155560721,true,true
4000016632,65996.01,0.08776681,5792.25927043,1704155561057,true,true
4000016633,65997.44,0.02958530,1952.55406163,1704155561133,false,true
4000016634,65997.60,0.10449287,6896.27863711,1704155561157,false,true
4000016635,65997.88,0.03010276,1986.71834215,1704155561379,false,true
4000016636,65998.65,0.05415939,3574.44662482,1704155561390,false,true
4000016637,66000.68,0.06695999,4419.40487279,1704155561581,true,true
4000016638,65999.85,0.06698128,4420.75443281,1704155561592,true,true
4000016639,66002.30,0.03239948,2138.44019880,1704155561609,false,true
4000016640,66002.23,0.11091268,7320.48421528,1704155561620,true,true
4000016641,66002.64,0.07021765,4634.55027460,1704155561746,true,true
4000016642,66002.22,0.03529548,2329.58003597,1704155561783,true,true
4000016643,66003.73,0.09021758,5954.69679157,1704155561819,true,true
4000016644,66002.99,0.04290243,2831.68865827,1704155561983,false,true
4000016645,66002.70,0.06450294,4257.36819794,1704155562133,true,true
4000016646,66003.17,0.04736661,3126.34641215,1704155562157,false,true
4000016647,66003.47,0.08380302,5531.29011648,1704155562179,true,true
4000016648,66002.28,0.02121981,1400.55584117,1704155562284,true,true
4000016649,66001.56,0.06021373,3974.20011342,1704155562304,true,true
4000016650,66003.32,0.04006874,2644.66986822,1704155562348,true,true
4000016651,66003.60,0.13192991,8707.84900768,1704155562539,true,true
4000016652,66005.62,0.05325182,3514.91939523,1704155562587,false,true
4000016653,66007.45,0.13351403,8812.92065952,1704155562600,true,true
4000016654,66006.85,0.02433096,1606.01002708,1704155562667,true,true
4000016655,66007.31,0.07573245,4998.89530421,1704155562836,false,true
4000016656,66007.23,0.03257390,2150.11290930,1704155562885,false,true
4000016657,66004.80,0.04796699,3166.05158155,1704155562886,false,true
4000016658,66001.69,0.01938060,1279.15235321,1704155562907,false,true
4000016659,66000.12,0.06160478,4065.92287257,1704155563011,true,true
4000016660,66000.69,0.06411420,4231.58143880,1704155563171,false,true
4000016661,66000.16,0.14069876,9286.14067180,1704155563267,false,true
4000016662,66000.08,0.06314463,4167.55063157,1704155563285,false,true
4000016663,65999.98,0.05693467,3757.68708131,1704155563446,false,true
4000016664,65998.43,0.02522291,1664.67246003,1704155563578,false,true
4000016665,65996.07,0.01764013,1164.17925429,1704155563669,false,true
4000016666,65997.20,0.04101824,2707.08898893,1704155563926,true,true
4000016667,65995.91,0.06509463,4295.97934296,1704155564097,true,true
4000016668,65996.60,0.10360192,6837.37447347,1704155564501,false,true
4000016669,65998.51,0.13965624,9217.10375220,1704155564507,true,true
4000016670,66000.68,0.04771801,3149.42110825,1704155564657,false,true
4000016671,66002.47,0.02463094,1625.70287842,1704155564680,false,true
4000016672,66001.51,0.01961894,1294.87966460,1704155564687,false,true
4000016673,66005.78,0.03621177,2390.18612403,1704155564904,true,true
4000016674,66006.74,0.01700543,1122.47299660,1704155564938,true,true
4000016675,66009.24,0.10929115,7214.22575023,1704155564985,true,true
4000016676,66007.83,0.04594027,3032.41753231,1704155565155,true,true
4000016677,66008.07,0.04535478,2993.78149307,1704155565162,false,true
4000016678,66007.39,0.02395367,1581.11923762,1704155565416,false,true
4000016679,66009.02,0.11910568,7862.04921323,1704155565417,false,true
4000016680,66007.69,0.07096428,4684.18819531,1704155565503,false,true
4000016681,66003.64,0.04428119,2922.71972353,1704155565626,false,true
4000016682,66001.85,0.08623081,5691.39298700,1704155565830,true,true
4000016683,65998.57,0.09374271,6186.88480792,1704155566085,false,true
4000016684,66001.17,0.02725277,1798.71470574,1704155566412,true,true
4000016685,65999.48,0.06688457,4414.34684002,1704155566871,true,true
4000016686,65998.22,0.16066944,10603.89704840,1704155567031,true,true
4000016687,65997.65,0.06546175,4320.32166489,1704155567115,false,true
4000016688,65995.64,0.03769056,2487.41262916,1704155567406,true,true
4000016689,65994.57,0.02126438,1403.33361442,1704155567465,true,true
4000016690,65995.34,0.02155812,1422.73545916,1704155567486,true,true
4000016691,65995.99,0.02636434,1739.94071900,1704155567598,true,true
4000016692,65994.44,0.07622893,5030.68554715,1704155567680,false,true
4000016693,65995.52,0.03273256,2160.20231813,1704155567689,true,true
4000016694,65997.85,0.12870368,8494.16616709,1704155567958,false,true
4000016695,65996.96,0.02486028,1640.70290475,1704155568093,false,true
4000016696,65997.50,0.17543399,11578.20475503,1704155568112,true,true
4000016697,65999.84,0.05991541,3954.40747353,1704155568186,false,true
4000016698,65999.89,0.04737970,3127.05498823,1704155568195,true,true
4000016699,66000.02,0.02508120,1655.35970162,1704155568200,true,true
4000016700,65998.47,0.03795247,2504.80495272,1704155568361,false,true
4000016701,65997.00,0.06916311,4564.55777067,1704155568431,false,true
4000016702,65997.67,0.14585760,9626.26175179,1704155569046,true,true
4000016703,65997.77,0.11561960,7630.63576829,1704155569069,true,true
4000016704,65996.61,0.20632981,13617.06800194,1704155569101,false,true
4000016705,65994.67,0.03974734,2623.11258668,1704155569149,false,true
4000016706,65997.72,0.05034185,3322.44732058,1704155569471,false,true
4000016707,65998.69,0.14264614,9414.45837356,1704155569729,true,true
4000016708,65999.35,0.05332505,3519.41863872,1704155569954,false,true
4000016709,65998.64,0.05094423,3362.24989585,1704155570348,false,true
4000016710,65996.83,0.04131661,2726.76528635,1704155570502,true,true
4000016711,65997.17,0.04359344,2877.04367056,1704155570725,false,true
4000016712,65996.67,0.09888162,6525.85764421,1704155570784,false,true
4000016713,65996.34,0.07249674,4784.51950193,1704155570841,false,true
4000016714,65995.38,0.03010656,1986.89386769,1704155571002,true,true
4000016715,65994.26,0.04027311,2657.79409235,1704155571107,true,true
4000016716,65995.15,0.07408565,4889.29358460,1704155571341,true,true
4000016717,65994.32,0.01375900,908.01584888,1704155571398,false,true
4000016718,65993.42,0.14515538,9579.29995760,1704155571634,true,true
4000016719,65990.48,0.06597274,4353.57277952,1704155572051,false,true
4000016720,65991.71,0.10159845,6704.65544885,1704155572169,false,true
4000016721,65989.71,0.05431586,3584.28784980,1704155572204,false,true
4000016722,65992.15,0.12850136,8480.08102432,1704155572318,true,true
4000016723,65990.92,0.14926904,9850.40127712,1704155572418,false,true
4000016724,65992.19,0.03575446,2359.51511767,1704155572623,false,true
4000016725,65992.55,0.05647133,3726.68706859,1704155573340,true,true
4000016726,65991.74,0.06460605,4263.46565403,1704155573360,false,true
4000016727,65993.25,0.04406365,2907.90347036,1704155573409,true,true
4000016728,65994.00,0.02049953,1352.84598282,1704155573461,false,true
4000016729,65995.08,0.10309878,6804.01223400,1704155573478,true,true
4000016730,65994.68,0.16450139,10856.21659261,1704155573506,false,true
4000016731,65993.19,0.02807989,1853.08151595,1704155573636,false,true
4000016732,65992.90,0.03715846,2452.19453493,1704155573677,false,true
4000016733,65993.71,0.04719408,3114.51242924,1704155573699,true,true
4000016734,65995.66,0.04177822,2757.18120253,1704155573723,true,true
4000016735,65994.62,0.02088556,1378.33459569,1704155573782,true,true
4000016736,65992.80,0.08036382,5303.43350050,1704155573849,false,true
4000016737,65995.20,0.12768238,8426.42420458,1704155573900,false,true
4000016738,65996.55,0.03927564,2592.05673904,1704155573953,false,true
4000016739,65997.47,0.03982326,2628.23440715,1704155574053,false,true
4000016740,65998.05,0.02451587,1617.99961405,1704155574449,false,true
4000016741,65997.83,0.04207330,2776.74650094,1704155574452,false,true
4000016742,65995.87,0.07621780,5030.06002049,1704155574533,true,true
4000016743,65996.48,0.02203129,1453.98758986,1704155574604,false,true
4000016744,65998.99,0.06526749,4307.58841984,1704155574846,true,true
4000016745,65995.85,0.03585655,2366.38349532,1704155574915,true,true
4000016746,65995.90,0.11373505,7506.04698629,1704155575000,true,true
4000016747,65998.18,0.15115910,9976.22549044,1704155575109,false,true
4000016748,65998.41,0.04851486,3201.90362137,1704155575270,true,true
4000016749,65996.63,0.05011856,3307.65606045,1704155575530,false,true
4000016750,65994.28,0.03014288,1989.25766273,1704155575530,false,true
4000016751,65993.21,0.02484906,1639.86923488,1704155575580,false,true
4000016752,65992.84,0.05447058,3594.66827065,1704155575662,false,true
4000016753,65993.62,0.06346992,4188.60978191,1704155575799,false,true
4000016754,65994.60,0.05268598,3476.99017571,1704155576060,true,true
4000016755,65994.10,0.05100395,3365.95977670,1704155576066,false,true
4000016756,65993.61,0.01229797,811.58743597,1704155576122,true,true
4000016757,65993.21,0.03950728,2607.21222557,1704155576479,true,true
4000016758,65990.42,0.02681758,1769.70336758,1704155576528,false,true
4000016759,65991.18,0.10646335,7025.64209325,1704155576559,false,true
4000016760,65989.86,0.10059676,6638.36610885,1704155576587,true,true
4000016761,65990.51,0.10874400,7176.07201944,1704155576616,true,true
4000016762,65990.14,0.04100771,2706.10452398,1704155576661,false,true
4000016763,65990.37,0.03639712,2401.85941573,1704155576787,true,true
4000016764,65991.02,0.12068128,7963.88076211,1704155576910,false,true
4000016765,65991.08,0.06943008,4581.76596369,1704155576978,false,true
4000016766,65988.39,0.02728051,1800.19693328,1704155577118,true,true
4000016767,65986.28,0.05473084,3611.48453288,1704155577406,false,true
4000016768,65986.43,0.04669628,3081.32081148,1704155577496,true,true
4000016769,65986.69,0.05543591,3658.03220804,1704155577796,true,true
4000016770,65986.65,0.04539093,2995.19541108,1704155577898,true,true
4000016771,65985.41,0.06652811,4389.88461488,1704155577949,true,true
4000016772,65986.37,0.04842110,3195.13262041,1704155577975,true,true
4000016773,65986.47,0.12328450,8135.10896072,1704155578019,false,true
4000016774,65984.03,0.06669200,4400.60692876,1704155578107,true,true
4000016775,65984.45,0.04718823,3113.68940302,1704155578618,false,true
4000016776,65985.11,0.03703406,2443.69652285,1704155578770,false,true
4000016777,65984.41,0.08729595,5760.17175614,1704155578801,false,true
4000016778,65987.64,0.03462793,2285.01537879,1704155579157,false,true
4000016779,65988.06,0.02810889,1854.85111985,1704155579319,true,true
4000016780,65988.32,0.02344102,1546.83352889,1704155579361,true,true
4000016781,65989.80,0.02555910,1686.63989718,1704155579748,false,true
4000016782,65987.30,0.09417963,6214.65949870,1704155579980,false,true
4000016783,65988.44,0.05194188,3427.56363187,1704155580185,true,true
4000016784,65988.47,0.04753105,3136.50126699,1704155580218,false,true
4000016785,65989.78,0.03791163,2501.78012314,1704155580235,true,true
4000016786,65990.34,0.03981128,2627.15990304,1704155580238,true,true
4000016787,65990.83,0.07972974,5261.43171828,1704155580348,false,true
4000016788,65990.23,0.05084239,3355.10100985,1704155580348,true,true
4000016789,65990.65,0.07508819,4955.11846542,1704155580499,true,true
4000016790,65992.54,0.04617433,3047.16131950,1704155580565,true,true
4000016791,65990.06,0.08928781,5892.10793917,1704155580879,true,true
4000016792,65989.27,0.03509881,2316.14484977,1704155580995,true,true
4000016793,65988.46,0.02610458,1722.60103315,1704155581217,false,true
4000016794,65991.20,0.08084081,5334.78206087,1704155581238,false,true
4000016795,65989.08,0.02796131,1845.14112249,1704155581261,false,true
4000016796,65989.58,0.07157504,4723.20682808,1704155581289,false,true
4000016797,65991.31,0.10487106,6920.57863049,1704155581321,true,true
4000016798,65991.81,0.05254038,3467.23477429,1704155581485,false,true
4000016799,65992.47,0.07952109,5247.79314619,1704155581488,false,true
4000016800,65993.14,0.06678883,4407.60460863,1704155581539,false,true
4000016801,65991.06,0.04901985,3234.87186254,1704155581542,false,true
4000016802,65990.26,0.05529628,3649.01589423,1704155581690,false,true
4000016803,65989.60,0.08520570,5622.69006072,1704155581779,false,true
4000016804,65988.18,0.06514968,4299.10881078,1704155581990,false,true
4000016805,65988.45,0.03162449,2086.85107714,1704155582031,true,true
4000016806,65988.79,0.16001415,10559.14014138,1704155582063,false,true
4000016807,65987.88,0.08255302,5447.49877740,1704155582129,true,true
4000016808,65990.24,0.05459701,3602.86979318,1704155582213,true,true
4000016809,65990.54,0.01259077,830.87171132,1704155582262,true,true
4000016810,65989.49,0.05622728,3710.40953129,1704155582322,false,true
4000016811,65990.60,0.04649908,3068.50218865,1704155582354,true,true
4000016812,65989.57,0.03986558,2630.71248200,1704155582386,true,true
4000016813,65987.06,0.05034894,3322.37852472,1704155582432,true,true
4000016814,65987.37,0.03236138,2135.44235577,1704155582435,true,true
4000016815,65987.54,0.10394926,6859.35595222,1704155582537,false,true
4000016816,65988.59,0.10091114,6658.98384389,1704155582726,false,true
4000016817,65988.29,0.02592879,1710.99651387,1704155582836,true,true
4000016818,65990.14,0.02608640,1721.44518810,1704155582877,true,true
4000016819,65990.73,0.02040664,1346.64907045,1704155583064,true,true
4000016820,65991.76,0.03401506,2244.71367591,1704155583151,true,true
4000016821,65992.51,0.09942836,6561.52704158,1704155583159,false,true
4000016822,65992.54,0.04136584,2729.83685083,1704155583170,false,true
4000016823,65992.34,0.10674009,7044.02831091,1704155583225,true,true
4000016824,65994.97,0.10240536,6758.23866104,1704155583467,false,true
4000016825,65994.73,0.19072108,12586.58617991,1704155583493,true,true
4000016826,65996.46,0.01517659,1001.60121487,1704155583494,true,true
4000016827,65994.69,0.02654123,1751.58024607,1704155583593,true,true
4000016828,65995.92,0.02858272,1886.34290250,1704155583787,false,true
4000016829,65995.24,0.03048747,2012.02789964,1704155583805,false,true
4000016830,65995.71,0.02779845,1834.57844465,1704155583810,true,true
4000016831,65995.22,0.05540285,3656.32327438,1704155583871,false,true
4000016832,65993.68,0.01154981,762.21446520,1704155583890,true,true
4000016833,65993.07,0.02781633,1835.68501283,1704155583960,false,true
4000016834,65992.58,0.06297777,4156.06552495,1704155584093,true,true
4000016835,65994.42,0.11022797,7274.43094793,1704155584227,false,true
4000016836,65996.77,0.01335238,881.21395181,1704155584268,false,true
4000016837,65996.31,0.03136529,2069.99340208,1704155584411,true,true
4000016838,65993.33,0.06467972,4268.43010627,1704155584449,true,true
4000016839,65994.17,0.03560507,2349.72704244,1704155584480,false,true
4000016840,65994.24,0.06116764,4036.71191439,1704155584522,true,true
4000016841,65993.64,0.12857319,8485.01281451,1704155584682,false,true
4000016842,65993.50,0.05019697,3312.67373970,1704155584825,true,true
4000016843,65992.87,0.06280730,4144.83398395,1704155585135,true,true
4000016844,65995.07,0.06917949,4565.50528511,1704155585311,true,true
4000016845,65996.27,0.07440388,4910.37855353,1704155585317,false,true
4000016846,65996.49,0.01776669,1172.53917892,1704155585372,false,true
4000016847,65996.53,0.02735317,1805.21430450,1704155585495,true,true
4000016848,65996.27,0.04966593,3277.76612608,1704155585590,true,true
4000016849,65996.64,0.03983075,2628.69566868,1704155585687,true,true
4000016850,65995.50,0.03483531,2298.97370111,1704155585736,true,true
4000016851,65995.99,0.05529538,3649.27334553,1704155585893,false,true
4000016852,65997.90,0.04167065,2750.17539163,1704155585900,true,true
4000016853,65997.96,0.03903780,2576.41516289,1704155585924,true,true
4000016854,65997.76,0.02545193,1679.77036768,1704155586109,false,true
4000016855,65997.45,0.06811124,4495.16815634,1704155586175,false,true
4000016856,65994.79,0.07512135,4957.61771777,1704155586454,false,true
4000016857,65993.33,0.03579840,2362.45562467,1704155586529,false,true
4000016858,65992.83,0.02319315,1530.58160511,1704155586630,true,true
4000016859,65993.13,0.10644355,7024.54303281,1704155586764,true,true
4000016860,65991.99,0.09569469,6315.08302553,1704155586778,false,true
4000016861,65992.22,0.03988291,2631.96177096,1704155587073,true,true
4000016862,65991.82,0.03156223,2082.84900096,1704155587088,true,true
4000016863,65991.79,0.04461840,2944.44808294,1704155587118,false,true
4000016864,65989.88,0.02173840,1434.51440739,1704155587191,false,true
4000016865,65989.24,0.01857168,1225.53104872,1704155587220,false,true
4000016866,65990.46,0.02119815,1398.87566965,1704155587287,false,true
4000016867,65989.36,0.10596761,6992.73476463,1704155587350,true,true
4000016868,65991.49,0.06550759,4322.94347041,1704155587500,false,true
4000016869,65990.87,0.03808673,2513.37644816,1704155587520,true,true
4000016870,65991.03,0.04396939,2901.58533457,1704155588181,false,true
4000016871,65992.31,0.04803576,3169.99076501,1704155588206,true,true
4000016872,65992.66,0.04033059,2661.52291347,1704155588395,false,true
4000016873,65992.29,0.11106193,7329.23109252,1704155588556,true,true
4000016874,65992.46,0.15123260,9980.21130620,1704155588699,false,true
4000016875,65992.39,0.06394700,4220.01536333,1704155588719,false,true
4000016876,65993.05,0.03445441,2273.75160185,1704155588885,true,true
4000016877,65992.76,0.03797603,2506.14303354,1704155588915,false,true
4000016878,65993.98,0.03996816,2637.65795168,1704155589239,false,true
4000016879,65992.38,0.09150521,6038.64659030,1704155589349,true,true
4000016880,65993.71,0.04629472,3055.16032621,1704155589385,false,true
4000016881,65993.93,0.02858355,1886.34079785,1704155590444,false,true
4000016882,65994.34,0.02112158,1393.90473186,1704155591023,false,true
4000016883,65995.07,0.10380126,6850.37141979,1704155591058,false,true
4000016884,65996.98,0.01233689,814.19748259,1704155591131,true,true
4000016885,65995.60,0.06862709,4529.08598080,1704155591261,true,true
4000016886,65995.17,0.15321515,10111.45987083,1704155591280,false,true
4000016887,65993.58,0.08277881,5462.87002004,1704155591506,false,true
4000016888,65996.01,0.06758334,4460.23078247,1704155591529,false,true
4000016889,65996.09,0.06263796,4133.86044558,1704155591661,false,true
4000016890,65994.13,0.03048233,2011.65484872,1704155591840,true,true
4000016891,65994.07,0.01100983,726.58349171,1704155591847,false,true
4000016892,65993.28,0.07242623,4779.64447573,1704155591909,true,true
4000016893,65992.81,0.04157128,2743.40558250,1704155592146,true,true
4000016894,65990.04,0.05717399,3772.91388706,1704155592242,true,true
4000016895,65990.75,0.04121155,2719.58109316,1704155592370,true,true
4000016896,65989.89,0.04176207,2755.87440547,1704155592393,false,true
4000016897,65992.05,0.08978723,5925.24337152,1704155592513,true,true
4000016898,65990.41,0.05221498,3445.68793834,1704155592580,true,true
4000016899,65991.67,0.15942914,10520.99519526,1704155592728,true,true
4000016900,65992.92,0.06958391,4592.04540592,1704155592825,false,true
4000016901,65989.45,0.14411881,9510.32100655,1704155592961,false,true
4000016902,65988.73,0.03378487,2229.42066452,1704155593067,false,true
4000016903,65991.14,0.05167295,3409.95687766,1704155593088,true,true
4000016904,65990.29,0.08072378,5326.98565210,1704155593212,true,true
4000016905,65989.81,0.01674554,1105.03500295,1704155593314,true,true
4000016906,65990.40,0.02495919,1647.06693178,1704155593393,true,true
4000016907,65992.60,0.08009397,5285.60932462,1704155593421,true,true
4000016908,65992.32,0.03278391,2163.48627957,1704155593447,true,true
4000016909,65993.12,0.06757498,4459.48376414,1704155593595,false,true
4000016910,65992.47,0.02633277,1737.76453424,1704155593754,false,true
4000016911,65992.19,0.08271310,5458.41861069,1704155593847,true,true
4000016912,65994.97,0.02843270,1876.41518352,1704155593980,true,true
4000016913,65995.59,0.03310580,2184.83680342,1704155594096,true,true
4000016914,65996.50,0.06332889,4179.48508888,1704155594127,true,true
4000016915,65994.53,0.05695992,3759.04314924,1704155594577,false,true
4000016916,65994.49,0.05142587,3393.82406346,1704155594640,true,true
4000016917,65995.95,0.06138227,4050.98122181,1704155594640,false,true
4000016918,65996.04,0.05767725,3806.47009809,1704155594722,true,true
4000016919,65993.98,0.07673164,5063.82631553,1704155595131,false,true
4000016920,65992.21,0.09678166,6386.83563087,1704155595136,false,true
4000016921,65991.81,0.10574543,6978.33232493,1704155595696,false,true
4000016922,65991.29,0.14793371,9762.33635739,1704155595831,true,true
4000016923,65992.27,0.06884543,4543.26620483,1704155596237,false,true
4000016924,65992.37,0.13807512,9111.90440683,1704155596465,true,true
4000016925,65991.52,0.11066016,7302.63216184,1704155596651,true,true
4000016926,65991.04,0.06547018,4320.44526719,1704155596679,false,true
4000016927,65990.55,0.04774634,3150.80723709,1704155596859,true,true
4000016928,65988.53,0.05124292,3381.44496371,1704155596864,true,true
4000016929,65989.12,0.03593003,2370.99106127,1704155597169,true,true
4000016930,65990.13,0.05137290,3390.10434948,1704155597527,false,true
4000016931,65988.33,0.02215089,1461.70023911,1704155597604,false,true
4000016932,65987.42,0.06510301,4295.97966413,1704155597694,true,true
4000016933,65986.71,0.04944555,3262.74916864,1704155597807,true,true
4000016934,65984.18,0.05659010,3734.05134462,1704155597838,true,true
4000016935,65984.60,0.06271777,4138.40696634,1704155597844,true,true
4000016936,65984.08,0.04068729,2684.71339834,1704155597937,true,true
4000016937,65985.51,0.10029849,6618.24701488,1704155598202,true,true
4000016938,65982.70,0.02794714,1844.02775448,1704155598431,true,true
4000016939,65982.33,0.11383694,7511.22654127,1704155598657,true,true
4000016940,65982.60,0.08938604,5897.92332290,1704155598950,true,true
4000016941,65980.96,0.03017695,1991.10413087,1704155598964,false,true
4000016942,65980.66,0.04500137,2969.22009350,1704155599055,true,true
4000016943,65982.07,0.11770176,7766.20576744,1704155599289,false,true
4000016944,65979.92,0.03683410,2430.31097127,1704155599347,false,true
4000016945,65978.67,0.05739257,3786.68543648,1704155599365,false,true
4000016946,65978.20,0.03018448,1991.51765834,1704155599491,false,true
4000016947,65978.72,0.05196647,3428.68117352,1704155599797,true,true
4000016948,65979.55,0.02876621,1897.98159101,1704155599916,false,true
4000016949,65977.96,0.11056973,7295.16522315,1704155600001,true,true
4000016950,65975.62,0.05414128,3572.00451559,1704155600099,true,true
4000016951,65975.94,0.02572902,1697.49627978,1704155600100,false,true
4000016952,65974.06,0.02270609,1498.01294403,1704155600215,true,true
4000016953,65976.26,0.13323403,8790.28300413,1704155600284,false,true
4000016954,65977.16,0.07421473,4896.47711557,1704155600381,true,true
4000016955,65976.05,0.07870479,5192.63116028,1704155600566,true,true
4000016956,65976.34,0.00992277,654.66804726,1704155600807,false,true
4000016957,65975.35,0.03067047,2023.49499291,1704155600957,false,true
4000016958,65975.29,0.01307173,862.41117755,1704155600987,false,true
4000016959,65977.34,0.07799294,5145.76671998,1704155600994,false,true
4000016960,65977.86,0.10444445,6891.02129988,1704155601048,false,true
4000016961,65978.24,0.08557385,5646.01201302,1704155601049,true,true
4000016962,65977.09,0.08834436,5828.70379071,1704155601075,false,true
4000016963,65976.60,0.03070489,2025.80424557,1704155601118,true,true
4000016964,65977.12,0.08160746,5384.22518132,1704155601426,false,true
4000016965,65981.47,0.01663001,1097.27250591,1704155601517,false,true
4000016966,65982.19,0.22102356,14583.61853040,1704155601578,true,true
4000016967,65983.63,0.07617789,5026.49370794,1704155601603,true,true
4000016968,65982.24,0.10078558,6650.05832810,1704155601618,true,true
4000016969,65981.64,0.02316586,1528.52143481,1704155601793,true,true
4000016970,65980.79,0.03181694,2099.30683658,1704155601954,false,true
4000016971,65980.92,0.02239887,1477.89804956,1704155602023,true,true
4000016972,65980.77,0.12927986,8529.98470829,1704155602360,false,true
4000016973,65983.14,0.05704177,3763.79509576,1704155602514,true,true
4000016974,65986.19,0.08947383,5904.03714641,1704155602712,true,true
4000016975,65985.92,0.02336543,1541.78939475,1704155602865,true,true
4000016976,65984.72,0.04862162,3208.28398165,1704155602905,true,true
4000016977,65987.76,0.04376307,2887.82696002,1704155603060,false,true
4000016978,65988.34,0.03157567,2083.62604769,1704155603171,false,true
4000016979,65987.76,0.03867885,2552.33067088,1704155603235,false,true
4000016980,65987.06,0.04238841,2797.08655397,1704155603266,true,true
4000016981,65986.83,0.01397659,922.27086831,1704155603287,true,true
4000016982,65988.36,0.04505606,2973.17550746,1704155603387,true,true
4000016983,65987.98,0.06261021,4131.52128528,1704155603538,false,true
4000016984,65988.30,0.11102216,7326.16360073,1704155603563,false,true
4000016985,65988.86,0.03005150,1983.06422629,1704155603565,true,true
4000016986,65988.96,0.03057877,2017.86123038,1704155603763,true,true
4000016987,65988.14,0.04896803,3231.30921916,1704155603961,true,true
4000016988,65991.12,0.05762471,3802.71915258,1704155604048,true,true
4000016989,65988.32,0.03218640,2123.92646285,1704155604337,true,true
4000016990,65989.04,0.15368731,10141.67804708,1704155604375,true,true
4000016991,65988.10,0.03138511,2071.04377719,1704155604429,true,true
4000016992,65989.52,0.09738405,6426.32671516,1704155604652,false,true
4000016993,65990.03,0.02315866,1528.24066816,1704155604829,false,true
4000016994,65992.69,0.03803705,2510.16724916,1704155604876,true,true
4000016995,65993.35,0.01707735,1126.99153562,1704155605078,true,true
4000016996,65991.02,0.09413010,6211.74131170,1704155605100,false,true
4000016997,65991.54,0.05098620,3364.65785675,1704155605183,false,true
4000016998,65989.15,0.03453780,2279.12006487,1704155605211,true,true
4000016999,65989.50,0.07436403,4907.24515768,1704155605223,true,true
4000017000,65990.23,0.03952096,2607.99724022,1704155605693,true,true
4000017001,65987.96,0.06044906,3988.91015332,1704155605705,true,true
4000017002,65986.82,0.04548064,3001.12280516,1704155605813,false,true
4000017003,65987.64,0.05184326,3421.01437731,1704155606049,false,true
4000017004,65987.18,0.10637027,7019.07415314,1704155606460,false,true
4000017005,65986.48,0.07782617,5135.47501018,1704155606549,true,true
4000017006,65985.75,0.09096437,6002.35217773,1704155607074,true,true
4000017007,65986.59,0.05249670,3464.07821925,1704155607465,true,true
4000017008,65983.98,0.06952462,4587.51113559,1704155607518,true,true
4000017009,65986.43,0.06576448,4339.56325601,1704155607546,true,true
4000017010,65985.37,0.01944916,1283.36001879,1704155607995,false,true
4000017011,65981.99,0.11084575,7313.82316804,1704155608139,true,true
4000017012,65980.66,0.04295171,2833.98217393,1704155608293,false,true
4000017013,65982.53,0.03578579,2361.23696225,1704155608320,true,true
4000017014,65984.17,0.06835504,4510.35057972,1704155608637,false,true
4000017015,65984.86,0.05733445,3783.20565643,1704155609357,true,true
4000017016,65984.79,0.01666169,1099.41811570,1704155609405,false,true
4000017017,65984.12,0.04678839,3087.29074037,1704155609542,true,true
4000017018,65985.35,0.13174020,8692.92320607,1704155609544,true,true
4000017019,65986.44,0.01328081,876.35337222,1704155609567,false,true
4000017020,65986.30,0.05721197,3775.20621601,1704155609577,true,true
4000017021,65983.01,0.05814839,3836.80579885,1704155609680,true,true
4000017022,65986.73,0.06121642,4039.47137811,1704155609830,false,true
4000017023,65991.28,0.05722824,3776.56480975,1704155609878,false,true
4000017024,65991.51,0.04290610,2831.43832721,1704155610088,true,true
4000017025,65991.22,0.06163275,4067.22036445,1704155610291,true,true
4000017026,65990.97,0.04387759,2895.52472536,1704155610315,true,true
4000017027,65992.43,0.02109385,1392.03441956,1704155610580,false,true
4000017028,65991.79,0.02206142,1455.87259574,1704155610657,false,true
4000017029,65991.49,0.02165320,1428.92693127,1704155610663,false,true
4000017030,65990.22,0.09521929,6283.54189534,1704155610680,true,true
4000017031,65990.99,0.15277460,10081.74710085,1704155610929,true,true
4000017032,65991.00,0.06290074,4150.88273334,1704155611093,false,true
4000017033,65990.22,0.09407468,6208.00882963,1704155611401,false,true
4000017034,65992.18,0.08088522,5337.79199758,1704155611596,true,true
4000017035,65994.95,0.12869032,8492.91123388,1704155611740,true,true
4000017036,65994.89,0.06279766,4144.32466396,1704155611806,true,true
4000017037,65994.94,0.05526897,3647.47235901,1704155612024,false,true
4000017038,65993.98,0.02445433,1613.83856493,1704155612055,true,true
4000017039,65993.80,0.05894922,3890.28303484,1704155612515,true,true
4000017040,65992.34,0.02730626,1802.00399405,1704155612549,false,true
4000017041,65989.99,0.02342550,1545.84851075,1704155612562,true,true
4000017042,65989.91,0.02860942,1887.93305095,1704155612603,false,true
4000017043,65988.46,0.04289500,2830.57499170,1704155612742,false,true
4000017044,65989.18,0.01961940,1294.66811809,1704155612792,false,true
4000017045,65991.67,0.03273939,2160.52702088,1704155612813,false,true
4000017046,65994.35,0.07792401,5142.54438934,1704155612839,true,true
4000017047,65996.64,0.04851192,3201.62371995,1704155612841,true,true
4000017048,65998.08,0.06067568,4004.47838269,1704155613040,true,true
4000017049,65999.09,0.05177785,3417.29098216,1704155613129,true,true
4000017050,65998.64,0.06781107,4475.43839694,1704155613165,false,true
4000017051,65997.40,0.05544152,3658.99617205,1704155613496,true,true
4000017052,65999.25,0.02120140,1399.27649895,1704155613515,true,true
4000017053,65996.41,0.15793577,10423.19383059,1704155613536,false,true
4000017054,65997.51,0.07615410,5025.98097629,1704155613584,false,true
4000017055,65997.60,0.02042898,1348.26365045,1704155613826,false,true
4000017056,65998.01,0.05388041,3555.99983798,1704155613950,true,true
4000017057,65996.05,0.02324066,1533.79175939,1704155613974,true,true
4000017058,65997.17,0.00775585,511.86415094,1704155614092,false,true
4000017059,65997.19,0.04482761,2958.49629442,1704155614135,false,true
4000017060,65996.78,0.05875395,3877.57151228,1704155614153,false,true
4000017061,65997.45,0.04056721,2677.33241361,1704155614216,true,true
4000017062,65999.16,0.03464161,2286.31716105,1704155614298,false,true
4000017063,66000.21,0.01916558,1264.93230477,1704155614433,false,true
4000017064,66000.07,0.03180827,2099.34804658,1704155614539,false,true
4000017065,65998.94,0.06121504,4040.12775206,1704155614632,true,true
4000017066,65999.91,0.02440800,1610.92580328,1704155614765,false,true
4000017067,65998.47,0.04966735,3277.96910895,1704155614774,false,true
4000017068,65998.96,0.04071241,2686.97671909,1704155615013,true,true
4000017069,66000.92,0.02180352,1439.05237924,1704155615131,false,true
4000017070,66001.06,0.02206398,1456.24606782,1704155615198,false,true
4000017071,66000.26,0.04489750,2963.24667335,1704155615224,false,true
4000017072,65999.18,0.07883567,5203.08957475,1704155615470,false,true
4000017073,65998.89,0.06555962,4326.86214882,1704155615497,true,true
4000017074,65996.47,0.01974163,1302.87789205,1704155615662,true,true
4000017075,65995.67,0.13479568,8895.93121471,1704155615665,true,true
4000017076,65994.49,0.06181829,4079.66652122,1704155616355,false,true
4000017077,65993.83,0.04897787,3232.23722654,1704155616413,false,true
4000017078,65993.93,0.10497715,6927.85468870,1704155616773,false,true
4000017079,65995.99,0.03628324,2394.54834421,1704155617020,true,true
4000017080,65998.22,0.13897393,9172.03200640,1704155617105,true,true
4000017081,65997.98,0.07012167,4627.88857423,1704155617294,false,true
4000017082,66000.51,0.04665401,3079.18845355,1704155617493,true,true
4000017083,66001.20,0.05109746,3372.49367695,1704155617829,false,true
4000017084,66001.54,0.06649092,4388.50311602,1704155618006,true,true
4000017085,66003.65,0.13192924,8707.81138173,1704155618019,false,true
4000017086,66001.68,0.03022722,1995.04730173,1704155618108,false,true
4000017087,66002.74,0.15776113,10412.66684550,1704155618197,false,true
4000017088,66002.55,0.05250715,3465.60579323,1704155618354,false,true
4000017089,66003.44,0.06770898,4469.02559889,1704155618383,false,true
4000017090,66007.05,0.02293869,1514.11525776,1704155618410,false,true
4000017091,66006.76,0.05579367,3682.75938521,1704155618559,true,true
4000017092,66008.23,0.11282653,7447.47954234,1704155618587,true,true
4000017093,66010.73,0.08194889,5409.50605159,1704155618653,true,true
4000017094,66011.70,0.03120070,2059.61124819,1704155618686,false,true
4000017095,66012.49,0.03145951,2076.72058928,1704155618719,false,true
4000017096,66013.14,0.05226104,3449.91535007,1704155618729,false,true
4000017097,66013.50,0.05284353,3488.38636765,1704155618759,true,true
4000017098,66011.73,0.06757032,4460.43371985,1704155618780,true,true
4000017099,66012.53,0.18836634,12434.53867024,1704155618834,false,true
4000017100,66012.58,0.02844055,1877.43408212,1704155619062,false,true
4000017101,66011.52,0.02451783,1618.45922540,1704155619408,false,true
4000017102,66012.56,0.14001840,9242.97303110,1704155619615,false,true
4000017103,66013.24,0.03998836,2639.76120589,1704155619615,true,true
4000017104,66015.84,0.04063665,2682.66258454,1704155619626,true,true
4000017105,66015.49,0.05138356,3392.11089134,1704155619771,true,true
4000017106,66016.14,0.09481911,6259.59164044,1704155619965,true,true
4000017107,66014.87,0.05788337,3821.16314571,1704155620014,false,true
4000017108,66013.83,0.03096332,2044.00734272,1704155620030,false,true
4000017109,66015.22,0.06865195,4532.07358268,1704155620199,true,true
4000017110,66016.34,0.04906984,3239.41124119,1704155620426,false,true
4000017111,66015.58,0.07308015,4824.42848874,1704155620658,true,true
4000017112,66017.83,0.02112580,1394.67947301,1704155621090,false,true
4000017113,66017.08,0.03993722,2636.53864772,1704155621099,true,true
4000017114,66018.18,0.09029477,5961.09637892,1704155621187,true,true
4000017115,66018.83,0.05120136,3380.25388161,1704155621331,false,true
4000017116,66018.14,0.07342725,4847.53047031,1704155621405,false,true
4000017117,66018.47,0.06993117,4616.74884871,1704155621607,false,true
4000017118,66020.28,0.09121866,6022.28147442,1704155621730,false,true
4000017119,66019.41,0.04211285,2780.26551042,1704155621800,false,true
4000017120,66019.28,0.03597130,2374.79932666,1704155622247,false,true
4000017121,66019.16,0.09445177,6235.62651591,1704155622444,false,true
4000017122,66019.99,0.05831751,3850.12142702,1704155622537,false,true
4000017123,66020.56,0.08007355,5286.50061219,1704155622647,false,true
4000017124,66018.75,0.06341604,4186.64769075,1704155622831,false,true
4000017125,66018.88,0.05781582,3816.93568268,1704155623162,true,true
4000017126,66018.28,0.04185405,2763.13239203,1704155623305,false,true
4000017127,66020.42,0.01815989,1198.92356495,1704155623511,false,true
4000017128,66020.87,0.03716296,2453.53095098,1704155624085,true,true
4000017129,66022.37,0.07787241,5141.32106581,1704155624138,true,true
4000017130,66025.12,0.09729788,6424.10420275,1704155624393,true,true
4000017131,66023.94,0.01369477,904.18267279,1704155624408,false,true
4000017132,66023.46,0.07229437,4773.12444592,1704155624557,false,true
4000017133,66023.88,0.11355005,7497.01487519,1704155624560,false,true
4000017134,66023.10,0.16830281,11111.87325491,1704155624800,true,true
4000017135,66022.72,0.01529387,1009.74289673,1704155625019,false,true
4000017136,66022.00,0.06860731,4529.59182082,1704155625146,false,true
4000017137,66020.03,0.06905162,4558.79002395,1704155625535,true,true
4000017138,66021.31,0.07569903,4997.74912633,1704155625696,false,true
4000017139,66022.20,0.03454621,2280.81678586,1704155625766,true,true
4000017140,66023.93,0.15979902,10550.55931055,1704155626012,false,true
4000017141,66022.95,0.06979255,4607.91003902,1704155626076,true,true
4000017142,66019.62,0.05573731,3679.75602602,1704155626220,true,true
4000017143,66020.19,0.02862471,1889.80879289,1704155626294,true,true
4000017144,66019.98,0.03541392,2338.02629012,1704155626515,true,true
4000017145,66021.89,0.06570838,4338.19143644,1704155626531,false,true
4000017146,66022.28,0.06041703,3988.87007143,1704155626894,true,true
4000017147,66021.05,0.05163198,3408.79753318,1704155627175,false,true
4000017148,66019.00,0.03930345,2594.77446555,1704155627207,true,true
4000017149,66018.86,0.05996361,3958.72917368,1704155627368,false,true
4000017150,66018.74,0.05060317,3340.75752341,1704155627679,false,true
4000017151,66017.21,0.03801165,2509.42308050,1704155627802,true,true
4000017152,66016.31,0.06208905,4098.88997241,1704155627819,false,true
4000017153,66014.91,0.18822925,12425.93699812,1704155628040,true,true
4000017154,66014.23,0.05458617,3603.46398120,1704155628350,false,true
4000017155,66011.55,0.08122840,5362.01258802,1704155628358,true,true
4000017156,66007.89,0.14446072,9535.54731508,1704155628396,false,true
4000017157,66006.92,0.09520745,6284.35053555,1704155628567,true,true
4000017158,66004.83,0.04395661,2901.34857043,1704155628768,true,true
4000017159,66004.75,0.06906672,4558.73158692,1704155629057,false,true
4000017160,66004.50,0.01860152,1227.78402684,1704155629100,true,true
4000017161,66003.46,0.08775198,5791.93430185,1704155629668,true,true
4000017162,66003.28,0.06579321,4342.56766173,1704155629937,false,true
4000017163,66001.77,0.05129286,3385.41954836,1704155630010,true,true
4000017164,66005.26,0.03871341,2555.28869254,1704155630033,false,true
4000017165,66005.60,0.03996030,2637.60357768,1704155630129,false,true
4000017166,66005.81,0.07243083,4780.85560312,1704155630188,false,true
4000017167,66005.13,0.04662869,3077.73274518,1704155630245,false,true
4000017168,66005.96,0.03066544,2024.10180602,1704155630660,false,true
4000017169,66004.65,0.04553894,3005.78179607,1704155630771,true,true
4000017170,66005.11,0.04496091,2967.64981025,1704155630903,false,true
4000017171,66002.08,0.17007216,11225.11631009,1704155631004,true,true
4000017172,66000.02,0.07259439,4791.23119189,1704155631216,false,true
4000017173,66000.58,0.08382000,5532.16861560,1704155631475,false,true
4000017174,66000.44,0.04661777,3076.79333182,1704155631493,false,true
4000017175,66001.31,0.06125552,4042.94456473,1704155631810,false,true
4000017176,66002.09,0.03265566,2155.34181033,1704155631874,true,true
4000017177,66001.43,0.04942403,3262.05665636,1704155631875,true,true
4000017178,65997.83,0.03131964,2067.02827638,1704155631953,true,true
4000017179,65998.23,0.06380014,4210.69631375,1704155631999,true,true
4000017180,65998.89,0.06392207,4218.78566650,1704155632057,true,true
4000017181,65999.88,0.07550059,4983.02987993,1704155632091,true,true
4000017182,65998.87,0.01019491,672.85253975,1704155632103,false,true
4000017183,66000.32,0.02547368,1681.27103158,1704155632174,true,true
4000017184,65997.70,0.02052018,1354.28468359,1704155632311,true,true
4000017185,65996.53,0.05487673,3621.67375775,1704155632407,true,true
4000017186,65997.66,0.11506051,7593.72441841,1704155632636,false,true
4000017187,65998.34,0.07795335,5144.79169744,1704155632672,true,true
4000017188,65997.25,0.07887660,5205.63868935,1704155632702,true,true
4000017189,65996.37,0.02677483,1767.04158737,1704155632776,false,true
4000017190,65995.89,0.04457753,2941.93376635,1704155632893,true,true
4000017191,65996.64,0.03272313,2159.61663028,1704155632906,false,true
4000017192,65997.04,0.02708790,1787.72121982,1704155633103,true,true
4000017193,65996.26,0.11153660,7360.99845312,1704155633118,true,true
4000017194,65995.46,0.03453462,2279.12813283,1704155633136,false,true
4000017195,65996.55,0.04468483,2949.04461734,1704155633503,false,true
4000017196,65995.70,0.04111059,2713.12216446,1704155633554,true,true
4000017197,65998.47,0.10589558,6988.94625976,1704155633709,true,true
4000017198,65999.43,0.14225240,9388.57731613,1704155633820,true,true
4000017199,65999.51,0.04427450,2922.09530550,1704155633859,true,true
4000017200,65995.78,0.08046723,5310.49760829,1704155634208,false,true
4000017201,65995.96,0.05579275,3682.09609729,1704155634294,true,true
4000017202,65992.28,0.07614814,5025.18937636,1704155634882,false,true
4000017203,65994.37,0.03739602,2467.92678041,1704155635202,true,true
4000017204,65995.98,0.06280899,4145.14084786,1704155635588,true,true
4000017205,65996.04,0.06671561,4402.96606618,1704155635681,true,true
4000017206,65994.77,0.05926832,3911.39914669,1704155635737,false,true
4000017207,65996.00,0.03651154,2409.61559384,1704155635867,true,true
4000017208,65994.66,0.01147299,757.15607423,1704155635958,false,true
4000017209,65992.19,0.04246786,2802.54708601,1704155636073,true,true
4000017210,65992.17,0.10808260,7132.60531324,1704155636090,true,true
4000017211,65991.80,0.01328951,876.99868602,1704155636104,true,true
4000017212,65992.28,0.02925016,1930.28474876,1704155636297,true,true
4000017213,65992.31,0.07858070,5185.72191442,1704155636611,false,true
4000017214,65990.45,0.05702242,3762.93515589,1704155636630,true,true
4000017215,65993.59,0.04126726,2723.37463686,1704155636643,true,true
4000017216,65990.62,0.06462340,4264.53823251,1704155636649,true,true
4000017217,65991.65,0.01301287,858.74076254,1704155636727,true,true
4000017218,65990.87,0.02371830,1565.19125192,1704155636759,false,true
4000017219,65991.08,0.02204152,1454.54370964,1704155636905,true,true
4000017220,65990.76,0.01309474,864.13184460,1704155637032,true,true
4000017221,65991.59,0.03928518,2592.49149164,1704155637057,false,true
4000017222,65989.94,0.09408129,6208.41868222,1704155637103,false,true
4000017223,65989.63,0.06101176,4026.14346805,1704155637212,false,true
4000017224,65989.04,0.06037885,3984.34234780,1704155637308,true,true
4000017225,65989.65,0.03317533,2189.22841533,1704155637393,false,true
4000017226,65990.29,0.02576046,1699.94022593,1704155637601,true,true
4000017227,65991.37,0.05396793,3561.41763676,1704155637669,true,true
4000017228,65993.04,0.05346472,3528.29940555,1704155637705,false,true
4000017229,65990.88,0.01831365,1208.53387951,1704155637776,true,true
4000017230,65990.04,0.08041452,5306.55739138,1704155637952,false,true
4000017231,65989.58,0.03079980,2032.46586608,1704155638059,false,true
4000017232,65989.62,0.10476229,6913.22370743,1704155638163,true,true
4000017233,65988.96,0.10114143,6674.21777861,1704155638187,false,true
4000017234,65990.95,0.05398447,3562.48646055,1704155638248,false,true
4000017235,65991.64,0.12272054,8098.52969629,1704155638384,false,true
4000017236,65990.87,0.02319630,1530.74401778,1704155638401,true,true
4000017237,65990.09,0.02750420,1815.00463338,1704155638431,false,true
4000017238,65989.42,0.11537443,7613.49171853,1704155638451,true,true
4000017239,65988.99,0.03154051,2081.32639898,1704155638577,true,true
4000017240,65987.93,0.05426272,3580.68456897,1704155638639,false,true
4000017241,65986.79,0.03328769,2196.54780962,1704155638694,false,true
4000017242,65987.28,0.04609855,3041.91792644,1704155638707,true,true
4000017243,65986.25,0.03332462,2198.96670648,1704155638739,true,true
4000017244,65987.26,0.07682466,5069.44881383,1704155638750,true,true
4000017245,65989.22,0.04044392,2668.86273454,1704155638763,false,true
4000017246,65989.83,0.06332518,4178.81786292,1704155638814,true,true
4000017247,65990.42,0.08025132,5295.81831235,1704155638829,false,true
4000017248,65989.84,0.06977611,4604.51433472,1704155638954,false,true
4000017249,65987.97,0.02043030,1348.15402349,1704155638968,true,true
4000017250,65986.21,0.04470603,2949.98148385,1704155638991,false,true
4000017251,65986.22,0.04802651,3169.08785469,1704155639147,true,true
4000017252,65984.65,0.02923062,1928.77222998,1704155639154,false,true
4000017253,65982.76,0.05367150,3541.39370334,1704155639336,false,true
4000017254,65983.31,0.13607384,8978.60236761,1704155639348,false,true
4000017255,65982.39,0.05155600,3401.78809884,1704155639437,false,true
4000017256,65983.72,0.05583862,3684.43986727,1704155639481,false,true
4000017257,65983.93,0.02914418,1923.04753303,1704155639548,false,true
4000017258,65984.63,0.04732523,3122.73779121,1704155639555,false,true
4000017259,65984.69,0.05202967,3433.16164575,1704155639697,false,true
4000017260,65983.50,0.04130153,2725.21950476,1704155639820,true,true
4000017261,65982.52,0.11498139,7586.76186530,1704155639828,false,true
4000017262,65982.43,0.09232543,6091.85622219,1704155639978,false,true
4000017263,65983.21,0.03426675,2261.03016127,1704155640012,true,true
4000017264,65980.42,0.03473768,2292.00671623,1704155640121,false,true
4000017265,65978.14,0.04211787,2778.85872336,1704155640188,true,true
4000017266,65981.46,0.07821809,5160.94377661,1704155640688,true,true
4000017267,65981.33,0.08890343,5865.96655296,1704155641024,true,true
4000017268,65981.63,0.04500520,2969.51645448,1704155641049,false,true
4000017269,65980.72,0.04249076,2803.57093815,1704155641153,false,true
4000017270,65979.68,0.04896416,3230.63960827,1704155641218,true,true
4000017271,65982.84,0.16649649,10985.91126023,1704155641326,true,true
4000017272,65985.18,0.04307280,2842.16646110,1704155641334,true,true
4000017273,65983.90,0.05573487,3677.60408859,1704155641346,true,true
4000017274,65983.69,0.06771978,4468.40097039,1704155641376,true,true
4000017275,65984.93,0.01499111,989.18734397,1704155641423,true,true
4000017276,65985.90,0.05676637,3745.78001418,1704155641445,true,true
4000017277,65988.36,0.01985451,1310.16655350,1704155641636,true,true
4000017278,65987.85,0.08798641,5806.03402512,1704155641996,true,true
4000017279,65985.98,0.05510728,3636.30787593,1704155642007,true,true
4000017280,65984.58,0.11045329,7288.21395027,1704155642013,false,true
4000017281,65983.91,0.02026038,1336.85909049,1704155642088,true,true
4000017282,65984.83,0.02901390,1914.47725914,1704155642600,true,true
4000017283,65986.39,0.03294243,2173.75203353,1704155642863,true,true
4000017284,65987.80,0.07631989,5036.18163734,1704155643143,false,true
4000017285,65985.92,0.02472649,1631.60019102,1704155643423,true,true
4000017286,65984.98,0.05909636,3899.47213267,1704155643595,false,true
4000017287,65983.20,0.03041640,2006.97140448,1704155643620,true,true
4000017288,65983.87,0.06743335,4449.51340006,1704155643636,false,true
4000017289,65982.67,0.21323302,14069.68399176,1704155643858,false,true
4000017290,65982.58,0.09318862,6148.82557424,1704155643892,true,true
4000017291,65979.27,0.03721237,2455.24500757,1704155644054,true,true
4000017292,65979.35,0.06304919,4159.94457423,1704155644081,true,true
4000017293,65983.46,0.02942894,1941.82328533,1704155644111,true,true
4000017294,65982.49,0.11169654,7370.01583358,1704155644281,true,true
4000017295,65981.18,0.03243025,2139.78616270,1704155644286,true,true
4000017296,65980.89,0.09673581,6382.71483867,1704155644598,false,true
4000017297,65983.31,0.02850529,1880.87338671,1704155645099,true,true
4000017298,65984.09,0.03618063,2387.34594618,1704155645291,false,true
4000017299,65984.70,0.02844686,1877.05752304,1704155645458,true,true
4000017300,65988.87,0.06597498,4353.61437847,1704155645633,true,true
4000017301,65988.45,0.03840062,2533.99739284,1704155645932,false,true
4000017302,65990.44,0.05554081,3665.16248986,1704155646163,false,true
4000017303,65989.85,0.04971015,3280.36534198,1704155646252,false,true
4000017304,65992.69,0.08679061,5727.54582064,1704155646275,true,true
4000017305,65990.80,0.10827924,7145.43367099,1704155646317,false,true
4000017306,65988.41,0.04193551,2767.25762744,1704155646610,false,true
4000017307,65988.85,0.01922614,1268.71086854,1704155646620,true,true
4000017308,65988.97,0.04507052,2974.15719216,1704155646978,true,true
4000017309,65988.81,0.01344033,886.91138271,1704155647196,false,true
4000017310,65989.75,0.06069380,4005.16868855,1704155647247,false,true
4000017311,65990.74,0.02471992,1631.28581354,1704155647284,true,true
4000017312,65990.83,0.06886375,4544.37601941,1704155647413,true,true
4000017313,65991.01,0.03342224,2205.56737406,1704155647650,true,true
4000017314,65991.16,0.17664900,11657.27242284,1704155648059,false,true
4000017315,65991.38,0.02665751,1759.16587226,1704155648285,true,true
4000017316,65992.93,0.08165896,5388.91403115,1704155648391,true,true
4000017317,65990.24,0.09160706,6045.17187509,1704155648531,false,true
4000017318,65991.56,0.03509031,2315.66429778,1704155648558,true,true
4000017319,65989.39,0.03872235,2555.26425587,1704155648820,true,true
4000017320,65989.51,0.08167832,5389.91231442,1704155648825,true,true
4000017321,65990.17,0.03939366,2599.59432032,1704155649041,true,true
4000017322,65990.07,0.04664950,3078.40377047,1704155649331,true,true
4000017323,65989.98,0.02150226,1418.93370735,1704155649469,true,true
4000017324,65988.65,0.05899802,3893.19969247,1704155649488,false,true
4000017325,65988.52,0.01320627,871.46221202,1704155649518,false,true
4000017326,65984.77,0.02184795,1441.63195572,1704155649578,false,true
4000017327,65984.63,0.02639072,1741.38189463,1704155649615,false,true
4000017328,65984.75,0.05765817,3804.55993291,1704155649672,true,true
4000017329,65988.08,0.05050228,3332.54849282,1704155650044,false,true
4000017330,65988.22,0.11046973,7289.70084658,1704155650183,false,true
4000017331,65988.42,0.08320668,5490.67734665,1704155650597,false,true
4000017332,65987.38,0.07930062,5232.84014618,1704155650794,false,true
4000017333,65987.67,0.04366470,2881.33181425,1704155650840,false,true
4000017334,65989.96,0.06932205,4574.55930662,1704155650879,true,true
4000017335,65993.27,0.02451748,1617.98867736,1704155650923,true,true
4000017336,65992.10,0.06847213,4518.61965017,1704155650935,false,true
4000017337,65991.67,0.03723998,2457.52847097,1704155650941,false,true
4000017338,65993.44,0.04667908,3080.51306524,1704155651136,false,true
4000017339,65991.56,0.03303832,2180.25027658,1704155651174,true,true
4000017340,65991.18,0.08343529,5505.99324074,1704155651179,true,true
4000017341,65990.41,0.11157334,7362.77045167,1704155651299,false,true
4000017342,65987.48,0.04456888,2940.98807762,1704155651454,false,true
4000017343,65989.64,0.04168360,2750.68575790,1704155652048,false,true
4000017344,65989.76,0.05016425,3310.32681808,1704155652119,true,true
4000017345,65991.67,0.04800493,3167.92549893,1704155652232,false,true
4000017346,65992.26,0.22298484,14715.27353734,1704155652269,false,true
4000017347,65993.46,0.03664626,2418.41349346,1704155652725,false,true
4000017348,65995.46,0.16254094,10726.96410413,1704155652834,true,true
4000017349,65996.32,0.02638250,1741.14791240,1704155652982,true,true
4000017350,65994.79,0.06650730,4389.13529697,1704155653384,true,true
4000017351,65992.35,0.02859377,1886.97007766,1704155653729,true,true
4000017352,65989.57,0.01709004,1127.76439088,1704155653784,false,true
4000017353,65991.43,0.10781609,7114.93795611,1704155653945,true,true
4000017354,65990.42,0.12886141,8503.61856769,1704155653949,true,true
4000017355,65989.81,0.02704896,1784.95573110,1704155653957,false,true
4000017356,65988.09,0.06081263,4012.90930158,1704155653961,true,true
4000017357,65988.07,0.02991876,1974.28122919,1704155653969,false,true
4000017358,65987.97,0.08899653,5872.70035174,1704155654110,false,true
4000017359,65987.60,0.03193386,2107.23878014,1704155654262,true,true
4000017360,65987.68,0.05221974,3445.85949280,1704155654285,true,true
4000017361,65989.36,0.04492557,2964.60961194,1704155654291,true,true
4000017362,65991.73,0.03570391,2356.16278866,1704155654447,true,true
4000017363,65989.42,0.05687467,3753.12648599,1704155654646,true,true
4000017364,65988.02,0.01929647,1273.33584829,1704155654653,false,true
4000017365,65987.30,0.01816836,1198.88102183,1704155654708,true,true
4000017366,65987.42,0.07254837,4787.27976151,1704155654742,false,true
4000017367,65989.42,0.12727082,8398.52759472,1704155655032,false,true
4000017368,65989.09,0.08969973,5919.20355595,1704155655186,true,true
4000017369,65985.50,0.04122313,2720.12884461,1704155655492,false,true
4000017370,65983.45,0.02395349,1580.53390974,1704155655531,false,true
4000017371,65983.93,0.10424418,6878.44067603,1704155655661,true,true
4000017372,65985.05,0.02163154,1427.35824848,1704155655751,false,true
4000017373,65985.24,0.02724683,1797.88861679,1704155655770,true,true
4000017374,65983.58,0.04768462,3146.40193854,1704155655923,false,true
4000017375,65983.12,0.02110839,1392.79743038,1704155655965,true,true
4000017376,65982.54,0.12256059,8086.85903210,1704155656027,false,true
4000017377,65982.75,0.11802420,7787.56128255,1704155656033,true,true
4000017378,65983.37,0.07226847,4768.51719534,1704155656047,false,true
4000017379,65983.57,0.07025452,4635.64403824,1704155656347,false,true
4000017380,65984.85,0.01067950,704.68520558,1704155656389,false,true
4000017381,65985.93,0.02979888,1966.30680976,1704155656426,false,true
4000017382,65985.25,0.04666890,3079.45903373,1704155656481,true,true
4000017383,65983.83,0.02623793,1731.27911267,1704155656661,true,true
4000017384,65985.18,0.04289411,2830.37556929,1704155656952,false,true
4000017385,65986.27,0.08752415,5775.39219342,1704155657274,true,true
4000017386,65985.65,0.04068334,2684.51663407,1704155657289,true,true
4000017387,65986.93,0.06823919,4502.89465379,1704155657378,true,true
4000017388,65988.73,0.07928179,5231.70463423,1704155657431,false,true
4000017389,65990.53,0.03321840,2192.09982175,1704155657438,false,true
4000017390,65991.38,0.07790999,5141.38775589,1704155657488,false,true
4000017391,65990.29,0.03544482,2339.01395080,1704155657512,true,true
4000017392,65990.79,0.00916972,605.11706688,1704155657561,true,true
4000017393,65990.69,0.05122997,3380.70106898,1704155657735,false,true
4000017394,65990.47,0.06865889,4530.83242078,1704155657974,true,true
4000017395,65991.56,0.02650195,1748.90502354,1704155658094,true,true
4000017396,65989.31,0.08686725,5732.30988910,1704155658374,false,true
4000017397,65989.67,0.04538319,2994.82173165,1704155658376,true,true
4000017398,65991.65,0.09027506,5957.40016325,1704155658500,true,true
4000017399,65992.44,0.05044288,3328.84873183,1704155658637,false,true
4000017400,65992.44,0.12846503,8477.72078437,1704155658782,false,true
4000017401,65992.23,0.03165260,2088.82565930,1704155658852,false,true
4000017402,65993.07,0.03039715,2006.00124775,1704155658913,true,true
4000017403,65992.23,0.01519087,1002.47938694,1704155658923,true,true
4000017404,65989.25,0.12924695,8528.90929529,1704155658970,false,true
4000017405,65991.99,0.02394871,1580.42303083,1704155659371,false,true
4000017406,65993.75,0.03197761,2110.32239994,1704155659517,false,true
4000017407,65992.65,0.04482907,2958.38912634,1704155659677,true,true
4000017408,65992.51,0.04168532,2750.91889695,1704155659736,true,true
4000017409,65994.03,0.06243213,4120.14786018,1704155659987,false,true
4000017410,65997.61,0.05192739,3427.08363354,1704155659990,false,true
4000017411,65995.63,0.06175349,4075.46047725,1704155660410,false,true
4000017412,65996.33,0.02895902,1911.18904040,1704155660467,true,true
4000017413,65995.85,0.02997967,1978.53380437,1704155660562,true,true
4000017414,65995.79,0.04032835,2661.50131765,1704155660910,false,true
4000017415,65995.19,0.03906848,2578.33176061,1704155660933,true,true
4000017416,65995.38,0.08872508,5855.44537013,1704155661064,false,true
4000017417,65994.54,0.03305851,2181.68116054,1704155661112,true,true
4000017418,65996.80,0.04083330,2694.86713344,1704155661518,true,true
4000017419,65999.31,0.07149527,4718.63848826,1704155661611,false,true
4000017420,65996.30,0.11110227,7332.33874160,1704155661745,false,true
4000017421,65996.83,0.02333201,1539.83869753,1704155661885,true,true
4000017422,65996.57,0.12753660,8416.97814946,1704155662030,true,true
4000017423,65995.87,0.03992751,2635.05075938,1704155662141,true,true
4000017424,65996.41,0.10078927,6651.72998652,1704155662248,true,true
4000017425,65995.73,0.04921882,3248.23195564,1704155662307,true,true
4000017426,65995.56,0.03397382,2242.12127624,1704155662355,false,true
4000017427,65994.45,0.05876633,3878.25162687,1704155662378,true,true
4000017428,65994.18,0.07957154,5251.25853364,1704155662481,false,true
4000017429,65994.52,0.04011837,2647.59257133,1704155662507,true,true
4000017430,65994.21,0.06182621,4080.17188624,1704155662569,false,true
4000017431,65997.97,0.04082763,2694.54069991,1704155662699,false,true
4000017432,65998.62,0.08993271,5935.43475286,1704155662947,true,true
4000017433,65999.80,0.07575098,4999.54952980,1704155663048,true,true
4000017434,65999.01,0.05862588,3869.25004038,1704155663112,false,true
4000017435,66000.23,0.06436576,4248.15496412,1704155663267,false,true
4000017436,66000.15,0.06154531,4061.99969180,1704155663268,true,true
4000017437,65999.60,0.03134404,2068.69410238,1704155663541,true,true
4000017438,65997.73,0.07751758,5115.98431509,1704155663556,true,true
4000017439,65999.17,0.03560759,2350.07138570,1704155663586,true,true
4000017440,65998.95,0.05457079,3601.61484067,1704155663589,false,true
4000017441,65999.32,0.03677488,2427.11707308,1704155663951,true,true
4000017442,65998.01,0.06624894,4372.29820461,1704155664120,false,true
4000017443,65996.80,0.06611291,4363.24049869,1704155664159,true,true
4000017444,65999.04,0.05414652,3573.61833934,1704155664176,true,true
4000017445,65998.46,0.04162683,2747.30667468,1704155664224,false,true
4000017446,65998.74,0.03770040,2488.17889750,1704155664550,false,true
4000017447,65997.47,0.02510288,1656.72656971,1704155664671,true,true
4000017448,65998.79,0.01530963,1010.41705535,1704155664736,false,true
4000017449,65999.70,0.07803340,5150.18098998,1704155664767,true,true
4000017450,66000.46,0.03468182,2289.01607364,1704155665038,true,true
4000017451,66002.54,0.02333969,1540.47882281,1704155665040,false,true
4000017452,66001.82,0.03341976,2205.76498396,1704155665074,false,true
4000017453,66002.95,0.03363058,2219.71749021,1704155665309,true,true
4000017454,66004.23,0.09923115,6549.67564776,1704155665395,false,true
4000017455,66003.14,0.16196954,10690.49822436,1704155665409,false,true
4000017456,66003.40,0.06792514,4483.29018548,1704155665652,false,true
4000017457,66004.65,0.02717865,1793.91728072,1704155665668,false,true
4000017458,66008.32,0.15805178,10432.73247081,1704155665717,false,true
4000017459,66008.35,0.02758055,1820.54659759,1704155666012,true,true
4000017460,66005.79,0.04618077,3048.19820666,1704155666030,true,true
4000017461,66004.46,0.03666430,2420.00732278,1704155666271,true,true
4000017462,66004.10,0.04922179,3248.83994934,1704155666306,true,true
4000017463,66005.27,0.02552850,1685.01553519,1704155666309,false,true
4000017464,66003.41,0.01521248,1004.07555456,1704155666356,false,true
4000017465,66002.35,0.05028310,3318.80276529,1704155666455,true,true
4000017466,65999.38,0.03761657,2482.67029773,1704155666533,false,true
4000017467,65998.72,0.06894169,4550.06329464,1704155666681,true,true
4000017468,65997.49,0.02766919,1826.09709033,1704155666728,true,true
4000017469,66000.20,0.02587990,1708.07857598,1704155667028,false,true
4000017470,66000.51,0.07044231,4649.22838558,1704155667151,false,true
4000017471,66000.57,0.31157324,20564.01143675,1704155667200,true,true
4000017472,66002.46,0.05493751,3626.01080627,1704155667242,true,true
4000017473,66002.12,0.07435969,4907.89718254,1704155667244,true,true
4000017474,66001.61,0.07622355,5030.87701992,1704155667380,true,true
4000017475,66003.38,0.21469851,14170.82734096,1704155667572,false,true
4000017476,66001.63,0.10052655,6634.91615828,1704155668146,true,true
4000017477,66004.23,0.04022787,2655.20958389,1704155668292,true,true
4000017478,66002.83,0.08804061,5810.92941493,1704155668658,false,true
4000017479,66002.04,0.07532193,4971.40103674,1704155668839,false,true
4000017480,66002.66,0.05456984,3601.75459577,1704155668867,true,true
4000017481,66006.71,0.09235683,6096.17049433,1704155669067,true,true
4000017482,66008.31,0.02479352,1636.57835415,1704155669216,false,true
4000017483,66009.45,0.03943574,2603.13150774,1704155669281,false,true
4000017484,66008.77,0.07942246,5242.57889497,1704155669507,true,true
4000017485,66009.23,0.07301036,4819.35764562,1704155669574,true,true
4000017486,66010.48,0.04572619,3018.40775047,1704155669590,true,true
4000017487,66009.28,0.02793779,1844.15340269,1704155669644,false,true
4000017488,66008.14,0.04786368,3159.39249036,1704155669770,false,true
4000017489,66010.28,0.04341748,2866.00001169,1704155669822,true,true
4000017490,66009.07,0.02181258,1439.82812010,1704155669960,true,true
4000017491,66010.07,0.06786029,4479.46249312,1704155670105,false,true
4000017492,66012.15,0.04393818,2900.45372889,1704155670109,true,true
4000017493,66011.93,0.01979120,1306.45530902,1704155670164,true,true
4000017494,66009.70,0.03036915,2004.65848076,1704155670207,false,true
4000017495,66009.52,0.08410219,5551.54519285,1704155670307,false,true
4000017496,66009.14,0.09147164,6037.96429079,1704155670465,false,true
4000017497,66008.41,0.09855294,6505.32287023,1704155670576,false,true
4000017498,66008.72,0.05748576,3794.56143583,1704155670721,false,true
4000017499,66008.49,0.05445883,3594.74513547,1704155670812,false,true
4000017500,66007.78,0.02822945,1863.36332512,1704155670897,false,true
4000017501,66007.67,0.02261259,1492.60437857,1704155671005,false,true
4000017502,66006.60,0.05504225,3633.15177885,1704155671058,false,true
4000017503,66004.97,0.11098810,7325.76621086,1704155671102,true,true
4000017504,66005.21,0.12299898,8118.57350469,1704155671340,true,true
4000017505,66006.77,0.04606425,3040.55235497,1704155671403,false,true
4000017506,66007.12,0.03430355,2264.27854128,1704155671908,false,true
4000017507,66008.80,0.01174091,775.00338001,1704155671930,true,true
4000017508,66010.38,0.02810029,1854.91082101,1704155672056,true,true
4000017509,66011.03,0.11560662,7631.31206102,1704155672272,true,true
4000017510,66009.69,0.11943189,7883.66203501,1704155672347,true,true
4000017511,66010.61,0.07547796,4982.34618116,1704155672357,false,true
4000017512,66011.48,0.03365961,2221.92067232,1704155672376,true,true
4000017513,66012.04,0.05172082,3414.19683867,1704155672468,false,true
4000017514,66013.45,0.03496294,2308.02429154,1704155672606,false,true
4000017515,66012.38,0.10394706,6861.79282460,1704155672716,false,true
4000017516,66013.30,0.03916321,2585.29273069,1704155672727,false,true
4000017517,66013.71,0.07356730,4856.45040768,1704155672943,false,true
4000017518,66012.98,0.02222295,1467.00315389,1704155672949,true,true
4000017519,66011.54,0.03723916,2458.21429991,1704155673199,false,true
4000017520,66009.58,0.09195731,6070.06341103,1704155673244,false,true
4000017521,66009.25,0.02854036,1883.92775833,1704155673324,false,true
4000017522,66012.35,0.05524933,3647.13810923,1704155673324,true,true
4000017523,66010.76,0.10561231,6971.54884846,1704155673405,false,true
4000017524,66012.10,0.02483577,1639.46133282,1704155673422,true,true
4000017525,66009.72,0.05674898,3745.98428009,1704155673575,true,true
4000017526,66008.77,0.07949052,5247.07145186,1704155673630,true,true
4000017527,66008.73,0.11565702,7634.37300578,1704155673806,false,true
4000017528,66007.32,0.02928272,1932.87386951,1704155673926,true,true
4000017529,66007.19,0.06368978,4203.98340952,1704155674128,true,true
4000017530,66007.66,0.04151375,2740.22549533,1704155674211,true,true
4000017531,66006.99,0.02535117,1673.35442468,1704155674226,true,true
4000017532,66008.18,0.03963790,2616.42563802,1704155674358,false,true
4000017533,66010.03,0.05352758,3533.35716163,1704155674728,false,true
4000017534,66008.85,0.08765897,5786.26780188,1704155674887,true,true
4000017535,66008.86,0.04819495,3181.29370726,1704155675115,false,true
4000017536,66012.09,0.06642807,4385.05573537,1704155675185,false,true
4000017537,66012.14,0.12990962,8575.61202279,1704155675570,false,true
4000017538,66012.20,0.05806347,3832.89739433,1704155675646,true,true
4000017539,66012.43,0.06346895,4189.73961905,1704155675686,false,true
4000017540,66011.20,0.02148829,1418.46780885,1704155675782,true,true
4000017541,66011.30,0.22507655,14857.59566502,1704155675825,true,true
4000017542,66011.74,0.02457883,1622.49133546,1704155675924,false,true
4000017543,66015.60,0.08855648,5846.10916109,1704155675978,true,true
4000017544,66017.06,0.22290811,14715.73807236,1704155676420,false,true
4000017545,66017.02,0.04468555,2950.00684806,1704155676857,true,true
4000017546,66014.40,0.08786490,5800.34865456,1704155676909,false,true
4000017547,66014.42,0.02764732,1825.12179435,1704155677014,true,true
4000017548,66013.82,0.03382321,2232.79929676,1704155677074,true,true
4000017549,66014.62,0.03425080,2261.05354670,1704155677161,true,true
4000017550,66017.15,0.02049840,1353.24594756,1704155677334,true,true
4000017551,66019.62,0.18003231,11885.66469392,1704155677404,true,true
4000017552,66019.85,0.03603481,2379.01275098,1704155677430,false,true
4000017553,66017.12,0.03791976,2503.35334629,1704155677431,false,true
4000017554,66017.77,0.04616448,3047.67602281,1704155677446,false,true
4000017555,66018.98,0.01966486,1298.25399904,1704155677602,true,true
4000017556,66018.28,0.06010101,3967.76530646,1704155677780,true,true
4000017557,66020.96,0.01794243,1184.57645333,1704155677837,false,true
4000017558,66021.50,0.05272230,3480.80532945,1704155677866,true,true
4000017559,66024.24,0.04090921,2700.99949925,1704155677874,true,true
4000017560,66022.97,0.06241325,4120.70813235,1704155677937,true,true
4000017561,66021.21,0.04234080,2795.39084837,1704155678038,true,true
4000017562,66021.59,0.01443458,952.99392258,1704155678200,true,true
4000017563,66021.51,0.05100707,3367.56378208,1704155678418,true,true
4000017564,66020.64,0.01360290,898.07216386,1704155678680,true,true
4000017565,66021.56,0.04236216,2796.81588817,1704155678822,false,true
4000017566,66023.08,0.08325743,5496.91196148,1704155678838,false,true
4000017567,66023.53,0.03505633,2314.54265544,1704155678883,true,true
4000017568,66024.98,0.03559892,2350.41798102,1704155678908,true,true
4000017569,66024.19,0.07310553,4826.73340277,1704155679224,true,true
4000017570,66023.84,0.06566248,4335.28907352,1704155679333,false,true
4000017571,66025.84,0.04826273,3186.58728894,1704155679347,false,true
4000017572,66026.36,0.07424715,4902.26905487,1704155679489,true,true
4000017573,66029.64,0.05586489,3688.73857534,1704155679598,false,true
4000017574,66028.64,0.05749789,3796.50747957,1704155679700,true,true
4000017575,66027.48,0.04180468,2760.25767261,1704155679814,true,true
4000017576,66027.43,0.05058012,3339.67533269,1704155680039,true,true
4000017577,66029.24,0.01725723,1139.48178141,1704155680116,true,true
4000017578,66029.97,0.02367183,1563.05022475,1704155680153,false,true
4000017579,66031.29,0.06083642,4017.10729158,1704155680333,true,true
4000017580,66030.40,0.04955537,3272.16090325,1704155680368,false,true
4000017581,66032.21,0.03050723,2014.45981788,1704155680491,true,true
4000017582,66033.09,0.02377338,1569.82974114,1704155680669,true,true
4000017583,66032.88,0.06952421,4590.88381602,1704155680781,false,true
4000017584,66032.74,0.03284187,2168.63866282,1704155680910,false,true
4000017585,66033.76,0.06898562,4555.37987453,1704155681239,true,true
4000017586,66034.05,0.07056057,4659.40020741,1704155681508,false,true
4000017587,66035.82,0.06998052,4621.22102223,1704155681568,true,true
4000017588,66037.54,0.04432832,2927.33320513,1704155681631,false,true
4000017589,66038.61,0.04535495,2995.17785462,1704155681639,false,true
4000017590,66039.28,0.03780858,2496.85140102,1704155681723,false,true
4000017591,66038.91,0.06673537,4407.13109325,1704155681820,false,true
4000017592,66038.93,0.08632312,5700.68647906,1704155682230,true,true
4000017593,66041.96,0.02660419,1756.99285181,1704155682355,true,true
4000017594,66041.63,0.08214774,5425.17065042,1704155682469,true,true
4000017595,66041.09,0.10051996,6638.44772516,1704155682496,false,true
4000017596,66040.95,0.06531064,4313.17671071,1704155682596,true,true
4000017597,66040.27,0.04764827,3146.70461583,1704155682672,true,true
4000017598,66041.98,0.06537766,4317.67011417,1704155682784,false,true
4000017599,66041.70,0.05675865,3748.43773570,1704155682787,false,true
4000017600,66042.55,0.07895696,5214.51897865,1704155682976,true,true
4000017601,66042.43,0.05808381,3835.99595606,1704155683205,false,true
4000017602,66042.80,0.04117794,2719.50645583,1704155683252,true,true
4000017603,66042.88,0.13441529,8877.17286764,1704155683278,true,true
4000017604,66043.74,0.06472443,4274.64342657,1704155683581,false,true
4000017605,66042.32,0.03427132,2263.35748226,1704155683601,true,true
4000017606,66042.70,0.06284170,4150.23554059,1704155683699,true,true
4000017607,66044.23,0.05938327,3921.92234203,1704155683974,true,true
4000017608,66041.71,0.04770618,3150.59770477,1704155684176,false,true
4000017609,66041.28,0.04164534,2750.31155964,1704155684266,true,true
4000017610,66040.91,0.03689476,2436.56352463,1704155684343,true,true
4000017611,66046.20,0.04806546,3174.54098425,1704155684542,true,true
4000017612,66047.17,0.04238082,2799.13322328,1704155684575,true,true
4000017613,66044.43,0.05330550,3520.53136337,1704155684640,false,true
4000017614,66043.89,0.05627476,3716.60405922,1704155684690,false,true
4000017615,66043.57,0.04183750,2763.09785988,1704155684741,false,true
4000017616,66043.90,0.27027034,17849.70730793,1704155685001,true,true
4000017617,66043.91,0.04536362,2995.99083655,1704155685096,true,true
4000017618,66040.93,0.11392622,7523.79352018,1704155685499,false,true
4000017619,66040.86,0.12443777,8217.97734728,1704155685501,false,true
4000017620,66040.19,0.11490400,7588.28199176,1704155685589,false,true
4000017621,66039.44,0.06347303,4191.72335630,1704155685728,true,true
4000017622,66039.80,0.02847571,1880.53019326,1704155686168,false,true
4000017623,66041.33,0.05958999,3935.40219429,1704155686190,false,true
4000017624,66038.77,0.03205437,2116.83116792,1704155686546,true,true
4000017625,66037.79,0.04466956,2949.87902267,1704155686651,true,true
4000017626,66039.24,0.05261115,3474.40036153,1704155686755,true,true
4000017627,66039.74,0.05434675,3589.04523985,1704155686811,true,true
4000017628,66039.42,0.06407557,4231.51347897,1704155686854,false,true
4000017629,66038.37,0.01599119,1056.03212196,1704155686950,false,true
4000017630,66035.66,0.06855896,4527.33617251,1704155686978,false,true
4000017631,66034.86,0.02006170,1324.77155086,1704155686994,true,true
4000017632,66034.78,0.05141294,3395.04218205,1704155687066,true,true
4000017633,66035.43,0.05953146,3931.18555963,1704155687118,false,true
4000017634,66037.40,0.06051655,3996.35561897,1704155687252,true,true
4000017635,66035.01,0.10147030,6700.59227520,1704155687363,false,true
4000017636,66035.56,0.10410918,6874.90800244,1704155687397,false,true
4000017637,66035.06,0.08293517,5476.62892706,1704155687423,true,true
4000017638,66034.23,0.03392481,2240.19870625,1704155687435,false,true
4000017639,66032.99,0.09153133,6044.08739858,1704155687491,false,true
4000017640,66032.88,0.02529133,1670.05935893,1704155687594,true,true
4000017641,66033.70,0.06190427,4087.76799390,1704155687667,true,true
4000017642,66035.80,0.04448230,2937.42426634,1704155687886,false,true
4000017643,66037.15,0.02733666,1805.23511692,1704155687893,true,true
4000017644,66038.69,0.02924661,1931.40781134,1704155687991,false,true
4000017645,66038.65,0.06327226,4178.41463285,1704155688117,true,true
4000017646,66040.56,0.03902135,2576.99180596,1704155688125,false,true
4000017647,66039.55,0.02038776,1346.39849591,1704155688174,true,true
4000017648,66037.02,0.03858008,2547.71351456,1704155688199,false,true
4000017649,66037.49,0.03977190,2626.43644853,1704155688346,false,true
4000017650,66039.01,0.02376945,1569.71094624,1704155688518,true,true
4000017651,66039.33,0.06311549,4168.10467222,1704155688783,false,true
4000017652,66037.28,0.05935557,3919.68039565,1704155689172,false,true
4000017653,66038.13,0.04040141,2668.03356576,1704155689220,false,true
4000017654,66037.50,0.02168336,1431.91488600,1704155689246,true,true
4000017655,66038.49,0.03878748,2561.46661011,1704155689414,true,true
4000017656,66038.70,0.06059883,4001.86795472,1704155689860,false,true
4000017657,66037.00,0.02124954,1403.25587298,1704155690138,false,true
4000017658,66038.02,0.02547098,1682.05308666,1704155690251,true,true
4000017659,66037.72,0.13207562,8721.97281239,1704155690396,true,true
4000017660,66039.50,0.07599535,5018.69491633,1704155690430,false,true
4000017661,66039.60,0.03303912,2181.89026915,1704155690488,true,true
4000017662,66039.57,0.04180690,2760.90969903,1704155690546,false,true
4000017663,66037.77,0.26047542,17201.21587661,1704155690575,false,true
4000017664,66035.06,0.08899868,5877.03317372,1704155690584,true,true
4000017665,66034.55,0.11934363,7880.80290242,1704155690628,true,true
4000017666,66035.52,0.06568672,4337.65671229,1704155690655,false,true
4000017667,66033.06,0.05374435,3548.90388821,1704155690737,false,true
4000017668,66034.12,0.06789392,4483.31526055,1704155690992,false,true
4000017669,66035.06,0.05064756,3344.51466345,1704155691059,false,true
4000017670,66035.96,0.04976559,3286.31851062,1704155691169,true,true
4000017671,66034.69,0.03857591,2547.34825832,1704155691469,false,true
4000017672,66035.17,0.20506448,13541.46779776,1704155691651,false,true
4000017673,66033.87,0.09122491,6023.93384770,1704155692007,false,true
4000017674,66034.74,0.04171975,2754.95284412,1704155692094,true,true
4000017675,66037.88,0.06791459,4484.93554467,1704155692222,true,true
4000017676,66039.33,0.03706799,2447.94522405,1704155692249,false,true
4000017677,66039.84,0.01795873,1185.99165580,1704155692396,true,true
4000017678,66038.69,0.15626053,10319.24069991,1704155692428,false,true
4000017679,66036.22,0.03120239,2060.48789057,1704155692603,true,true
4000017680,66035.49,0.01758064,1160.94617691,1704155692644,true,true
4000017681,66034.56,0.03320764,2192.85189604,1704155692947,true,true
4000017682,66034.91,0.06131408,4048.86975453,1704155692957,false,true
4000017683,66035.49,0.04918646,3248.05198747,1704155693054,false,true
4000017684,66036.42,0.02138728,1412.33940474,1704155693106,true,true
4000017685,66037.84,0.06028315,3980.96901440,1704155693299,false,true
4000017686,66038.57,0.03162864,2088.71015664,1704155693454,true,true
4000017687,66038.79,0.04529565,2991.26991826,1704155693498,true,true
4000017688,66036.99,0.13869399,9158.93363069,1704155693706,true,true
4000017689,66035.84,0.07319406,4833.43123511,1704155693911,true,true
4000017690,66034.60,0.05272872,3481.91993371,1704155693913,false,true
4000017691,66032.64,0.05511024,3639.07463823,1704155693936,true,true
4000017692,66031.66,0.18994988,12542.70589320,1704155694052,false,true
4000017693,66030.15,0.04156477,2744.52799782,1704155694157,true,true
4000017694,66029.82,0.05690481,3757.41436143,1704155694199,false,true
4000017695,66029.37,0.03035546,2004.35189986,1704155694202,true,true
4000017696,66030.42,0.03532629,2332.60976574,1704155694255,true,true
4000017697,66030.49,0.02681245,1770.43921160,1704155694306,true,true
4000017698,66033.50,0.13981716,9232.61643486,1704155694460,true,true
4000017699,66031.88,0.06733109,4445.99845515,1704155694491,true,true
4000017700,66031.67,0.08355484,5517.26562178,1704155694759,false,true
4000017701,66033.29,0.02894851,1911.56535590,1704155695068,true,true
4000017702,66033.07,0.04105737,2711.14418723,1704155695288,true,true
4000017703,66033.10,0.06914166,4565.63814895,1704155695447,false,true
4000017704,66034.36,0.04684430,3093.33337015,1704155695778,true,true
4000017705,66034.99,0.04835675,3193.23750268,1704155696069,false,true
4000017706,66034.88,0.10247277,6766.77707022,1704155696082,true,true
4000017707,66036.38,0.10849688,7164.74119649,1704155696139,true,true
4000017708,66036.66,0.04662614,3079.03455429,1704155696205,false,true
4000017709,66035.71,0.09868544,6516.76309706,1704155696372,true,true
4000017710,66039.00,0.29582286,19535.84585154,1704155696449,false,true
4000017711,66038.80,0.08892328,5872.38670326,1704155696895,false,true
4000017712,66037.42,0.04472227,2953.34332734,1704155696916,true,true
4000017713,66035.37,0.04353504,2874.85247436,1704155697066,false,true
4000017714,66033.23,0.07133705,4710.61583017,1704155697078,true,true
4000017715,66026.49,0.04468862,2950.63272154,1704155697093,true,true
4000017716,66026.77,0.05661099,3737.84081620,1704155697139,false,true
4000017717,66027.58,0.09672185,6386.30968862,1704155697366,true,true
4000017718,66026.42,0.11532557,7614.53452156,1704155697503,false,true
4000017719,66027.52,0.04990785,3295.29156403,1704155697597,true,true
4000017720,66024.49,0.07077959,4673.18633216,1704155697644,true,true
4000017721,66024.38,0.06938562,4581.14254142,1704155697964,false,true
4000017722,66023.84,0.06214047,4102.75244880,1704155698050,false,true
4000017723,66025.84,0.01243976,821.34560340,1704155698104,false,true
4000017724,66024.96,0.06363396,4201.42966364,1704155698483,true,true
4000017725,66026.84,0.08174661,5397.47033901,1704155699222,true,true
4000017726,66028.72,0.06542877,4320.17793427,1704155699294,false,true
4000017727,66029.53,0.09328377,6159.48348973,1704155699480,false,true
4000017728,66029.59,0.02245739,1482.85225417,1704155699581,false,true
4000017729,66029.51,0.16295150,10759.60769876,1704155699603,true,true
4000017730,66030.28,0.02589591,1709.91418815,1704155699718,false,true
4000017731,66030.86,0.06356932,4197.53686922,1704155699939,true,true
4000017732,66029.67,0.08051434,5316.33530047,1704155700121,true,true
4000017733,66028.22,0.02875787,1898.83096709,1704155700140,false,true
4000017734,66029.48,0.14658242,9678.76096974,1704155700840,false,true
4000017735,66029.14,0.01292182,853.21666183,1704155700926,true,true
4000017736,66029.86,0.02614078,1726.07204369,1704155700949,false,true
4000017737,66028.17,0.04200894,2773.77343184,1704155700998,true,true
4000017738,66026.85,0.03865885,2552.52209012,1704155701018,false,true
4000017739,66025.95,0.17234730,11379.39421243,1704155701347,false,true
4000017740,66024.79,0.03093442,2042.43858427,1704155701370,false,true
4000017741,66023.32,0.03768184,2487.88018051,1704155701465,false,true
4000017742,66022.06,0.03977061,2625.73759966,1704155701646,false,true
4000017743,66021.41,0.08016788,5292.79647431,1704155701716,false,true
4000017744,66020.17,0.09222998,6089.03895870,1704155701755,false,true
4000017745,66022.12,0.04725125,3119.62769765,1704155701807,true,true
4000017746,66023.11,0.09373059,6188.38505393,1704155701840,true,true
4000017747,66026.48,0.01186365,783.31504945,1704155701875,true,true
4000017748,66025.67,0.09440140,6232.91568394,1704155702056,true,true
4000017749,66024.43,0.08689490,5737.18624241,1704155702194,true,true
4000017750,66023.01,0.03937556,2599.69299164,1704155702207,false,true
4000017751,66022.71,0.08727564,5762.17426978,1704155702451,false,true
4000017752,66021.25,0.06754924,4459.68526135,1704155702517,false,true
4000017753,66019.77,0.01698366,1121.25732696,1704155702787,false,true
4000017754,66018.45,0.05922974,3910.25562870,1704155702831,true,true
4000017755,66018.63,0.04226921,2790.55533538,1704155702884,false,true
4000017756,66016.03,0.14364758,9483.04295071,1704155703614,false,true
4000017757,66017.41,0.02969777,1960.56985818,1704155703693,false,true
4000017758,66016.44,0.02527468,1668.54439574,1704155703698,true,true
4000017759,66017.63,0.05832643,3850.57267496,1704155703931,false,true
4000017760,66017.49,0.04699921,3102.76987618,1704155703935,true,true
4000017761,66019.20,0.05177960,3418.44776832,1704155704090,true,true
4000017762,66018.13,0.04738819,3128.47968788,1704155704319,false,true
4000017763,66017.53,0.04799960,3168.81503299,1704155704367,true,true
4000017764,66015.89,0.04776173,3153.03311389,1704155704393,true,true
4000017765,66017.25,0.01568343,1035.37691917,1704155704455,false,true
4000017766,66018.23,0.04071471,2687.91308916,1704155704464,true,true
4000017767,66019.87,0.04590000,3030.31203300,1704155704543,false,true
4000017768,66020.15,0.11957420,7894.30662013,1704155704724,true,true
4000017769,66020.61,0.05614808,3706.93049193,1704155705026,true,true
4000017770,66019.56,0.03128181,2065.21133220,1704155705087,false,true
4000017771,66020.70,0.11362732,7501.75520552,1704155705207,false,true
4000017772,66021.63,0.03751478,2476.78692469,1704155705270,true,true
4000017773,66025.10,0.06004242,3964.30678474,1704155705469,true,true
4000017774,66025.12,0.04968934,3280.74463622,1704155705476,false,true
4000017775,66025.31,0.05096745,3365.14168616,1704155705569,false,true
4000017776,66027.30,0.15965830,10541.80647159,1704155705594,true,true
4000017777,66028.01,0.04580060,3024.12247481,1704155705789,true,true
4000017778,66028.93,0.02570548,1697.30533954,1704155705962,true,true
4000017779,66027.42,0.03056190,2017.92340730,1704155705984,true,true
4000017780,66028.30,0.08218379,5426.45594126,1704155706050,true,true
4000017781,66027.92,0.02933992,1937.25389057,1704155706054,false,true
4000017782,66026.15,0.02401318,1585.49782466,1704155706166,true,true
4000017783,66025.93,0.06928010,4574.28303299,1704155706279,false,true
4000017784,66026.55,0.06467308,4270.14035027,1704155706401,true,true
4000017785,66027.87,0.02040779,1347.48290511,1704155706615,false,true
4000017786,66030.79,0.02121809,1401.04724499,1704155706667,true,true
4000017787,66031.08,0.08746946,5775.70291082,1704155706988,true,true
4000017788,66028.21,0.04652417,3071.90766684,1704155707206,false,true
4000017789,66030.68,0.06493665,4287.81115642,1704155707415,false,true
4000017790,66030.47,0.06342026,4187.66957532,1704155707685,false,true
4000017791,66031.16,0.07478407,4938.07889162,1704155707788,false,true
4000017792,66030.43,0.11376860,7512.18957850,1704155707911,true,true
4000017793,66031.76,0.03306801,2183.53890000,1704155708038,false,true
4000017794,66030.41,0.02398887,1583.99492154,1704155708201,false,true
4000017795,66029.13,0.05104054,3370.16245093,1704155708224,true,true
4000017796,66029.94,0.03018655,1993.21608531,1704155708232,true,true
4000017797,66030.18,0.02059949,1360.18803261,1704155708281,true,true
4000017798,66030.79,0.05240302,3460.21280899,1704155708540,false,true
4000017799,66031.97,0.05217180,3445.00673245,1704155708552,false,true
4000017800,66034.03,0.04453169,2940.60695341,1704155708662,false,true
4000017801,66035.77,0.07923123,5232.09528110,1704155708730,true,true
4000017802,66036.42,0.05763373,3805.92520045,1704155708820,true,true
4000017803,66035.42,0.03545143,2341.05006965,1704155708888,false,true
4000017804,66035.93,0.05788055,3822.19594816,1704155709058,true,true
4000017805,66035.48,0.01663814,1098.70756121,1704155709081,false,true
4000017806,66035.03,0.03037157,2005.58753610,1704155709137,false,true
4000017807,66033.12,0.06462382,4267.31246092,1704155709360,false,true
4000017808,66031.57,0.08600217,5678.85830851,1704155709648,true,true
4000017809,66030.88,0.03364476,2221.59311019,1704155709747,false,true
4000017810,66032.81,0.05309750,3506.17712897,1704155709863,false,true
4000017811,66031.82,0.02747343,1814.12058454,1704155709992,true,true
4000017812,66032.66,0.01610775,1063.63757912,1704155710531,true,true
4000017813,66032.09,0.02781645,1836.77832988,1704155710618,true,true
4000017814,66030.35,0.02793436,1844.51556783,1704155710636,true,true
4000017815,66030.66,0.03837064,2533.63868382,1704155710722,true,true
4000017816,66031.92,0.20239784,13364.71797905,1704155710756,true,true
4000017817,66033.63,0.01032533,681.81902085,1704155710780,true,true
4000017818,66032.13,0.08421327,5560.78159237,1704155710822,true,true
4000017819,66032.36,0.08176856,5399.37099060,1704155710952,true,true
4000017820,66033.68,0.05213080,3442.38856534,1704155711008,false,true
4000017821,66030.85,0.03899974,2575.18598198,1704155711138,false,true
4000017822,66030.60,0.10771578,7112.53758287,1704155711324,false,true
4000017823,66032.46,0.04504479,2974.41829388,1704155711407,true,true
4000017824,66034.41,0.01818345,1200.73339251,1704155711426,true,true
4000017825,66033.58,0.05031106,3322.21940539,1704155711480,false,true
4000017826,66036.93,0.04704776,3106.88963378,1704155711743,false,true
4000017827,66035.12,0.05884110,3885.57909943,1704155711970,false,true
4000017828,66035.88,0.06759532,4463.71644008,1704155712079,false,true
4000017829,66037.38,0.12886548,8509.93867164,1704155712554,false,true
4000017830,66034.98,0.04981395,3289.46319197,1704155712609,false,true
4000017831,66033.95,0.05199230,3433.25693858,1704155712741,true,true
4000017832,66034.72,0.07727554,5102.86864675,1704155712783,true,true
4000017833,66033.54,0.02650943,1750.51150628,1704155712997,false,true
4000017834,66033.47,0.08916212,5887.68417616,1704155713155,false,true
4000017835,66033.77,0.10363109,6843.15156191,1704155713253,false,true
4000017836,66034.22,0.05178704,3419.71679251,1704155713299,false,true
4000017837,66034.87,0.06502515,4293.92732698,1704155713308,false,true
4000017838,66033.33,0.04480444,2958.58637199,1704155713628,false,true
4000017839,66033.15,0.04483029,2960.28526411,1704155713915,false,true
4000017840,66033.21,0.12061524,7964.61147212,1704155713995,true,true
4000017841,66034.81,0.04430738,2925.82941990,1704155714057,false,true
4000017842,66036.21,0.09183711,6064.57468175,1704155714157,true,true
4000017843,66037.83,0.02626779,1734.66785050,1704155714439,true,true
4000017844,66035.65,0.07947550,5248.21630158,1704155714578,false,true
4000017845,66037.23,0.03038062,2006.25199048,1704155714707,false,true
4000017846,66036.30,0.07570821,4999.49006802,1704155714912,true,true
4000017847,66038.49,0.07693055,5080.37735687,1704155714990,true,true
4000017848,66039.35,0.04614760,3047.55750806,1704155714993,true,true
4000017849,66038.67,0.04513629,2980.74056033,1704155715078,true,true
4000017850,66039.38,0.04990674,3295.81016742,1704155715222,true,true
4000017851,66039.38,0.05195919,3431.35269290,1704155715290,true,true
4000017852,66037.70,0.04209450,2779.82396265,1704155715479,true,true
4000017853,66035.85,0.03993662,2637.24864783,1704155715490,true,true
4000017854,66037.01,0.18244839,12048.34615491,1704155715555,false,true
4000017855,66038.84,0.22345036,14756.40257198,1704155715632,true,true
4000017856,66039.70,0.08754199,5781.24675700,1704155715858,false,true
4000017857,66039.08,0.02934573,1937.96501113,1704155716056,false,true
4000017858,66041.73,0.15441091,10197.56362727,1704155716506,true,true
4000017859,66042.78,0.04417299,2917.30706051,1704155716548,true,true
4000017860,66043.11,0.04334426,2862.58973105,1704155716550,true,true
4000017861,66042.51,0.14646180,9672.70489112,1704155716604,true,true
4000017862,66041.58,0.04303015,2841.77909364,1704155716754,true,true
4000017863,66041.03,0.06911055,4564.13190587,1704155716962,true,true
4000017864,66039.64,0.09000316,5943.77628526,1704155717093,true,true
4000017865,66041.24,0.03306262,2183.49642245,1704155717402,false,true
4000017866,66040.88,0.02131543,1407.68975478,1704155717481,false,true
4000017867,66043.32,0.08970767,5924.59235626,1704155717808,false,true
4000017868,66041.55,0.01814052,1198.02805861,1704155717953,false,true
4000017869,66041.08,0.05312002,3508.10349042,1704155717983,false,true
4000017870,66041.08,0.03865212,2552.62774909,1704155718087,true,true
4000017871,66041.49,0.06785260,4481.08680437,1704155718229,false,true
4000017872,66040.88,0.01659270,1095.79650958,1704155718666,false,true
4000017873,66040.08,0.03279761,2165.95678821,1704155719044,true,true
4000017874,66041.00,0.08233023,5437.17071943,1704155719044,true,true
4000017875,66042.01,0.03012818,1989.72556484,1704155719114,true,true
4000017876,66045.16,0.03142342,2075.36480165,1704155719156,false,true
4000017877,66043.96,0.02055545,1357.56331758,1704155719160,true,true
4000017878,66042.91,0.05150202,3401.34327168,1704155719300,true,true
4000017879,66041.14,0.02693902,1779.08359128,1704155719311,true,true
4000017880,66039.30,0.03964948,2618.42390456,1704155719322,false,true
4000017881,66039.15,0.01884743,1244.66825688,1704155719322,true,true
4000017882,66039.04,0.07440341,4913.52976913,1704155719335,false,true
4000017883,66040.68,0.15628478,10321.15314485,1704155719409,false,true
4000017884,66044.44,0.03576527,2362.09722860,1704155719450,true,true
4000017885,66043.05,0.07502387,4954.80519760,1704155719499,false,true
4000017886,66044.63,0.05521448,3646.61990224,1704155719604,true,true
4000017887,66044.72,0.06830567,4511.22884956,1704155719622,false,true
4000017888,66044.64,0.05375908,3550.49908533,1704155719791,true,true
4000017889,66045.23,0.04991433,3296.60340515,1704155719896,false,true
4000017890,66045.02,0.12490062,8249.06394591,1704155720142,true,true
4000017891,66046.78,0.02874470,1898.49487707,1704155720534,false,true
4000017892,66046.01,0.06985590,4613.70346996,1704155720578,false,true
4000017893,66046.49,0.06621203,4373.07217727,1704155720580,true,true
4000017894,66046.60,0.07043265,4651.83706149,1704155720685,false,true
4000017895,66045.24,0.02373043,1567.28194465,1704155720727,true,true
4000017896,66042.76,0.03315347,2189.54666238,1704155720795,false,true
4000017897,66043.69,0.02330366,1539.05969691,1704155721009,false,true
4000017898,66045.90,0.03218887,2125.94288913,1704155721022,false,true
4000017899,66044.38,0.04066958,2685.99719596,1704155721033,true,true
4000017900,66043.59,0.02377974,1570.49939887,1704155721483,true,true
4000017901,66044.46,0.04908598,3241.85704267,1704155721845,true,true
4000017902,66040.71,0.11046211,7294.99617250,1704155722105,true,true
4000017903,66040.07,0.03480472,2298.50614513,1704155722239,true,true
4000017904,66042.51,0.08450306,5580.79418508,1704155722338,true,true
4000017905,66043.85,0.01524893,1007.09804558,1704155722352,true,true
4000017906,66043.29,0.05449183,3598.81973132,1704155722453,true,true
4000017907,66043.84,0.07295319,4818.10880785,1704155722508,true,true
4000017908,66044.81,0.07307774,4826.40545353,1704155722646,false,true
4000017909,66042.15,0.02634325,1739.76486799,1704155722718,false,true
4000017910,66044.69,0.06970509,4603.65106047,1704155722755,true,true
4000017911,66043.77,0.02659664,1756.54237493,1704155722837,false,true
4000017912,66046.52,0.03806037,2513.75498841,1704155722907,true,true
4000017913,66048.88,0.06460698,4267.21866918,1704155722978,false,true
4000017914,66050.18,0.03646787,2408.70937772,1704155722994,true,true
4000017915,66050.14,0.04014655,2651.68524802,1704155723305,true,true
4000017916,66049.99,0.08872577,5860.33622124,1704155723421,false,true
4000017917,66052.11,0.02224626,1469.41241261,1704155723683,true,true
4000017918,66052.55,0.15339822,10132.34359646,1704155723703,false,true
4000017919,66055.13,0.05691315,3759.40552196,1704155723763,false,true
4000017920,66056.29,0.04714078,3113.94503451,1704155723774,false,true
4000017921,66055.95,0.06405247,4231.04675570,1704155723822,false,true
4000017922,66058.88,0.02557804,1689.65667500,1704155723835,true,true
4000017923,66057.65,0.02154228,1423.03239244,1704155723974,false,true
4000017924,66059.68,0.09059615,5984.75267823,1704155724061,false,true
4000017925,66058.47,0.05980599,3950.69219624,1704155724087,true,true
4000017926,66056.92,0.02387519,1577.12151581,1704155724369,true,true
4000017927,66057.96,0.04870208,3217.16005256,1704155724505,true,true
4000017928,66056.72,0.03120201,2061.10243801,1704155724586,true,true
4000017929,66057.12,0.06389501,4220.72034297,1704155724628,false,true
4000017930,66057.58,0.04295763,2837.67708034,1704155724652,false,true
4000017931,66056.70,0.04284035,2829.89214784,1704155724691,false,true
4000017932,66055.44,0.03222254,2128.47405762,1704155724862,true,true
4000017933,66058.16,0.06240699,4122.49093054,1704155724889,true,true
4000017934,66059.23,0.09569880,6321.78903992,1704155724959,true,true
4000017935,66057.83,0.07976372,5269.01825593,1704155725062,true,true
4000017936,66059.11,0.02432597,1606.95192809,1704155725107,false,true
4000017937,66061.29,0.03193415,2109.61114405,1704155725686,false,true
4000017938,66058.87,0.05088869,3361.64935718,1704155725944,false,true
4000017939,66058.58,0.02895579,1912.77837018,1704155726007,true,true
4000017940,66058.45,0.01754634,1159.08402357,1704155726025,false,true
4000017941,66057.51,0.05016639,3313.86680909,1704155726236,true,true
4000017942,66057.15,0.07226974,4773.93305564,1704155726315,false,true
4000017943,66055.07,0.03662944,2419.56022326,1704155726338,false,true
4000017944,66055.16,0.04610205,3045.27828908,1704155726398,false,true
4000017945,66054.94,0.03324566,2196.04007656,1704155726490,true,true
4000017946,66052.84,0.03319807,2192.82680602,1704155726564,true,true
4000017947,66055.48,0.12611578,8330.63838347,1704155726851,true,true
4000017948,66057.31,0.04063866,2684.48056160,1704155726895,false,true
4000017949,66055.59,0.12865576,8498.43213370,1704155727049,false,true
4000017950,66056.40,0.06943023,4586.31104497,1704155727177,true,true
4000017951,66055.86,0.00903005,596.48771859,1704155727393,true,true
4000017952,66055.10,0.05114275,3378.23946553,1704155727480,true,true
4000017953,66057.14,0.09424406,6225.49306559,1704155727524,false,true
4000017954,66058.55,0.03107182,2052.55937506,1704155727883,true,true
4000017955,66057.65,0.05515563,3643.45130207,1704155727954,false,true
4000017956,66057.98,0.03430651,2266.21875145,1704155727976,true,true
4000017957,66060.15,0.11484214,7586.48899472,1704155728018,true,true
4000017958,66059.72,0.04485367,2963.02088117,1704155728080,false,true
4000017959,66061.49,0.05309517,3507.54604200,1704155728143,false,true
4000017960,66061.75,0.05565116,3676.41301913,1704155728245,true,true
4000017961,66062.70,0.04326842,2858.42864993,1704155728248,true,true
4000017962,66061.26,0.03639361,2404.20773255,1704155728296,false,true
4000017963,66059.42,0.03738130,2469.38699685,1704155728343,false,true
4000017964,66060.22,0.05263701,3477.21246074,1704155728484,true,true
4000017965,66061.21,0.09361044,6184.01893503,1704155728777,false,true
4000017966,66062.43,0.06474442,4277.17371414,1704155728937,false,true
4000017967,66063.67,0.04285878,2831.40829852,1704155728969,true,true
4000017968,66061.32,0.07094805,4686.92183443,1704155728974,true,true
4000017969,66059.24,0.09925959,6557.01307811,1704155729015,true,true
4000017970,66058.11,0.03340436,2206.62888736,1704155729218,false,true
4000017971,66057.17,0.04818809,3183.16885311,1704155729327,false,true
4000017972,66055.82,0.03579548,2364.49978369,1704155729696,false,true
4000017973,66055.94,0.06032413,3984.76711183,1704155729819,false,true
4000017974,66055.14,0.06850340,4525.00167748,1704155729931,false,true
4000017975,66051.84,0.03260941,2153.91153181,1704155729976,false,true
4000017976,66053.44,0.12202000,8059.84074880,1704155730270,false,true
4000017977,66052.47,0.04557994,3010.66761945,1704155730296,true,true
4000017978,66052.64,0.00592726,391.51117097,1704155730429,true,true
4000017979,66052.51,0.04519544,2985.27225255,1704155730725,true,true
4000017980,66054.46,0.08134496,5373.19740652,1704155730851,false,true
4000017981,66057.89,0.39514120,26102.19392407,1704155730880,true,true
4000017982,66057.33,0.05790115,3824.79537293,1704155731031,true,true
4000017983,66058.36,0.08458584,5587.60186962,1704155731064,false,true
4000017984,66058.81,0.05601137,3700.04444867,1704155731151,false,true
4000017985,66060.84,0.12022045,7941.86391218,1704155731165,true,true
4000017986,66061.62,0.06224768,4112.18258204,1704155731188,false,true
4000017987,66059.07,0.03572723,2360.10758748,1704155731269,true,true
4000017988,66058.64,0.04022567,2657.25305329,1704155731536,true,true
4000017989,66060.13,0.04814342,3180.36058384,1704155731603,false,true
4000017990,66060.96,0.08567108,5659.51378904,1704155731755,false,true
4000017991,66062.36,0.13369450,8832.17418902,1704155731823,true,true
4000017992,66059.82,0.04220851,2788.28657307,1704155731963,false,true
4000017993,66059.24,0.01434227,947.43945607,1704155732127,true,true
4000017994,66057.88,0.03917619,2587.89605788,1704155732234,false,true
4000017995,66057.01,0.04139160,2734.20533512,1704155732242,true,true
4000017996,66058.41,0.12249981,8092.14267390,1704155732565,true,true
4000017997,66059.83,0.06624442,4376.09512365,1704155732624,true,true
4000017998,66060.70,0.22993681,15189.78662437,1704155732719,false,true
4000017999,66062.69,0.12022351,7942.28847184,1704155732759,true,true
4000018000,66061.48,0.02322601,1534.34459509,1704155732771,false,true
4000018001,66062.78,0.08883852,5868.91960229,1704155732844,false,true
4000018002,66066.64,0.03344636,2209.68862543,1704155732857,false,true
4000018003,66065.68,0.04427573,2925.10620995,1704155732911,true,true
4000018004,66065.32,0.05156196,3406.45738723,1704155733054,true,true
4000018005,66065.98,0.02357608,1557.57682976,1704155733208,false,true
4000018006,66066.18,0.08048913,5317.60935062,1704155733286,true,true
4000018007,66067.00,0.04313343,2849.69631981,1704155733494,true,true
4000018008,66066.80,0.04899830,3237.16088644,1704155733507,false,true
4000018009,66066.96,0.03983550,2631.81038508,1704155733642,true,true
4000018010,66068.85,0.04056589,2680.14170153,1704155733659,false,true
4000018011,66070.65,0.04883219,3226.37453422,1704155733694,false,true
4000018012,66071.72,0.04949154,3269.99117325,1704155733732,true,true
4000018013,66071.82,0.03503457,2314.79780282,1704155733823,false,true
4000018014,66075.80,0.03130873,2068.74938173,1704155733830,true,true
4000018015,66077.67,0.12013862,7938.48008662,1704155733839,true,true
4000018016,66075.72,0.09380800,6198.43114176,1704155733852,false,true
4000018017,66076.75,0.06102900,4032.59797575,1704155734445,false,true
4000018018,66076.79,0.03197250,2112.64016828,1704155734977,false,true
4000018019,66074.94,0.07138945,4717.05362538,1704155735098,false,true
4000018020,66073.77,0.02402794,1587.61658113,1704155735397,true,true
4000018021,66073.82,0.04655071,3075.78323341,1704155735399,false,true
4000018022,66071.95,0.10052327,6641.76846928,1704155736107,false,true
4000018023,66073.74,0.08677359,5733.45562453,1704155736514,false,true
4000018024,66072.55,0.09882918,6529.89593701,1704155736549,false,true
4000018025,66069.90,0.06890236,4552.37203496,1704155736635,true,true
4000018026,66068.09,0.08103527,5353.84551153,1704155736855,true,true
4000018027,66068.10,0.02164917,1430.31952848,1704155736888,false,true
4000018028,66070.77,0.04453966,2942.76963174,1704155737010,false,true
4000018029,66071.58,0.06915520,4569.19332922,1704155737061,true,true
4000018030,66070.17,0.05281981,3489.81382607,1704155737097,true,true
4000018031,66071.51,0.02761899,1824.82837397,1704155737105,true,true
4000018032,66071.54,0.07633910,5043.84189921,1704155737120,false,true
4000018033,66071.98,0.14815535,9788.91732209,1704155737257,true,true
4000018034,66067.38,0.07448668,4921.13979250,1704155737375,false,true
4000018035,66068.99,0.01815783,1199.66948869,1704155737719,true,true
4000018036,66067.83,0.02784071,1839.37529536,1704155737727,true,true
4000018037,66069.38,0.02752703,1818.69380534,1704155738137,true,true
4000018038,66069.31,0.06457111,4266.16868363,1704155738447,false,true
4000018039,66067.49,0.09966768,6584.79345172,1704155738464,false,true
4000018040,66066.38,0.05791211,3826.04346586,1704155738591,false,true
4000018041,66063.87,0.07377004,4873.53433245,1704155738881,true,true
4000018042,66064.58,0.09126030,6029.07339017,1704155739216,true,true
4000018043,66066.02,0.06422032,4242.78094553,1704155739940,false,true
4000018044,66066.72,0.02459931,1625.19572596,1704155740012,false,true
4000018045,66066.81,0.03131317,2068.76125289,1704155740052,false,true
4000018046,66063.82,0.03880408,2563.54575639,1704155740062,true,true
4000018047,66060.81,0.06816879,4503.28548412,1704155740063,true,true
4000018048,66058.77,0.04985871,3293.60505639,1704155740501,false,true
4000018049,66061.67,0.05516829,3644.50936844,1704155740825,false,true
4000018050,66060.83,0.04406657,2911.07418945,1704155741113,false,true
4000018051,66063.16,0.06623291,4375.55533060,1704155741146,true,true
4000018052,66062.43,0.15490332,10233.28973427,1704155741161,true,true
4000018053,66063.33,0.05013420,3312.03219889,1704155741264,false,true
4000018054,66063.62,0.05300641,3501.79532780,1704155741597,true,true
4000018055,66064.68,0.09029676,5965.42655444,1704155741934,true,true
4000018056,66062.37,0.06445014,4257.72899523,1704155742056,true,true
4000018057,66061.47,0.05154094,3404.87026158,1704155742090,false,true
4000018058,66058.50,0.02951621,1949.79655829,1704155742380,false,true
4000018059,66058.69,0.04735557,3128.24691840,1704155742403,true,true
4000018060,66058.40,0.03569695,2358.08340188,1704155742404,false,true
4000018061,66057.79,0.06166334,4073.34396442,1704155742486,false,true
4000018062,66057.20,0.10011591,6613.37669005,1704155742550,false,true
4000018063,66057.80,0.02329059,1538.52513610,1704155742717,true,true
4000018064,66057.79,0.12537632,8282.08261753,1704155742843,true,true
4000018065,66059.69,0.04201131,2775.25411509,1704155742867,true,true
4000018066,66057.84,0.08646567,5711.73539435,1704155743086,true,true
4000018067,66059.18,0.01573093,1039.17233644,1704155743524,false,true
4000018068,66060.26,0.14334673,9469.52225395,1704155743709,true,true
4000018069,66060.50,0.01924546,1271.36471033,1704155743726,true,true
4000018070,66057.94,0.03521461,2326.20459450,1704155743747,true,true
4000018071,66057.81,0.02925882,1932.77357238,1704155743773,true,true
4000018072,66058.79,0.03744214,2473.38246341,1704155743811,false,true
4000018073,66059.62,0.05957484,3935.49129196,1704155743986,true,true
4000018074,66062.88,0.06818864,4504.73794168,1704155744038,true,true
4000018075,66062.67,0.06892660,4553.47523002,1704155744232,false,true
4000018076,66061.67,0.10371389,6851.51277560,1704155744247,true,true
4000018077,66063.42,0.04733318,3126.99175028,1704155744341,true,true
4000018078,66067.00,0.02685740,1774.38784580,1704155744402,true,true
4000018079,66070.61,0.02768178,1828.95209049,1704155744447,true,true
4000018080,66069.52,0.05760251,3805.77018650,1704155744496,true,true
4000018081,66071.57,0.10859297,7174.90801886,1704155744567,false,true
4000018082,66072.09,0.04570210,3019.63326439,1704155744624,false,true
4000018083,66072.67,0.20431730,13499.78953819,1704155744763,true,true
4000018084,66074.64,0.07222151,4772.01027351,1704155744935,false,true
4000018085,66076.68,0.04342474,2869.36264906,1704155744985,true,true
4000018086,66076.84,0.03180197,2101.37368337,1704155745026,true,true
4000018087,66076.56,0.04199907,2775.15406880,1704155745169,false,true
4000018088,66077.19,0.11443238,7561.37011541,1704155745535,true,true
4000018089,66075.66,0.02223489,1469.18503178,1704155745570,true,true
4000018090,66074.42,0.02859040,1889.09409757,1704155745630,false,true
4000018091,66073.27,0.02364890,1562.56015490,1704155745672,true,true
4000018092,66075.84,0.06649396,4393.64426193,1704155745884,true,true
4000018093,66076.69,0.05098126,3368.67291283,1704155745955,true,true
4000018094,66072.58,0.08104358,5354.75842304,1704155746064,true,true
4000018095,66073.91,0.07538594,4981.04381483,1704155746064,true,true
4000018096,66073.77,0.05712748,3774.62797420,1704155746090,false,true
4000018097,66075.95,0.05621101,3714.19588621,1704155746331,false,true
4000018098,66076.45,0.04893594,3233.51319261,1704155746335,false,true
4000018099,66074.07,0.02737729,1808.92897587,1704155746437,false,true
4000018100,66077.46,0.07912656,5228.48210334,1704155746708,true,true
4000018101,66080.26,0.13362034,8829.66680849,1704155746946,false,true
4000018102,66077.10,0.03459015,2285.61680057,1704155746959,false,true
4000018103,66078.01,0.06937626,4584.24520204,1704155747067,false,true
4000018104,66078.75,0.08125266,5369.07420698,1704155747267,true,true
4000018105,66080.95,0.01965643,1298.91556801,1704155747308,false,true
4000018106,66081.82,0.07700812,5088.83672438,1704155747365,true,true
4000018107,66083.32,0.03488819,2305.52742399,1704155747446,false,true
4000018108,66082.21,0.03871251,2558.20821545,1704155747897,false,true
4000018109,66083.25,0.11592540,7660.72718955,1704155747952,true,true
4000018110,66081.40,0.01457701,963.26922861,1704155747984,true,true
4000018111,66082.70,0.06249190,4129.63348013,1704155748066,true,true
4000018112,66081.72,0.13337010,8813.32560457,1704155748091,false,true
4000018113,66084.54,0.00887150,586.26899661,1704155748153,true,true
4000018114,66086.11,0.06399696,4229.31013823,1704155748242,true,true
4000018115,66087.87,0.14310832,9457.72404808,1704155748244,true,true
4000018116,66088.82,0.06812342,4502.19644216,1704155748256,true,true
4000018117,66089.35,0.05285309,3493.02636359,1704155748371,true,true
4000018118,66089.01,0.01892951,1251.03257569,1704155748376,false,true
4000018119,66088.97,0.04580541,3027.23236733,1704155748747,false,true
4000018120,66090.64,0.03143164,2077.33720385,1704155748750,true,true
4000018121,66090.57,0.04549340,3006.68473724,1704155748774,false,true
4000018122,66090.82,0.08643514,5712.56927941,1704155748829,false,true
4000018123,66093.19,0.03826230,2528.87746374,1704155748845,true,true
4000018124,66093.45,0.15130627,10000.35339093,1704155748989,true,true
4000018125,66092.99,0.03994748,2640.24839617,1704155749029,false,true
4000018126,66092.88,0.03209588,2121.30914533,1704155749136,true,true
4000018127,66092.13,0.09072026,5995.89521755,1704155749293,true,true
4000018128,66091.52,0.04370332,2888.41884785,1704155749575,false,true
4000018129,66091.89,0.03685128,2435.57074412,1704155749636,true,true
4000018130,66091.00,0.14700351,9715.60897941,1704155749649,true,true
4000018131,66092.29,0.08650934,5717.60038699,1704155749855,false,true
4000018132,66092.75,0.08837914,5841.22040523,1704155749980,false,true
4000018133,66091.76,0.02553319,1687.53346551,1704155750428,false,true
4000018134,66090.16,0.02581479,1706.10360147,1704155750532,true,true
4000018135,66090.96,0.07943345,5249.83296661,1704155750693,false,true
4000018136,66090.84,0.02914321,1926.09922920,1704155750881,false,true
4000018137,66089.17,0.09112769,6022.55339612,1704155750906,false,true
4000018138,66092.04,0.05835460,3856.77455738,1704155750967,true,true
4000018139,66093.34,0.01735482,1147.03801890,1704155750985,true,true
4000018140,66091.90,0.04061939,2684.61266194,1704155751087,true,true
4000018141,66092.12,0.03039012,2008.54745785,1704155751154,true,true
4000018142,66093.76,0.05892629,3894.66006895,1704155751242,false,true
4000018143,66092.22,0.03456379,2284.39761271,1704155751491,false,true
4000018144,66090.52,0.04564900,3016.96614748,1704155751523,false,true
4000018145,66091.46,0.02392909,1581.50849457,1704155751692,true,true
4000018146,66092.89,0.03253829,2150.54962176,1704155751883,false,true
4000018147,66094.27,0.11553283,7636.05805988,1704155751890,true,true
4000018148,66092.94,0.03857809,2549.73938768,1704155751912,false,true
4000018149,66094.22,0.04981098,3292.21787054,1704155752170,true,true
4000018150,66093.49,0.01825538,1206.56177548,1704155752341,false,true
4000018151,66093.66,0.04062620,2685.13424989,1704155752350,true,true
4000018152,66093.19,0.06411356,4237.46970266,1704155752438,false,true
4000018153,66091.09,0.01230548,813.28258617,1704155752476,false,true
4000018154,66091.53,0.01183008,781.86808722,1704155752501,true,true
4000018155,66092.85,0.03733540,2467.60299189,1704155752611,false,true
4000018156,66090.75,0.06721229,4442.11065532,1704155752655,false,true
4000018157,66089.28,0.06038645,3990.89700226,1704155752680,false,true
4000018158,66091.15,0.03277233,2165.96097788,1704155752680,true,true
4000018159,66092.79,0.09239938,6106.93281847,1704155752843,true,true
4000018160,66095.85,0.03966359,2621.59869510,1704155752911,false,true
4000018161,66093.25,0.03841578,2539.02375148,1704155753048,false,true
4000018162,66094.38,0.03662748,2420.87058156,1704155753146,true,true
4000018163,66095.04,0.04410802,2915.32134622,1704155753324,true,true
4000018164,66098.54,0.03133363,2071.10719590,1704155753418,false,true
4000018165,66098.24,0.06320067,4177.45305382,1704155753591,true,true
4000018166,66097.97,0.04867950,3217.61613062,1704155753592,true,true
4000018167,66097.45,0.03001417,1983.86010087,1704155753599,false,true
4000018168,66096.69,0.09823865,6493.24959507,1704155753606,true,true
4000018169,66096.21,0.04087344,2701.57947366,1704155753617,true,true
4000018170,66096.30,0.02989412,1975.89072376,1704155754134,false,true
4000018171,66096.10,0.03992287,2638.74600781,1704155754201,false,true
4000018172,66094.94,0.07610986,5030.47663011,1704155754272,true,true
4000018173,66096.25,0.10722510,7087.17701588,1704155754364,false,true
4000018174,66097.49,0.06245046,4127.81865535,1704155754644,false,true
4000018175,66095.50,0.19406306,12826.69498223,1704155754706,true,true
4000018176,66094.62,0.03320135,2194.43061174,1704155755298,false,true
4000018177,66092.39,0.02749651,1817.31006256,1704155755472,false,true
4000018178,66092.22,0.09836232,6500.98409315,1704155755479,false,true
4000018179,66093.61,0.05590064,3694.67509891,1704155755530,true,true
4000018180,66095.31,0.02818458,1862.86855232,1704155755567,true,true
4000018181,66095.68,0.01824817,1206.12520491,1704155755598,false,true
4000018182,66098.45,0.04512002,2982.36338597,1704155755644,false,true
4000018183,66097.20,0.10065924,6653.29391813,1704155755649,true,true
4000018184,66097.22,0.03338840,2206.88042025,1704155755870,false,true
4000018185,66095.92,0.08346095,5516.42827432,1704155756014,true,true
4000018186,66093.48,0.03659668,2418.80193765,1704155756025,false,true
4000018187,66092.67,0.04018390,2655.86124201,1704155756110,true,true
4000018188,66089.57,0.03547493,2344.52286948,1704155756118,false,true
4000018189,66089.70,0.03565222,2356.24452413,1704155756314,true,true
4000018190,66089.23,0.05104881,3373.77654532,1704155756333,false,true
4000018191,66090.63,0.08096165,5350.80645434,1704155756349,true,true
4000018192,66090.86,0.01892531,1250.79001367,1704155756350,false,true
4000018193,66090.95,0.01412988,933.85719259,1704155756352,true,true
4000018194,66090.44,0.04066101,2687.30404174,1704155756406,false,true
4000018195,66090.12,0.06883878,4549.56323085,1704155756515,false,true
4000018196,66089.46,0.04511339,2981.51958387,1704155756566,false,true
4000018197,66089.22,0.05022088,3319.05878691,1704155756591,true,true
4000018198,66089.14,0.08127784,5371.58254666,1704155756867,false,true
4000018199,66087.34,0.08773930,5798.45695046,1704155756951,false,true
4000018200,66088.25,0.04822256,3186.94460092,1704155756967,false,true
4000018201,66089.13,0.06583242,4350.80736359,1704155757231,false,true
4000018202,66087.23,0.02876502,1901.00049269,1704155757281,false,true
4000018203,66086.53,0.10951710,7237.60511466,1704155757568,false,true
4000018204,66086.09,0.02160935,1428.07744894,1704155757635,true,true
4000018205,66087.54,0.07975866,5271.05363310,1704155757697,false,true
4000018206,66085.11,0.09489221,6270.96213599,1704155757804,false,true
4000018207,66085.45,0.05087814,3362.30477706,1704155757808,true,true
4000018208,66083.78,0.04825670,3188.98514633,1704155757875,true,true
4000018209,66084.95,0.03205799,2118.55066625,1704155757908,true,true
4000018210,66085.27,0.06675147,4411.28891785,1704155757947,false,true
4000018211,66086.31,0.04504030,2976.54722829,1704155757983,false,true
4000018212,66087.07,0.06093647,4027.11275844,1704155758187,false,true
4000018213,66085.71,0.11165423,7378.74906405,1704155758694,false,true
4000018214,66085.57,0.06521912,4310.04272010,1704155758708,true,true
4000018215,66084.92,0.05726738,3784.51022591,1704155758718,true,true
4000018216,66084.11,0.04711967,3113.86145544,1704155758918,true,true
4000018217,66081.75,0.01504430,994.15367153,1704155758941,false,true
4000018218,66081.79,0.06900191,4559.76972622,1704155759036,false,true
4000018219,66082.18,0.06123532,4046.56343860,1704155759116,false,true
4000018220,66077.68,0.06792417,4488.27156953,1704155759170,true,true
4000018221,66077.54,0.05363488,3544.06092860,1704155759304,true,true
4000018222,66077.61,0.05527746,3652.60244367,1704155759350,true,true
4000018223,66076.77,0.03954391,2612.93384597,1704155759391,true,true
4000018224,66073.43,0.01965458,1298.64551581,1704155759536,true,true
4000018225,66076.14,0.07033905,4647.73291527,1704155759918,false,true
4000018226,66075.67,0.05705419,3769.89383056,1704155760007,false,true
4000018227,66073.66,0.04590946,3033.40605082,1704155760286,true,true
4000018228,66074.49,0.05844002,3861.39451709,1704155760407,false,true
4000018229,66072.38,0.15798941,10438.73633350,1704155760640,true,true
4000018230,66070.64,0.07429167,4908.49818357,1704155760659,false,true
4000018231,66068.51,0.12684236,8380.28573008,1704155760663,true,true
4000018232,66068.24,0.01456751,962.44974688,1704155760676,true,true
4000018233,66069.29,0.08727564,5766.23956910,1704155760706,true,true
4000018234,66068.68,0.03267413,2158.73663925,1704155761043,false,true
4000018235,66068.41,0.04786355,3162.26864546,1704155761114,false,true
4000018236,66071.43,0.07915750,5230.04922023,1704155761157,true,true
4000018237,66071.29,0.14282980,9436.94913644,1704155761174,true,true
4000018238,66071.07,0.08545739,5646.26119671,1704155761387,true,true
4000018239,66069.51,0.04309589,2847.32433531,1704155761497,true,true
4000018240,66070.76,0.05526258,3651.24066016,1704155761606,true,true
4000018241,66071.50,0.08693168,5743.70649512,1704155761709,false,true
4000018242,66073.17,0.02365803,1563.16103806,1704155762189,true,true
4000018243,66072.33,0.05211617,3443.43678258,1704155762258,false,true
4000018244,66070.61,0.03099896,2048.12019657,1704155762406,true,true
4000018245,66070.29,0.05835245,3855.36329371,1704155762444,false,true
4000018246,66071.00,0.01866407,1233.15376897,1704155762718,false,true
4000018247,66068.24,0.06298318,4161.18785220,1704155763069,false,true
4000018248,66069.02,0.01646308,1087.69956178,1704155763556,false,true
4000018249,66068.94,0.05020964,3317.29769258,1704155763629,false,true
4000018250,66068.56,0.09628869,6361.65509259,1704155763734,false,true
4000018251,66067.27,0.05212054,3443.46178873,1704155763737,false,true
4000018252,66064.52,0.02688284,1776.00192084,1704155763873,true,true
4000018253,66066.28,0.04742991,3133.51771443,1704155764104,true,true
4000018254,66065.40,0.02648905,1750.00968387,1704155764112,false,true
4000018255,66065.35,0.09019092,5958.49469662,1704155764174,false,true
4000018256,66067.59,0.03975177,2626.30364213,1704155764182,false,true
4000018257,66067.14,0.04727172,3123.10734328,1704155764268,true,true
4000018258,66068.80,0.05012618,3311.77656118,1704155764450,true,true
4000018259,66065.01,0.04142927,2737.02513684,1704155764466,true,true
4000018260,66064.68,0.04216310,2785.49170931,1704155764494,false,true
4000018261,66066.11,0.03233628,2136.33223147,1704155764637,false,true
4000018262,66068.19,0.08490429,5609.47276354,1704155764679,false,true
4000018263,66068.23,0.04461523,2947.64927714,1704155765021,true,true
4000018264,66069.56,0.03895496,2573.73706702,1704155765120,true,true
4000018265,66069.09,0.09760677,6448.79047174,1704155765616,true,true
4000018266,66066.81,0.03155024,2084.42371153,1704155765823,false,true
4000018267,66065.53,0.02854456,1885.81148502,1704155765879,true,true
4000018268,66063.82,0.06456020,4265.09343196,1704155765987,true,true
4000018269,66064.21,0.04072695,2690.59377746,1704155765995,true,true
4000018270,66064.69,0.04828811,3190.13901784,1704155766226,false,true
4000018271,66063.20,0.08355416,5519.85518291,1704155766435,false,true
4000018272,66064.77,0.04060649,2682.65842236,1704155766573,true,true
4000018273,66065.32,0.09866948,6518.63077043,1704155766686,false,true
4000018274,66064.29,0.04678662,3090.92483180,1704155766744,false,true
4000018275,66065.78,0.09520461,6289.76681925,1704155766958,true,true
4000018276,66064.38,0.02680290,1770.71697070,1704155767129,false,true
4000018277,66064.21,0.05663551,3741.58022610,1704155767143,false,true
4000018278,66063.78,0.01943243,1283.77978039,1704155767288,true,true
4000018279,66062.48,0.06762122,4467.22549383,1704155767563,false,true
4000018280,66064.32,0.02482354,1639.95029009,1704155767599,true,true
4000018281,66065.01,0.11547296,7628.72225713,1704155767762,true,true
4000018282,66066.85,0.06231063,4116.66704562,1704155767832,true,true
4000018283,66064.12,0.05466082,3611.11897178,1704155767862,true,true
4000018284,66064.45,0.06915342,4568.58265792,1704155767893,false,true
4000018285,66065.28,0.03275043,2163.66632807,1704155767973,true,true
4000018286,66062.74,0.03161644,2088.66865545,1704155768021,false,true
4000018287,66063.64,0.10153728,6707.92231250,1704155768086,true,true
4000018288,66065.67,0.14019558,9262.11492374,1704155768096,false,true
4000018289,66065.13,0.03908971,2582.46677281,1704155768443,false,true
4000018290,66064.51,0.05154253,3405.13198861,1704155768991,false,true
4000018291,66064.30,0.06245312,4125.92165562,1704155769136,false,true
4000018292,66065.49,0.02444588,1615.02904068,1704155769215,false,true
4000018293,66062.47,0.05671657,3746.83670413,1704155769341,true,true
4000018294,66061.86,0.12121666,8007.79802259,1704155769538,false,true
4000018295,66064.88,0.07868036,5198.00854176,1704155769628,false,true
4000018296,66065.69,0.02447868,1617.20088449,1704155769696,false,true
4000018297,66067.62,0.02625731,1734.75797930,1704155769905,true,true
4000018298,66067.95,0.13565255,8962.28589077,1704155769965,true,true
4000018299,66067.93,0.10204202,6741.70503442,1704155770030,false,true
4000018300,66067.89,0.04303215,2843.04335266,1704155770198,false,true
4000018301,66065.77,0.03033860,2004.34296972,1704155770282,true,true
4000018302,66066.10,0.11021557,7281.51286918,1704155770335,true,true
4000018303,66065.28,0.07001218,4625.37427511,1704155770342,false,true
4000018304,66063.47,0.02928317,1934.54782280,1704155770422,false,true
4000018305,66061.11,0.02258163,1491.76754341,1704155770603,true,true
4000018306,66062.51,0.08843241,5842.06696995,1704155770713,false,true
4000018307,66061.12,0.04490818,2966.68466796,1704155771057,true,true
4000018308,66059.49,0.05172286,3416.78575294,1704155771296,false,true
4000018309,66059.54,0.02649536,1750.27129373,1704155771504,false,true
4000018310,66059.14,0.08056197,5321.85445491,1704155771622,true,true
4000018311,66060.71,0.07455574,4925.20511898,1704155771730,true,true
4000018312,66059.81,0.14479763,9565.30392625,1704155772395,false,true
4000018313,66060.15,0.01407647,929.89371967,1704155772402,false,true
4000018314,66059.14,0.10060255,6645.71793481,1704155772455,false,true
4000018315,66058.79,0.07008417,4629.67546835,1704155772570,true,true
4000018316,66058.77,0.02146124,1417.70311707,1704155772628,false,true
4000018317,66059.24,0.05225979,3452.24200996,1704155772704,true,true
4000018318,66056.17,0.04511850,2980.35530614,1704155772797,true,true
4000018319,66055.71,0.02458196,1623.77882099,1704155772997,false,true
4000018320,66057.97,0.03186972,2105.24900767,1704155773014,false,true
4000018321,66056.24,0.04846118,3201.16333676,1704155773176,true,true
4000018322,66055.26,0.02208954,1459.13030798,1704155773196,true,true
4000018323,66058.86,0.02814556,1859.26360766,1704155773298,true,true
4000018324,66057.53,0.04376784,2891.19540384,1704155773324,true,true
4000018325,66055.89,0.03142568,2075.85126126,1704155773336,true,true
4000018326,66055.80,0.04409740,2912.88903492,1704155773529,false,true
4000018327,66056.37,0.01571249,1037.91005306,1704155773568,true,true
4000018328,66057.47,0.06127800,4047.86964666,1704155773716,true,true
4000018329,66058.38,0.05853241,3866.55618210,1704155773929,true,true
4000018330,66058.41,0.03433117,2267.86250364,1704155774046,true,true
4000018331,66057.40,0.02102161,1388.63290041,1704155774123,false,true
4000018332,66057.21,0.11401042,7531.21025613,1704155774138,true,true
4000018333,66057.22,0.04523464,2988.07456610,1704155774203,true,true
4000018334,66058.46,0.01642960,1085.31407442,1704155774301,true,true
4000018335,66055.64,0.03409227,2251.98671390,1704155774416,true,true
4000018336,66056.21,0.06039363,3989.37430594,1704155774460,true,true
4000018337,66055.07,0.05251862,3469.12112040,1704155774503,true,true
4000018338,66057.57,0.06178054,4081.07234569,1704155774714,false,true
4000018339,66056.91,0.18002265,11891.73998901,1704155774896,true,true
4000018340,66057.92,0.19008903,12556.88593662,1704155774965,true,true
4000018341,66057.47,0.04495670,2969.72586155,1704155774969,true,true
4000018342,66057.37,0.05534609,3656.01714518,1704155774987,false,true
4000018343,66053.10,0.05484210,3622.49071551,1704155775096,true,true
4000018344,66050.57,0.09659535,6380.17792685,1704155775169,false,true
4000018345,66049.26,0.06664326,4401.73800699,1704155775205,true,true
4000018346,66047.07,0.02074084,1369.87171134,1704155775346,true,true
4000018347,66045.94,0.08168123,5394.71361571,1704155775475,false,true
4000018348,66044.83,0.03282573,2167.96975748,1704155775680,false,true
4000018349,66043.96,0.02091763,1381.48311901,1704155775782,true,true
4000018350,66044.13,0.03005578,1985.00784157,1704155775905,false,true
4000018351,66042.09,0.03672723,2425.54302911,1704155775910,true,true
4000018352,66042.16,0.06057446,4000.46817923,1704155775983,true,true
4000018353,66041.86,0.05512681,3640.67706827,1704155776236,true,true
4000018354,66041.39,0.07184508,4744.74894786,1704155776277,true,true
4000018355,66038.94,0.07517884,4964.73090403,1704155776345,false,true
4000018356,66036.86,0.01537934,1015.60332247,1704155776371,true,true
4000018357,66038.32,0.06774802,4473.96542413,1704155776595,false,true
4000018358,66038.82,0.03814721,2519.19673469,1704155776602,true,true
4000018359,66037.75,0.02161617,1427.48323042,1704155776926,true,true
4000018360,66038.73,0.02540722,1677.86054163,1704155776939,false,true
4000018361,66039.59,0.05356777,3537.59356801,1704155776970,true,true
4000018362,66039.90,0.04070901,2688.41894950,1704155777012,false,true
4000018363,66040.13,0.05424001,3582.01731160,1704155777030,false,true
4000018364,66039.27,0.05441923,3593.80622316,1704155777305,true,true
4000018365,66037.71,0.02128885,1405.86690253,1704155777493,false,true
4000018366,66035.09,0.08076941,5333.61525860,1704155777648,false,true
4000018367,66035.67,0.01393924,920.48705269,1704155777670,false,true
4000018368,66032.53,0.05154916,3403.92145417,1704155777870,true,true
4000018369,66031.87,0.03303970,2181.67317524,1704155778125,false,true
4000018370,66033.91,0.14301170,9443.62172675,1704155778319,false,true
4000018371,66033.21,0.08337695,5505.64764851,1704155778454,true,true
4000018372,66033.43,0.07140791,4715.30922643,1704155778519,true,true
4000018373,66034.30,0.06615431,4368.45355283,1704155778719,true,true
4000018374,66035.42,0.08920446,5890.65398197,1704155779079,true,true
4000018375,66036.70,0.01316075,869.09249952,1704155779269,true,true
4000018376,66038.60,0.24324861,16063.79765635,1704155779342,true,true
4000018377,66037.86,0.02276492,1503.34659987,1704155779347,true,true
4000018378,66037.53,0.03402664,2247.03525980,1704155779712,true,true
4000018379,66038.09,0.01757995,1160.94632030,1704155779835,true,true
4000018380,66037.68,0.04734543,3126.58235580,1704155779847,false,true
4000018381,66034.86,0.06345501,4190.24270165,1704155780482,true,true
4000018382,66035.15,0.06375863,4210.31069584,1704155780545,false,true
4000018383,66035.00,0.06642163,4386.15233705,1704155780595,false,true
4000018384,66035.65,0.02462492,1626.12259840,1704155780786,false,true
4000018385,66035.08,0.04837033,3194.13861118,1704155780990,true,true
4000018386,66032.43,0.08558271,5651.23430729,1704155781237,true,true
4000018387,66032.41,0.04027423,2659.40446779,1704155781251,false,true
4000018388,66033.59,0.08803745,5813.42887795,1704155781297,true,true
4000018389,66034.32,0.01877889,1240.05123150,1704155781374,false,true
4000018390,66033.23,0.15155633,10007.75399685,1704155781479,false,true
4000018391,66032.87,0.03334510,2201.87265344,1704155781584,true,true
4000018392,66030.60,0.04827647,3187.72427998,1704155782065,false,true
4000018393,66029.66,0.04257876,2811.46104602,1704155782230,true,true
4000018394,66029.15,0.02380713,1571.96455784,1704155782309,false,true
4000018395,66028.86,0.14754661,9742.33445516,1704155782502,false,true
4000018396,66028.19,0.09274732,6123.93766695,1704155782560,true,true
4000018397,66028.52,0.04253237,2808.34944319,1704155782760,false,true
4000018398,66027.52,0.09296190,6138.04371149,1704155782824,true,true
4000018399,66029.19,0.08874351,5859.66208306,1704155782987,true,true
4000018400,66027.03,0.05413103,3574.11114174,1704155783195,true,true
4000018401,66029.09,0.10026986,6620.72761023,1704155783233,true,true
4000018402,66028.71,0.08513144,5621.11916364,1704155783443,false,true
4000018403,66028.91,0.02699862,1782.68945010,1704155783665,true,true
4000018404,66028.16,0.11670683,7705.93724433,1704155783722,true,true
4000018405,66029.04,0.01783349,1177.52822455,1704155783778,true,true
4000018406,66029.30,0.08812657,5818.93572850,1704155783856,true,true
4000018407,66028.20,0.03858026,2547.38512333,1704155784070,false,true
4000018408,66029.38,0.04810722,3176.48991012,1704155784161,false,true
4000018409,66028.99,0.04091747,2701.73921746,1704155784354,false,true
4000018410,66028.31,0.03947422,2606.41603517,1704155784498,true,true
4000018411,66028.81,0.08924722,5892.88773241,1704155784572,false,true
4000018412,66026.44,0.14802393,9773.49313271,1704155784626,true,true
4000018413,66027.08,0.02002245,1322.02390795,1704155784701,true,true
4000018414,66025.96,0.06179146,4079.84046630,1704155784909,true,true
4000018415,66026.96,0.02293342,1514.22400500,1704155784944,false,true
4000018416,66027.40,0.02243093,1481.05598748,1704155785299,true,true
4000018417,66026.23,0.03597667,2375.40388805,1704155785395,false,true
4000018418,66027.03,0.08284127,5469.76301953,1704155785483,false,true
4000018419,66027.97,0.03467389,2289.44656870,1704155785488,false,true
4000018420,66029.28,0.08754625,5780.61585420,1704155785735,false,true
4000018421,66029.50,0.03766808,2487.20448836,1704155785954,true,true
4000018422,66029.01,0.01840152,1215.03414810,1704155786145,false,true
4000018423,66029.81,0.12690926,8379.79432504,1704155786180,true,true
4000018424,66028.98,0.06661625,4398.60303892,1704155786280,true,true
4000018425,66027.04,0.04638764,3062.83856179,1704155786374,false,true
4000018426,66023.27,0.05929990,3915.17330867,1704155786463,false,true
4000018427,66024.78,0.02565127,1693.61945847,1704155787155,true,true
4000018428,66025.13,0.03514572,2320.50073194,1704155787165,true,true
4000018429,66026.08,0.05180109,3420.22291243,1704155787298,true,true
4000018430,66023.48,0.10808124,7135.89958752,1704155787305,false,true
4000018431,66023.56,0.02694097,1778.73874925,1704155787350,true,true
4000018432,66023.44,0.03155882,2083.62185874,1704155787485,true,true
4000018433,66021.97,0.08803920,5812.52142122,1704155787615,false,true
4000018434,66021.92,0.04531688,2991.90742601,1704155787734,false,true
4000018435,66019.59,0.01633247,1078.26297309,1704155787983,false,true
4000018436,66019.78,0.09211317,6081.29121850,1704155788106,true,true
4000018437,66020.21,0.04096099,2704.25316161,1704155788183,true,true
4000018438,66020.49,0.05124997,3383.54813189,1704155788223,true,true
4000018439,66018.28,0.07786754,5140.68105863,1704155788426,true,true
4000018440,66018.53,0.10907677,7201.08801255,1704155788444,true,true
4000018441,66016.75,0.33332848,22005.26293204,1704155788606,true,true
4000018442,66016.60,0.02184804,1442.33331746,1704155788711,true,true
4000018443,66015.53,0.01420924,938.03050950,1704155788796,false,true
4000018444,66014.72,0.03301635,2179.56510067,1704155789169,false,true
4000018445,66015.40,0.04632468,3058.14228007,1704155789258,false,true
4000018446,66014.73,0.01398541,923.24306509,1704155789313,false,true
4000018447,66014.86,0.02697023,1780.43595762,1704155789542,true,true
4000018448,66015.69,0.04561235,3011.13075777,1704155789659,false,true
4000018449,66018.85,0.06136277,4051.09950821,1704155789973,true,true
4000018450,66017.85,0.01119332,738.95892076,1704155790126,false,true
4000018451,66017.47,0.09997116,6599.84305617,1704155790480,true,true
4000018452,66019.98,0.13852798,9145.61446904,1704155790708,false,true
4000018453,66018.15,0.04174926,2756.20890907,1704155790832,false,true
4000018454,66020.88,0.03009282,1986.75445808,1704155790865,true,true
4000018455,66019.58,0.09769425,6449.73335342,1704155790954,true,true
4000018456,66019.95,0.01988181,1312.59610211,1704155791182,true,true
4000018457,66020.22,0.05358250,3537.52843815,1704155791223,true,true
4000018458,66017.69,0.02609572,1722.77915329,1704155791231,false,true
4000018459,66017.67,0.06188383,4085.42626728,1704155791234,true,true
4000018460,66018.74,0.07456032,4922.37838040,1704155791388,false,true
4000018461,66019.01,0.01451266,958.11144567,1704155791455,false,true
4000018462,66020.34,0.06666051,4400.94953477,1704155791939,false,true
4000018463,66021.32,0.03277725,2163.99731097,1704155791964,true,true
4000018464,66020.78,0.02231334,1473.14411121,1704155792044,true,true
4000018465,66022.10,0.07620208,5031.02134597,1704155792065,true,true
4000018466,66020.84,0.04393065,2900.33841475,1704155792193,true,true
4000018467,66017.98,0.03861492,2549.27901626,1704155792245,false,true
4000018468,66019.33,0.08951255,5909.55857759,1704155792455,false,true
4000018469,66018.37,0.01831447,1209.09145681,1704155792464,true,true
4000018470,66014.18,0.04976395,3285.12635281,1704155792599,false,true
4000018471,66012.96,0.06733724,4445.13053063,1704155792671,false,true
4000018472,66012.90,0.04817192,3179.96813777,1704155792715,true,true
4000018473,66015.34,0.02130324,1406.34063170,1704155792887,false,true
4000018474,66013.07,0.11937034,7880.00261034,1704155792942,false,true
4000018475,66012.17,0.22341706,14748.24494562,1704155792989,true,true
4000018476,66012.26,0.03608728,2382.20291005,1704155793475,true,true
4000018477,66012.43,0.02706669,1786.73797896,1704155793669,true,true
4000018478,66009.61,0.02890071,1907.72459582,1704155793738,false,true
4000018479,66010.21,0.01705911,1126.07543351,1704155793816,false,true
4000018480,66011.41,0.13149990,8680.49381386,1704155794031,false,true
4000018481,66012.12,0.05110722,3373.69593951,1704155794142,false,true
4000018482,66011.73,0.02718144,1794.29387829,1704155794184,true,true
4000018483,66009.01,0.03061634,2020.95429322,1704155794213,false,true
4000018484,66009.07,0.06528962,4309.70709685,1704155794473,false,true
4000018485,66010.30,0.06409178,4230.71762533,1704155794721,true,true
4000018486,66012.01,0.06417150,4236.08969972,1704155794866,false,true
4000018487,66010.79,0.05464368,3607.07248531,1704155794953,true,true
4000018488,66010.80,0.00770580,508.66602264,1704155795096,false,true
4000018489,66010.47,0.03103629,2048.72008996,1704155795116,false,true
4000018490,66011.17,0.06554047,4326.40310705,1704155795310,false,true
4000018491,66011.38,0.03695022,2439.13501350,1704155795437,true,true
4000018492,66010.70,0.03400970,2245.00410379,1704155795511,false,true
4000018493,66010.80,0.07434710,4907.71154868,1704155795928,true,true
4000018494,66010.79,0.07128595,4705.64187540,1704155795937,false,true
4000018495,66011.35,0.02306996,1522.87920405,1704155796092,true,true
4000018496,66010.54,0.11027147,7279.07928129,1704155796173,true,true
4000018497,66011.97,0.01518676,1002.50794552,1704155796523,false,true
4000018498,66013.38,0.04671180,3083.60380388,1704155796594,true,true
4000018499,66009.14,0.09084041,5996.29734135,1704155796676,false,true
4000018500,66009.74,0.06941386,4581.99085100,1704155796740,true,true
4000018501,66010.53,0.02484143,1639.79596026,1704155796789,false,true
4000018502,66009.42,0.03698011,2441.03561264,1704155797015,true,true
4000018503,66007.14,0.02615383,1726.33951835,1704155797245,false,true
4000018504,66007.31,0.09336558,6162.81078239,1704155797371,true,true
4000018505,66006.03,0.07164051,4728.70565228,1704155797810,true,true
4000018506,66006.48,0.04374585,2887.50957311,1704155797926,true,true
4000018507,66004.66,0.02210669,1459.14455718,1704155797931,false,true
4000018508,66004.19,0.06892163,4549.11636163,1704155797965,true,true
4000018509,66003.51,0.01337228,882.61741670,1704155798015,false,true
4000018510,66003.26,0.02818583,1860.35666581,1704155798294,true,true
4000018511,66003.02,0.06207382,4097.05958294,1704155798304,true,true
4000018512,66005.57,0.07339014,4844.15802308,1704155798351,false,true
4000018513,66007.02,0.07470436,4931.01218461,1704155798374,true,true
4000018514,66005.29,0.07615114,5026.37807953,1704155798554,false,true
4000018515,66004.24,0.04853459,3203.48872666,1704155798814,false,true
4000018516,66005.52,0.03819774,2521.26169152,1704155798834,false,true
4000018517,66008.67,0.06582777,4345.20354677,1704155798853,true,true
4000018518,66008.09,0.08543955,5639.70150596,1704155798996,true,true
4000018519,66008.93,0.05992966,3955.89273186,1704155799054,true,true
4000018520,66008.03,0.08089423,5339.66876067,1704155799058,false,true
4000018521,66007.50,0.09949211,6567.22545082,1704155799327,true,true
4000018522,66004.93,0.04126170,2723.47562018,1704155799337,true,true
4000018523,66004.77,0.05068146,3345.21811056,1704155799612,true,true
4000018524,66001.86,0.09736356,6426.17605622,1704155799764,false,true
4000018525,66001.52,0.00881682,581.92352157,1704155799833,true,true
4000018526,66002.89,0.03642877,2404.40409915,1704155799843,false,true
4000018527,66003.17,0.08310045,5484.89312843,1704155799844,false,true
4000018528,66001.96,0.06549183,4322.58914399,1704155799857,false,true
4000018529,66000.23,0.08131465,5366.78560237,1704155800001,false,true
4000018530,65999.33,0.09653336,6371.13708265,1704155800099,false,true
4000018531,65999.63,0.06408580,4229.63908825,1704155800188,false,true
4000018532,66001.35,0.04083411,2695.10638605,1704155800236,false,true
4000018533,66001.34,0.06605171,4359.50136929,1704155800248,false,true
4000018534,66003.00,0.03401714,2245.23329142,1704155800517,false,true
4000018535,66001.97,0.05555307,3666.61205955,1704155800537,false,true
4000018536,66004.07,0.02625193,1732.73422536,1704155800548,false,true
4000018537,66005.13,0.04217459,2783.73929565,1704155800645,false,true
4000018538,66004.87,0.07538305,4975.64841545,1704155800649,false,true
4000018539,66004.67,0.05885405,3884.64214841,1704155800692,false,true
4000018540,66005.08,0.02690919,1776.14323869,1704155800706,false,true
4000018541,66005.43,0.10689085,7055.37651732,1704155801098,false,true
4000018542,66009.39,0.03666465,2420.21118106,1704155801246,true,true
4000018543,66007.68,0.05634310,3719.07731501,1704155801257,false,true
4000018544,66005.77,0.06380803,4211.69815233,1704155801340,true,true
4000018545,66005.92,0.03906426,2578.47242042,1704155801491,true,true
4000018546,66004.97,0.04543359,2998.84274494,1704155801520,false,true
4000018547,66003.78,0.06456562,4261.57497804,1704155801839,true,true
4000018548,66004.52,0.01870183,1234.40531227,1704155801893,false,true
4000018549,66005.06,0.06359866,4197.83336922,1704155801913,true,true
4000018550,66006.98,0.11497174,7588.93734275,1704155801926,true,true
4000018551,66003.42,0.05488514,3622.60694718,1704155801937,false,true
4000018552,66003.63,0.05881173,3881.78766658,1704155802098,false,true
4000018553,66004.97,0.02401665,1585.21826275,1704155802229,false,true
4000018554,66004.73,0.10575036,6980.02395920,1704155802264,true,true
4000018555,66004.53,0.03761136,2482.52013946,1704155802370,true,true
4000018556,66003.22,0.04183338,2761.13778348,1704155802388,false,true
4000018557,66002.56,0.08570593,5656.81078718,1704155802557,false,true
4000018558,66001.01,0.08719375,5754.87556569,1704155802847,false,true
4000018559,66003.54,0.02607907,1721.31093991,1704155802936,false,true
4000018560,66000.83,0.01970157,1300.31997230,1704155802944,true,true
4000018561,65999.92,0.05005869,3303.86953530,1704155802944,true,true
4000018562,66000.24,0.01981153,1307.56573477,1704155803010,true,true
4000018563,66001.28,0.09192308,6067.04094154,1704155803192,false,true
4000018564,66000.64,0.08132772,5367.68156974,1704155803240,true,true
4000018565,66000.92,0.06708634,4427.76015943,1704155803278,false,true
4000018566,66000.62,0.03615959,2386.55535895,1704155803316,false,true
4000018567,65999.42,0.04642138,3063.78415560,1704155803471,true,true
4000018568,66000.81,0.11832968,7809.85472704,1704155803681,false,true
4000018569,65999.04,0.34306211,22641.76992037,1704155803941,false,true
4000018570,65997.49,0.05690419,3755.53371048,1704155804141,true,true
4000018571,65999.82,0.02541851,1677.61708467,1704155804359,true,true
4000018572,66001.60,0.07857808,5186.27900493,1704155805025,false,true
4000018573,66001.98,0.01798931,1187.33007883,1704155805274,true,true
4000018574,66001.45,0.03471941,2291.53140314,1704155805278,true,true
4000018575,66001.17,0.10344539,6827.51677111,1704155805750,false,true
4000018576,66000.31,0.05500097,3630.08107030,1704155806069,false,true
4000018577,66002.44,0.04841998,3195.83682475,1704155806523,false,true
4000018578,66003.64,0.04212051,2780.10697866,1704155806650,false,true
4000018579,66004.69,0.04571819,3017.61495831,1704155806708,false,true
4000018580,66008.97,0.08715378,5752.93124941,1704155806786,true,true
4000018581,66008.61,0.01485995,980.88464417,1704155806948,true,true
4000018582,66006.06,0.01628273,1074.75885334,1704155807426,true,true
4000018583,66006.17,0.08204058,5415.18447038,1704155807562,false,true
4000018584,66006.19,0.01817634,1199.75095154,1704155807833,false,true
4000018585,66005.96,0.03890274,2567.81270033,1704155807834,false,true
4000018586,66006.27,0.02467679,1628.82286347,1704155808299,true,true
4000018587,66006.72,0.12660201,8356.58342551,1704155808348,true,true
4000018588,66009.01,0.07523649,4966.28622077,1704155808389,true,true
4000018589,66007.43,0.02033806,1342.46307179,1704155808550,false,true
4000018590,66005.53,0.11513981,7599.86418315,1704155808819,false,true
4000018591,66006.86,0.03588603,2368.72415817,1704155809057,true,true
4000018592,66011.25,0.03202988,2114.33241615,1704155809234,false,true
4000018593,66013.09,0.04833163,3190.52024104,1704155809257,false,true
4000018594,66013.95,0.05977564,3946.02611018,1704155809342,false,true
4000018595,66014.94,0.13132997,8669.74008975,1704155809441,false,true
4000018596,66015.27,0.05039701,3326.97222234,1704155809471,false,true
4000018597,66014.92,0.08948000,5907.01504160,1704155809685,true,true
4000018598,66012.58,0.05000187,3300.75244352,1704155809916,true,true
4000018599,66010.88,0.04994298,3296.78005962,1704155809956,false,true
4000018600,66010.93,0.07980447,5267.96728286,1704155810099,false,true
4000018601,66010.61,0.19141479,12635.40705092,1704155810137,true,true
4000018602,66010.79,0.15257575,10071.64579234,1704155810437,true,true
4000018603,66011.91,0.09142110,6034.88142530,1704155810578,false,true
4000018604,66010.79,0.04001993,2641.74719504,1704155810680,true,true
4000018605,66010.72,0.01085854,716.78004355,1704155810741,false,true
4000018606,66009.47,0.08743992,5771.86277604,1704155811006,false,true
4000018607,66007.13,0.01760365,1161.96641402,1704155811113,true,true
4000018608,66010.75,0.03222929,2127.47960487,1704155811113,true,true
4000018609,66011.44,0.02113466,1395.12934051,1704155811125,true,true
4000018610,66010.54,0.06102139,4028.05490545,1704155811255,true,true
4000018611,66009.75,0.06458975,4263.55325006,1704155811280,false,true
4000018612,66011.18,0.02252130,1486.65758813,1704155811320,true,true
4000018613,66011.29,0.02767597,1826.92648170,1704155811368,false,true
4000018614,66013.22,0.01930484,1274.37464998,1704155811504,false,true
4000018615,66012.09,0.11153353,7362.56142038,1704155811640,false,true
4000018616,66009.99,0.05164161,3408.86215968,1704155811805,false,true
4000018617,66012.75,0.09305014,6142.49562929,1704155811913,true,true
4000018618,66014.61,0.09567575,6315.99732271,1704155811944,false,true
4000018619,66013.87,0.01665772,1099.64056258,1704155812148,true,true
4000018620,66014.01,0.02993825,1976.34393488,1704155812157,true,true
4000018621,66011.93,0.03631238,2397.05028669,1704155812205,false,true
4000018622,66011.58,0.11602717,7659.13681463,1704155812545,false,true
4000018623,66009.56,0.12374592,8168.41373100,1704155812665,false,true
4000018624,66011.07,0.07135116,4709.96641734,1704155812778,false,true
4000018625,66010.95,0.05404194,3567.35979924,1704155812941,false,true
4000018626,66009.81,0.11881345,7842.85325994,1704155813076,true,true
4000018627,66008.36,0.03911742,2582.07674163,1704155813087,false,true
4000018628,66007.44,0.07149311,4719.07716874,1704155813373,false,true
4000018629,66006.73,0.04801680,3169.43195306,1704155813606,true,true
4000018630,66004.88,0.06717589,4433.93655834,1704155813663,false,true
4000018631,66004.44,0.13458251,8883.04320634,1704155813707,false,true
4000018632,66000.47,0.04775999,3152.18178720,1704155814122,true,true
4000018633,66002.54,0.06363283,4199.92840739,1704155814143,true,true
4000018634,66003.53,0.02075581,1369.95672801,1704155814179,false,true
4000018635,66006.11,0.05550762,3663.84207156,1704155814212,true,true
4000018636,66008.01,0.11672773,7704.96516912,1704155814327,false,true
4000018637,66009.22,0.04664344,3078.89709252,1704155814349,false,true
4000018638,66009.57,0.02857681,1886.34294007,1704155814414,false,true
4000018639,66010.19,0.03237005,2136.75315081,1704155814582,true,true
4000018640,66011.45,0.09349385,6171.66460458,1704155814744,true,true
4000018641,66014.00,0.03135335,2069.76004690,1704155814748,true,true
4000018642,66014.18,0.06473097,4273.16190515,1704155814766,false,true
4000018643,66013.28,0.06247788,4124.36978625,1704155814823,true,true
4000018644,66011.27,0.02745743,1812.49982524,1704155814990,false,true
4000018645,66014.68,0.03985992,2631.33986363,1704155815113,false,true
4000018646,66016.13,0.03385570,2235.02229244,1704155815189,true,true
4000018647,66017.49,0.04372705,2886.75008610,1704155815429,true,true
4000018648,66016.89,0.08350727,5512.89025779,1704155815536,true,true
4000018649,66016.27,0.06785803,4479.73403015,1704155815558,true,true
4000018650,66012.41,0.02396470,1581.96760193,1704155815742,true,true
4000018651,66014.43,0.03700990,2443.18745286,1704155815747,true,true
4000018652,66013.60,0.29157977,19248.23030487,1704155815908,false,true
4000018653,66015.28,0.03406843,2249.03694561,1704155816134,false,true
4000018654,66014.46,0.04086387,2697.60631156,1704155816190,true,true
4000018655,66014.84,0.04459328,2943.81824428,1704155816288,false,true
4000018656,66014.81,0.04855441,3205.31015081,1704155816535,false,true
4000018657,66014.16,0.06090889,4020.84920988,1704155816551,false,true
4000018658,66015.37,0.08033845,5303.57250198,1704155816818,false,true
4000018659,66015.09,0.08932336,5896.68964950,1704155816855,true,true
4000018660,66014.58,0.02043038,1348.70295494,1704155817074,true,true
4000018661,66014.08,0.08513451,5620.07635390,1704155817082,false,true
4000018662,66015.24,0.04197276,2770.84182486,1704155817114,true,true
4000018663,66014.87,0.01873955,1237.08895711,1704155817696,false,true
4000018664,66014.80,0.02806714,1852.84663367,1704155817710,true,true
4000018665,66017.38,0.07202111,4754.64498689,1704155817727,true,true
4000018666,66015.29,0.04744207,3131.90200925,1704155817742,false,true
4000018667,66015.67,0.05620800,3710.60877936,1704155818130,false,true
4000018668,66012.33,0.04588467,3028.95397798,1704155818275,true,true
4000018669,66011.78,0.11643661,7686.18788327,1704155818403,false,true
4000018670,66010.99,0.10813647,7138.19543981,1704155818406,true,true
4000018671,66012.43,0.07919506,5227.85835460,1704155818428,false,true
4000018672,66013.12,0.05912493,3903.02109908,1704155818446,true,true
4000018673,66015.36,0.06343620,4187.76358003,1704155818463,true,true
4000018674,66013.07,0.03347497,2209.78553786,1704155818737,true,true
4000018675,66014.07,0.04107468,2711.50680075,1704155818751,false,true
4000018676,66016.16,0.01894634,1250.76461285,1704155818947,true,true
4000018677,66017.91,0.05257689,3471.01639210,1704155819433,true,true
4000018678,66018.32,0.03732649,2464.23216130,1704155819437,true,true
4000018679,66020.69,0.05272815,3481.14884542,1704155819715,false,true
4000018680,66021.37,0.04604312,3039.82986147,1704155819815,true,true
4000018681,66019.51,0.01903893,1256.94082952,1704155819986,false,true
4000018682,66015.94,0.05347455,3530.17268433,1704155820030,false,true
4000018683,66014.00,0.04859681,3208.06981534,1704155820051,false,true
4000018684,66013.33,0.02146809,1417.18010964,1704155820060,true,true
4000018685,66011.24,0.08958454,5913.58657023,1704155820126,true,true
4000018686,66010.52,0.02985001,1970.41468211,1704155820249,false,true
4000018687,66011.14,0.08956311,5912.16299305,1704155820415,true,true
4000018688,66010.36,0.04870419,3214.98111541,1704155820502,true,true
4000018689,66008.78,0.02237293,1476.80981433,1704155820651,false,true
4000018690,66009.61,0.07966535,5258.67868401,1704155820739,true,true
4000018691,66009.00,0.08626401,5694.20103609,1704155821083,true,true
4000018692,66007.81,0.06397054,4222.55524992,1704155821126,true,true
4000018693,66006.60,0.04843383,3196.95244328,1704155821129,false,true
4000018694,66005.95,0.07371162,4865.40550414,1704155821670,false,true
4000018695,66006.27,0.07297586,4816.86431864,1704155821694,true,true
4000018696,66005.06,0.02035490,1343.52639579,1704155821827,false,true
4000018697,66005.17,0.04319082,2850.81741654,1704155821901,false,true
4000018698,66006.34,0.03937523,2599.01481896,1704155821924,false,true
4000018699,66009.34,0.03216633,2123.27821352,1704155822258,false,true
4000018700,66009.82,0.07300208,4818.85416043,1704155822655,true,true
4000018701,66009.70,0.02399533,1583.92453470,1704155822658,true,true
4000018702,66009.66,0.02196164,1449.68038944,1704155822695,false,true
4000018703,66011.65,0.15452028,10200.13864126,1704155822766,true,true
4000018704,66011.18,0.03335170,2201.58507201,1704155822833,true,true
4000018705,66011.89,0.11001315,7262.17595635,1704155822850,true,true
4000018706,66009.74,0.04030357,2660.42817677,1704155823411,false,true
4000018707,66009.86,0.04742496,3130.51497011,1704155823423,true,true
4000018708,66010.27,0.06317865,4170.43974474,1704155823446,true,true
4000018709,66008.30,0.05465273,3607.53379766,1704155823503,true,true
4000018710,66006.96,0.03858967,2547.18680410,1704155823513,true,true
4000018711,66009.77,0.10203481,6735.29434009,1704155823613,true,true
4000018712,66010.65,0.05196682,3430.36356663,1704155823620,false,true
4000018713,66014.34,0.03864307,2550.99676162,1704155823622,false,true
4000018714,66014.38,0.08968109,5920.24155407,1704155823638,true,true
4000018715,66011.75,0.05020037,3313.81427435,1704155823648,false,true
4000018716,66009.34,0.03241331,2139.58120032,1704155823769,true,true
4000018717,66009.84,0.02509273,1656.36709246,1704155823769,false,true
4000018718,66011.44,0.05427207,3582.57749248,1704155823910,false,true
4000018719,66013.24,0.11123420,7342.92994081,1704155824245,true,true
4000018720,66012.81,0.04511566,2978.21149160,1704155824245,false,true
4000018721,66011.85,0.04862247,3209.65919627,1704155824466,true,true
4000018722,66013.04,0.06838829,4514.51892330,1704155824577,false,true
4000018723,66014.94,0.01093232,721.69644886,1704155824707,false,true
4000018724,66016.99,0.10792255,7124.72190412,1704155824726,true,true
4000018725,66016.35,0.34653384,22876.89926828,1704155824758,true,true
4000018726,66017.51,0.06573637,4339.75146384,1704155824784,true,true
4000018727,66020.36,0.04457094,2942.58950434,1704155824896,false,true
4000018728,66018.90,0.08746241,5774.17209955,1704155824951,false,true
4000018729,66018.25,0.10691357,7058.24679265,1704155825283,false,true
4000018730,66014.88,0.03178245,2098.11462286,1704155825585,true,true
4000018731,66013.81,0.05085948,3357.42804942,1704155825738,false,true
4000018732,66014.23,0.07383150,4873.92962224,1704155825776,true,true
4000018733,66012.88,0.02378550,1570.14935724,1704155825882,false,true
4000018734,66013.35,0.04757482,3140.57324385,1704155826038,false,true
4000018735,66012.02,0.01146299,756.69512514,1704155826177,false,true
4000018736,66010.05,0.02444010,1613.29222301,1704155826341,false,true
4000018737,66009.59,0.02599544,1715.94833627,1704155826517,true,true
4000018738,66010.28,0.03464269,2286.77366685,1704155826547,false,true
4000018739,66012.07,0.07648125,5048.68562869,1704155826631,true,true
4000018740,66015.51,0.01907891,1259.50397389,1704155826850,false,true
4000018741,66017.03,0.02215613,1462.68189889,1704155826940,false,true
4000018742,66015.52,0.01994069,1316.39501951,1704155827037,true,true
4000018743,66012.08,0.07624850,5033.32208188,1704155827088,true,true
4000018744,66014.03,0.06404400,4227.80253732,1704155827111,false,true
4000018745,66014.78,0.16154780,10664.54247648,1704155827282,true,true
4000018746,66014.96,0.09321125,6153.33694030,1704155827402,false,true
4000018747,66013.13,0.05234437,3455.41570158,1704155827421,false,true
4000018748,66013.41,0.08431604,5565.98931810,1704155827430,false,true
4000018749,66012.71,0.08041898,5308.67480524,1704155827721,false,true
4000018750,66013.44,0.01556277,1027.35198363,1704155828068,true,true
4000018751,66012.24,0.11118811,7339.77620247,1704155828078,true,true
4000018752,66014.43,0.06123715,4042.53555207,1704155828573,true,true
4000018753,66016.05,0.05986561,3952.09110304,1704155828655,true,true
4000018754,66017.28,0.08288221,5471.65806459,1704155828820,false,true
4000018755,66015.65,0.03469229,2290.23407434,1704155828821,true,true
4000018756,66013.80,0.04606722,3041.07224764,1704155829131,false,true
4000018757,66014.14,0.10505536,6935.13924279,1704155829144,true,true
4000018758,66014.10,0.03271873,2159.89751409,1704155829176,true,true
4000018759,66015.55,0.05430365,3584.88532176,1704155829260,false,true
4000018760,66014.19,0.03951610,2608.62333346,1704155829283,false,true
4000018761,66014.11,0.04912867,3243.18542553,1704155829444,false,true
4000018762,66015.63,0.06421539,4239.21942655,1704155829486,false,true
4000018763,66014.93,0.14477042,9557.00914237,1704155829602,true,true
4000018764,66014.47,0.03993102,2636.02512186,1704155829612,false,true
4000018765,66014.60,0.02619044,1728.95142042,1704155829738,true,true
4000018766,66014.38,0.02469517,1630.23633654,1704155829777,true,true
4000018767,66014.44,0.04850881,3202.28192722,1704155829883,false,true
4000018768,66016.17,0.07449024,4917.56034718,1704155829906,false,true
4000018769,66015.09,0.11198578,7392.75134542,1704155829913,true,true
4000018770,66014.09,0.05189204,3425.60579884,1704155830431,true,true
4000018771,66014.80,0.01601016,1056.90751037,1704155830535,true,true
4000018772,66014.42,0.04856071,3205.70710544,1704155830540,false,true
4000018773,66013.50,0.17307687,11425.40995774,1704155830552,false,true
4000018774,66015.14,0.03029936,2000.21649231,1704155830555,false,true
4000018775,66014.75,0.06316461,4169.79593800,1704155830562,true,true
4000018776,66013.39,0.18936543,12500.65398311,1704155830740,false,true
4000018777,66015.52,0.03993634,2636.41825200,1704155830775,false,true
4000018778,66014.83,0.06750939,4456.62090425,1704155830828,true,true
4000018779,66012.88,0.04234986,2795.63622620,1704155830927,false,true
4000018780,66010.85,0.10554900,6967.37920665,1704155831031,false,true
4000018781,66010.64,0.10249792,6765.95329787,1704155831094,true,true
4000018782,66009.43,0.04887947,3226.50595340,1704155831226,false,true
4000018783,66008.34,0.04548851,3002.62103417,1704155831257,false,true
4000018784,66006.98,0.02988675,1972.73410951,1704155831387,true,true
4000018785,66008.30,0.06868746,4533.94246592,1704155831772,true,true
4000018786,66009.03,0.04363988,2880.62614812,1704155831789,false,true
4000018787,66008.44,0.04884107,3223.92283863,1704155832014,true,true
4000018788,66009.17,0.05190500,3426.20596885,1704155832231,true,true
4000018789,66009.96,0.04595852,3033.72006686,1704155832512,true,true
4000018790,66010.86,0.06841592,4516.19371689,1704155832986,true,true
4000018791,66010.95,0.05807373,3833.50208734,1704155833174,true,true
4000018792,66012.23,0.06082398,4015.12655728,1704155833405,true,true
4000018793,66011.80,0.15070680,9948.42714024,1704155833424,true,true
4000018794,66009.65,0.06971996,4602.19015761,1704155833545,false,true
4000018795,66010.31,0.04313419,2847.30125350,1704155833585,true,true
4000018796,66010.48,0.04836916,3192.87146880,1704155833604,true,true
4000018797,66009.73,0.04693206,3097.97260894,1704155833607,false,true
4000018798,66008.83,0.03741178,2469.50782602,1704155833695,false,true
4000018799,66009.46,0.04211807,2780.19105694,1704155833773,true,true
4000018800,66008.87,0.02651462,1750.20010468,1704155833839,false,true
4000018801,66008.47,0.01969418,1299.98268970,1704155833867,true,true
4000018802,66006.78,0.12024222,7936.80176225,1704155833890,false,true
4000018803,66006.19,0.05276490,3482.81001473,1704155834035,true,true
4000018804,66007.49,0.05235039,3455.51784442,1704155834351,false,true
4000018805,66007.84,0.01869983,1234.33538667,1704155834657,false,true
4000018806,66008.16,0.06013830,3969.61852853,1704155834836,false,true
4000018807,66008.31,0.02253182,1487.28735942,1704155834876,true,true
4000018808,66008.60,0.03988576,2632.80317754,1704155834939,true,true
4000018809,66006.65,0.03903179,2576.35770140,1704155834964,true,true
4000018810,66004.55,0.05815828,3838.71110017,1704155835126,true,true
4000018811,66006.93,0.01323815,873.80964038,1704155835205,false,true
4000018812,66006.73,0.11588463,7649.16548356,1704155835245,true,true
4000018813,66005.40,0.01639156,1081.93147442,1704155835484,true,true
4000018814,66006.51,0.06445955,4254.74993167,1704155835510,true,true
4000018815,66004.60,0.07818063,5160.28121090,1704155836348,false,true
4000018816,66004.85,0.03843587,2536.95383397,1704155836413,true,true
4000018817,66004.84,0.06616969,4367.51980130,1704155836432,true,true
4000018818,66004.76,0.03430120,2264.04247371,1704155836535,false,true
4000018819,66003.86,0.06163186,4067.94065898,1704155836621,false,true
4000018820,66005.27,0.02645182,1745.95952109,1704155836724,false,true
4000018821,66008.09,0.04920305,3247.79935267,1704155836793,true,true
4000018822,66009.70,0.04788471,3160.85534169,1704155836960,true,true
4000018823,66013.40,0.06259331,4131.99721035,1704155837010,true,true
4000018824,66013.22,0.02829212,1867.65394183,1704155837068,true,true
4000018825,66012.67,0.04093297,2702.09464073,1704155837088,false,true
4000018826,66013.64,0.04219118,2785.19336770,1704155837187,false,true
4000018827,66015.09,0.06331613,4179.82002040,1704155837806,true,true
4000018828,66016.19,0.04912055,3242.75156170,1704155837838,false,true
4000018829,66016.03,0.07253189,4788.26742620,1704155838127,false,true
4000018830,66017.06,0.09441864,6233.24102200,1704155838212,true,true
4000018831,66014.37,0.02576143,1700.62457175,1704155838261,false,true
4000018832,66016.18,0.03313539,2187.47187061,1704155838267,true,true
4000018833,66014.16,0.03230290,2132.44880906,1704155838454,false,true
4000018834,66013.89,0.08689421,5736.22482058,1704155838542,false,true
4000018835,66012.92,0.03647679,2407.93942013,1704155838708,false,true
4000018836,66015.82,0.07003243,4623.24829304,1704155838744,false,true
4000018837,66017.00,0.05219289,3445.61801913,1704155838819,false,true
4000018838,66017.69,0.05212000,3440.84200280,1704155838996,false,true
4000018839,66018.49,0.02423687,1600.08155973,1704155839160,true,true
4000018840,66019.53,0.05818463,3841.32192582,1704155839220,true,true
4000018841,66020.90,0.03724234,2458.77280491,1704155839431,false,true
4000018842,66018.15,0.03309408,2184.80993755,1704155839472,false,true
4000018843,66017.73,0.02849072,1880.89266047,1704155839716,true,true
4000018844,66016.73,0.04118373,2718.81518380,1704155839734,false,true
4000018845,66018.03,0.04944490,3264.25489155,1704155839753,false,true
4000018846,66016.76,0.04405451,2908.33601359,1704155839802,true,true
4000018847,66016.53,0.08068933,5326.82957462,1704155839891,true,true
4000018848,66018.46,0.04770821,3149.62255356,1704155839921,true,true
4000018849,66018.15,0.01283281,847.19837550,1704155839962,true,true
4000018850,66017.72,0.05597989,3695.66470365,1704155840260,true,true
4000018851,66018.27,0.02967675,1959.20769422,1704155840410,false,true
4000018852,66017.70,0.05798905,3828.30370619,1704155840428,true,true
4000018853,66017.48,0.06596938,4355.13222476,1704155840430,true,true
4000018854,66018.25,0.08323725,5495.17757981,1704155840816,true,true
4000018855,66022.46,0.03964057,2617.16794720,1704155840826,true,true
4000018856,66022.57,0.02596823,1714.48928295,1704155840827,true,true
4000018857,66021.62,0.05976139,3945.54378125,1704155840916,false,true
4000018858,66023.28,0.08614002,5687.24665967,1704155841109,true,true
4000018859,66023.91,0.05866462,3873.26759106,1704155841372,true,true
4000018860,66024.99,0.06536522,4315.73799685,1704155841436,true,true
4000018861,66026.44,0.03280032,2165.68836046,1704155841581,false,true
4000018862,66026.51,0.04893754,3231.17497419,1704155841699,true,true
4000018863,66025.24,0.04720378,3116.64090341,1704155841732,true,true
4000018864,66024.79,0.05146570,3398.01203470,1704155841931,false,true
4000018865,66024.08,0.04204008,2775.65760513,1704155842141,true,true
4000018866,66023.91,0.02902065,1916.05678374,1704155842219,false,true
4000018867,66025.14,0.02865939,1892.24023706,1704155842553,false,true
4000018868,66025.62,0.07670714,5064.63647693,1704155842666,false,true
4000018869,66023.33,0.05092495,3362.23477908,1704155842750,true,true
4000018870,66022.65,0.07954176,5251.55778086,1704155843104,false,true
4000018871,66024.93,0.09115427,6018.45429595,1704155843369,true,true
4000018872,66023.94,0.06352428,4194.12325126,1704155843518,true,true
4000018873,66020.95,0.02832654,1870.14508101,1704155843577,true,true
4000018874,66023.16,0.03028628,1999.59591024,1704155843620,true,true
4000018875,66025.82,0.04416698,2916.16107142,1704155843625,true,true
4000018876,66024.86,0.01602828,1058.26494304,1704155843813,false,true
4000018877,66027.49,0.04171862,2754.57576486,1704155843930,false,true
4000018878,66027.16,0.11553677,7628.56479867,1704155844109,true,true
4000018879,66026.99,0.03762553,2484.30049305,1704155844109,false,true
4000018880,66025.64,0.03056720,2018.21894301,1704155844238,false,true
4000018881,66024.07,0.09477112,6257.17506086,1704155844358,false,true
4000018882,66023.84,0.06444431,4254.86081235,1704155844470,false,true
4000018883,66025.70,0.02209843,1459.06430965,1704155844902,false,true
4000018884,66023.12,0.14677725,9690.69199002,1704155845020,true,true
4000018885,66024.73,0.06877808,4541.05416192,1704155845177,true,true
4000018886,66025.15,0.07773271,5132.31383766,1704155845330,true,true
4000018887,66025.30,0.03420997,2258.72353224,1704155845379,true,true
4000018888,66024.51,0.27845160,18384.63044872,1704155845432,false,true
4000018889,66023.94,0.11244386,7423.98666601,1704155845517,false,true
4000018890,66027.23,0.08564589,5654.96087758,1704155845600,true,true
4000018891,66027.05,0.02697319,1780.96016479,1704155845675,false,true
4000018892,66027.18,0.02263246,1494.35751026,1704155845730,true,true
4000018893,66028.77,0.01666454,1100.33907882,1704155845832,false,true
4000018894,66029.59,0.03158546,2085.57497376,1704155845845,true,true
4000018895,66031.08,0.02799811,1848.74544126,1704155846310,false,true
4000018896,66032.76,0.06237407,4118.73199453,1704155846448,true,true
4000018897,66032.48,0.01840336,1215.21950113,1704155846627,false,true
4000018898,66032.78,0.04472143,2953.08034848,1704155846834,false,true
4000018899,66034.48,0.06170458,4074.62985392,1704155847350,false,true
4000018900,66032.60,0.03418859,2257.56148803,1704155847432,true,true
4000018901,66032.70,0.05551842,3666.03117233,1704155847580,false,true
4000018902,66031.53,0.08772109,5792.35778597,1704155847854,true,true
4000018903,66032.12,0.03975355,2625.01118403,1704155847859,false,true
4000018904,66034.58,0.03929328,2594.71524162,1704155847995,true,true
4000018905,66033.88,0.02965511,1958.24197513,1704155848165,true,true
4000018906,66034.54,0.02637155,1741.43317334,1704155848379,false,true
4000018907,66033.24,0.10969727,7243.66615725,1704155848408,false,true
4000018908,66033.36,0.04706674,3107.97498645,1704155848558,true,true
4000018909,66033.35,0.14125313,9327.41737189,1704155848667,false,true
4000018910,66031.36,0.07500499,4952.68149649,1704155848999,false,true
4000018911,66031.87,0.03943276,2603.81888206,1704155849054,true,true
4000018912,66032.27,0.04185201,2763.58322436,1704155849177,true,true
4000018913,66033.93,0.03850453,2542.60543870,1704155849274,true,true
4000018914,66033.48,0.02371849,1566.21443505,1704155849312,false,true
4000018915,66034.21,0.01979684,1307.26868990,1704155849633,true,true
4000018916,66033.69,0.04371220,2886.47786402,1704155849907,false,true
4000018917,66032.47,0.05263983,3475.93799528,1704155849911,false,true
4000018918,66032.90,0.08381605,5534.61684804,1704155849952,true,true
4000018919,66035.03,0.05118968,3380.31205449,1704155849978,true,true
4000018920,66031.67,0.04730909,3123.89821888,1704155850150,false,true
4000018921,66032.66,0.03112745,2055.42832252,1704155850396,false,true
4000018922,66033.88,0.05666708,3741.94716067,1704155850593,false,true
4000018923,66032.59,0.03738315,2468.50621686,1704155850739,false,true
4000018924,66031.41,0.01764432,1165.07932809,1704155850852,false,true
4000018925,66030.94,0.05117983,3379.45228394,1704155850854,false,true
4000018926,66027.95,0.04890754,3229.26460574,1704155850942,true,true
4000018927,66027.11,0.04668334,3082.36602535,1704155851102,true,true
4000018928,66026.97,0.05753232,3798.68476667,1704155851153,false,true
4000018929,66029.20,0.02002865,1322.47573658,1704155851163,false,true
4000018930,66029.72,0.06198706,4092.98821542,1704155851182,true,true
4000018931,66033.17,0.02701849,1784.11654331,1704155851201,false,true
4000018932,66032.78,0.05876367,3880.32849310,1704155851420,false,true
4000018933,66033.05,0.02375531,1568.63557300,1704155851422,true,true
4000018934,66033.22,0.02226216,1470.04210896,1704155851823,true,true
4000018935,66034.80,0.03601452,2378.21162530,1704155851903,true,true
4000018936,66034.54,0.04510914,2978.76130970,1704155851969,false,true
4000018937,66036.13,0.05642684,3726.21014173,1704155852031,false,true
4000018938,66035.73,0.23524765,15534.75029853,1704155852055,false,true
4000018939,66034.70,0.07163748,4730.55950056,1704155852079,true,true
4000018940,66035.86,0.05072427,3349.62079232,1704155852120,true,true
4000018941,66035.48,0.04136686,2731.68045619,1704155852127,true,true
4000018942,66034.67,0.04728635,3122.53851775,1704155852214,false,true
4000018943,66034.75,0.03379399,2231.57768115,1704155852230,false,true
4000018944,66036.13,0.07732641,5106.33686319,1704155852359,true,true
4000018945,66034.02,0.03660335,2417.06634597,1704155852510,true,true
4000018946,66033.60,0.07540008,4978.93872269,1704155852631,true,true
4000018947,66030.19,0.06034885,3984.84603178,1704155852668,true,true
4000018948,66029.80,0.02772218,1830.49000096,1704155852764,true,true
4000018949,66029.34,0.04713855,3112.52734506,1704155852773,false,true
4000018950,66031.26,0.04254926,2809.58124987,1704155852823,true,true
4000018951,66034.02,0.03865913,2552.81776360,1704155852952,true,true
4000018952,66034.06,0.06214484,4103.67609325,1704155852988,true,true
4000018953,66033.34,0.03419733,2258.16391898,1704155853111,true,true
4000018954,66035.60,0.01461943,965.40283171,1704155853292,true,true
4000018955,66036.05,0.04238576,2798.98816665,1704155853393,false,true
4000018956,66033.57,0.05404756,3568.95333659,1704155853650,false,true
4000018957,66034.15,0.05683988,3753.37316190,1704155853803,false,true
4000018958,66033.06,0.03849279,2541.79671164,1704155853986,true,true
4000018959,66030.31,0.03871743,2556.52390530,1704155854004,false,true
4000018960,66029.97,0.08954992,5912.97853110,1704155854383,true,true
4000018961,66028.48,0.03993027,2636.53503409,1704155854479,true,true
4000018962,66027.26,0.03043718,2009.68359753,1704155854563,true,true
4000018963,66029.11,0.05557224,3669.38554791,1704155854585,false,true
4000018964,66030.03,0.04970741,3282.18177352,1704155854711,false,true
4000018965,66030.81,0.04676120,3087.67991257,1704155854764,true,true
4000018966,66031.49,0.07346502,4851.00473348,1704155854809,true,true
4000018967,66033.14,0.09629449,6358.62753940,1704155854913,true,true
4000018968,66035.19,0.11658826,7698.92790087,1704155855625,false,true
4000018969,66033.36,0.06769466,4470.10585386,1704155855630,true,true
4000018970,66032.68,0.10648611,7031.56322607,1704155855716,false,true
4000018971,66033.37,0.06795219,4487.11210458,1704155855797,false,true
4000018972,66035.61,0.02607033,1721.57014445,1704155856206,true,true
4000018973,66032.97,0.06914605,4565.91904527,1704155856430,false,true
4000018974,66031.85,0.04586875,3028.79841969,1704155856510,false,true
4000018975,66031.04,0.00836371,552.26446956,1704155856588,false,true
4000018976,66033.14,0.03902573,2576.99149269,1704155856629,false,true
4000018977,66032.50,0.02116132,1397.33486290,1704155856986,true,true
4000018978,66030.60,0.02456001,1621.71219631,1704155857150,false,true
4000018979,66028.52,0.03007352,1985.71001679,1704155857245,true,true
4000018980,66028.71,0.04280123,2826.11000331,1704155857553,false,true
4000018981,66028.06,0.05693148,3759.07517733,1704155857687,true,true
4000018982,66028.50,0.10240127,6761.40225620,1704155857778,false,true
4000018983,66027.18,0.02002928,1322.47687583,1704155857902,false,true
4000018984,66029.31,0.02322871,1533.77569349,1704155858088,true,true
4000018985,66029.13,0.12258121,8093.93065065,1704155858564,true,true
4000018986,66027.19,0.13071073,8630.46220475,1704155858581,false,true
4000018987,66025.96,0.06931033,4576.28107617,1704155858648,false,true
4000018988,66025.00,0.02000167,1320.61026175,1704155858665,false,true
4000018989,66026.51,0.03776240,2493.31948122,1704155858677,true,true
4000018990,66026.41,0.07106028,4691.85518199,1704155858767,true,true
4000018991,66029.09,0.04164963,2750.08716774,1704155858779,true,true
4000018992,66028.47,0.02794792,1845.35839728,1704155858840,false,true
4000018993,66031.84,0.01711548,1130.16663688,1704155858854,false,true
4000018994,66032.70,0.16632316,10982.76732733,1704155858877,false,true
4000018995,66032.09,0.06150330,4061.19144090,1704155858953,false,true
4000018996,66033.24,0.05921091,3909.88823065,1704155859133,false,true
4000018997,66034.00,0.02121712,1401.05130208,1704155859280,true,true
4000018998,66035.73,0.11931120,7878.80218918,1704155859337,true,true
4000018999,66034.95,0.02629782,1736.57522881,1704155859494,false,true
4000019000,66032.98,0.06182076,4082.20900866,1704155859552,true,true
4000019001,66031.28,0.03299421,2178.64991889,1704155859605,false,true
4000019002,66031.38,0.02380062,1571.58778346,1704155859649,false,true
4000019003,66029.60,0.05914827,3905.53660879,1704155859697,true,true
4000019004,66029.17,0.06060476,4001.68200085,1704155859800,true,true
4000019005,66028.57,0.03499934,2310.95637114,1704155859841,true,true
4000019006,66028.96,0.08488528,5604.88675771,1704155860105,false,true
4000019007,66028.91,0.03471911,2292.46498947,1704155860359,false,true
4000019008,66030.95,0.07783427,5139.47079066,1704155860518,false,true
4000019009,66029.63,0.10927231,7215.21019855,1704155860688,true,true
4000019010,66029.46,0.07169586,4734.03892004,1704155860723,true,true
4000019011,66029.28,0.07800995,5150.94083134,1704155860789,false,true
4000019012,66030.74,0.03410853,2252.21147621,1704155860904,true,true
4000019013,66031.04,0.08325329,5497.30132212,1704155860970,true,true
4000019014,66030.76,0.02879121,1901.10547762,1704155861403,true,true
4000019015,66030.98,0.09141989,6036.54492819,1704155861487,false,true
4000019016,66029.18,0.03403966,2247.61083728,1704155861524,true,true
4000019017,66026.38,0.05846709,3860.37030183,1704155861646,false,true
4000019018,66025.54,0.02802879,1850.61599530,1704155861720,false,true
4000019019,66026.67,0.04658266,3075.69791954,1704155861720,false,true
4000019020,66027.18,0.08533906,5634.69747565,1704155861779,true,true
4000019021,66027.31,0.05760949,3803.79965517,1704155861962,false,true
4000019022,66026.99,0.02559810,1690.16549272,1704155862494,true,true
4000019023,66028.83,0.14292325,9437.05497730,1704155862644,false,true
4000019024,66031.50,0.12380660,8175.13550790,1704155862662,false,true
4000019025,66032.05,0.10959122,7236.53291860,1704155862919,false,true
4000019026,66035.29,0.06128616,4047.04934859,1704155863380,false,true
4000019027,66036.52,0.06364170,4202.67639488,1704155863754,false,true
4000019028,66036.83,0.09341525,6168.84698366,1704155863851,false,true
4000019029,66037.66,0.04159430,2746.79024134,1704155863937,false,true
4000019030,66038.45,0.02726573,1800.58654732,1704155863943,false,true
4000019031,66038.42,0.04143047,2736.00277866,1704155864064,false,true
4000019032,66040.33,0.03173337,2095.68222681,1704155864074,true,true
4000019033,66037.59,0.01197174,790.58485771,1704155864150,true,true
4000019034,66040.30,0.03214118,2122.61316955,1704155864186,true,true
4000019035,66039.67,0.04141282,2734.88896657,1704155864260,true,true
4000019036,66037.76,0.02190436,1446.51486863,1704155864403,true,true
4000019037,66036.64,0.05449494,3598.66273460,1704155864611,false,true
4000019038,66036.76,0.03833436,2531.47693107,1704155864669,false,true
4000019039,66036.12,0.09821401,6485.67215004,1704155864672,true,true
4000019040,66032.77,0.18472230,12197.72514977,1704155864717,true,true
4000019041,66032.80,0.07787774,5142.48522987,1704155864786,false,true
4000019042,66032.65,0.06659263,4397.28782937,1704155865081,true,true
4000019043,66032.26,0.11240049,7422.05837981,1704155865342,false,true
4000019044,66030.93,0.05679087,3749.95396161,1704155865554,false,true
4000019045,66028.97,0.07586680,5009.40666120,1704155865698,true,true
4000019046,66028.91,0.05295712,3496.70091034,1704155865808,false,true
4000019047,66029.34,0.07178131,4739.67252364,1704155865974,true,true
4000019048,66028.69,0.08808732,5816.29034521,1704155865990,true,true
4000019049,66028.98,0.11548170,7625.13885967,1704155866057,true,true
4000019050,66030.01,0.04715240,3113.47344352,1704155866182,true,true
4000019051,66027.36,0.02394623,1581.10634885,1704155866216,false,true
4000019052,66027.74,0.03490047,2304.39915904,1704155866220,false,true
4000019053,66027.67,0.01518407,1002.56876322,1704155866275,false,true
4000019054,66026.45,0.14732304,9727.21733441,1704155866426,true,true
4000019055,66026.69,0.01896198,1251.99677525,1704155866679,false,true
4000019056,66029.64,0.02379256,1571.01417148,1704155866758,false,true
4000019057,66029.71,0.04002092,2642.56974153,1704155866876,true,true
4000019058,66030.23,0.04273441,2821.76292121,1704155866890,false,true
4000019059,66028.05,0.04087195,2698.69515820,1704155867085,true,true
4000019060,66026.23,0.02776563,1833.25987247,1704155867215,false,true
4000019061,66024.54,0.04969196,3280.88880070,1704155867272,false,true
4000019062,66022.18,0.02235461,1475.90008525,1704155867426,false,true
4000019063,66018.38,0.03044099,2009.66484540,1704155867655,true,true
4000019064,66015.76,0.02674140,1765.35384446,1704155867754,true,true
4000019065,66014.85,0.04721015,3116.57097073,1704155867801,true,true
4000019066,66013.58,0.12591049,8311.80220445,1704155867924,true,true
4000019067,66012.61,0.06010879,3967.93811184,1704155868291,false,true
4000019068,66013.10,0.03502841,2312.33393217,1704155868401,true,true
4000019069,66011.64,0.16798459,11088.93828063,1704155868410,true,true
4000019070,66013.23,0.02492324,1645.26357447,1704155868855,false,true
4000019071,66013.99,0.02672843,1764.45031074,1704155869119,true,true
4000019072,66013.69,0.06815883,4499.41587438,1704155869138,true,true
4000019073,66013.65,0.06491030,4284.96582559,1704155869177,false,true
4000019074,66015.10,0.09540102,6297.90787540,1704155869306,false,true
4000019075,66017.15,0.08422297,5560.16044394,1704155869337,false,true
4000019076,66015.60,0.03506686,2314.95980302,1704155869523,false,true
4000019077,66014.42,0.09938271,6560.69195868,1704155869651,true,true
4000019078,66014.19,0.07415660,4895.38788215,1704155869895,false,true
4000019079,66014.49,0.03463927,2286.69374302,1704155869981,true,true
4000019080,66013.38,0.16253396,10729.41606438,1704155870096,false,true
4000019081,66015.29,0.08184876,5403.26962754,1704155870276,false,true
4000019082,66014.85,0.04643696,3065.52894886,1704155870315,true,true
4000019083,66014.03,0.06239667,4119.05564528,1704155870325,false,true
4000019084,66013.22,0.02899161,1913.82952908,1704155871118,true,true
4000019085,66012.66,0.01925134,1270.83216196,1704155871283,true,true
4000019086,66013.26,0.07509679,4957.38392344,1704155871375,false,true
4000019087,66012.31,0.07715232,5093.00286506,1704155871442,false,true
4000019088,66011.05,0.03331411,2199.09938092,1704155871580,false,true
4000019089,66011.48,0.03317307,2189.80344684,1704155871594,false,true
4000019090,66011.23,0.04080399,2693.52156881,1704155871598,false,true
4000019091,66013.55,0.06403043,4226.87599233,1704155871708,true,true
4000019092,66012.97,0.04213852,2781.68885660,1704155871744,true,true
4000019093,66012.93,0.07632851,5038.66858763,1704155871871,true,true
4000019094,66014.00,0.04448173,2936.41692422,1704155871879,true,true
4000019095,66013.25,0.08298743,5478.26996345,1704155871935,false,true
4000019096,66012.74,0.08680195,5730.03455684,1704155871937,false,true
4000019097,66013.33,0.09803555,6471.65311388,1704155871984,false,true
4000019098,66010.92,0.08705597,5746.64467119,1704155871993,true,true
4000019099,66011.67,0.06130616,4046.92200289,1704155872123,true,true
4000019100,66011.64,0.04716882,3113.69116506,1704155872132,true,true
4000019101,66007.99,0.06113505,4035.40176905,1704155872146,false,true
4000019102,66010.82,0.03699188,2441.86433214,1704155872200,true,true
4000019103,66011.89,0.09329813,6158.78589477,1704155872227,true,true
4000019104,66010.40,0.04031856,2661.44427302,1704155872346,false,true
4000019105,66011.76,0.04875988,3218.72549619,1704155872424,false,true
4000019106,66008.16,0.08956912,5912.29280402,1704155872524,true,true
4000019107,66009.04,0.04794810,3165.00805082,1704155872777,true,true
4000019108,66008.98,0.02588296,1708.50778898,1704155872930,false,true
4000019109,66009.74,0.07609516,5023.02172686,1704155873023,false,true
4000019110,66006.97,0.07152313,4721.02509622,1704155873070,false,true
4000019111,66007.80,0.01876871,1238.88125594,1704155873480,false,true
4000019112,66008.31,0.05465646,3607.78055518,1704155873577,true,true
4000019113,66008.03,0.02648365,1748.13356371,1704155873779,false,true
4000019114,66009.08,0.03581219,2363.92971469,1704155873824,false,true
4000019115,66009.71,0.06040765,3987.49145828,1704155873916,true,true
4000019116,66008.27,0.03276380,2162.68175663,1704155874141,false,true
4000019117,66009.00,0.07093343,4682.24478087,1704155874168,true,true
4000019118,66008.36,0.12886963,8506.47293011,1704155874310,false,true
4000019119,66008.98,0.04227661,2790.63590396,1704155874690,true,true
4000019120,66009.04,0.07094506,4683.01530334,1704155874828,false,true
4000019121,66011.43,0.03239959,2138.74326731,1704155874848,false,true
4000019122,66011.83,0.03149100,2078.77853853,1704155875481,true,true
4000019123,66011.70,0.07919762,5227.96953215,1704155875532,false,true
4000019124,66012.58,0.14599978,9637.82215723,1704155875657,true,true
4000019125,66012.10,0.04760030,3142.19576363,1704155875855,false,true
4000019126,66011.66,0.04839276,3194.48641958,1704155875879,false,true
4000019127,66011.26,0.06779146,4474.99969184,1704155876114,true,true
4000019128,66010.90,0.07509240,4956.91690716,1704155876265,true,true
4000019129,66010.04,0.04792325,3163.41564943,1704155876490,false,true
4000019130,66010.25,0.03638361,2401.69119200,1704155876518,false,true
4000019131,66009.36,0.02674069,1765.13583286,1704155876704,true,true
4000019132,66009.54,0.07001836,4621.87973515,1704155876791,false,true
4000019133,66008.56,0.00937650,618.92926284,1704155876849,true,true
4000019134,66007.61,0.06752539,4457.18960822,1704155876855,true,true
4000019135,66006.01,0.04707146,3106.99925947,1704155876986,false,true
4000019136,66006.99,0.04353292,2873.47701511,1704155877086,true,true
4000019137,66006.32,0.11184408,7382.41613459,1704155877092,false,true
4000019138,66006.70,0.03604635,2379.30061054,1704155877212,false,true
4000019139,66009.53,0.05349071,3530.89662647,1704155877384,false,true
4000019140,66009.81,0.12042461,7949.20562542,1704155877503,true,true
4000019141,66012.12,0.04709877,3109.08965709,1704155877560,false,true
4000019142,66011.35,0.06683108,4411.60981276,1704155877720,false,true
4000019143,66011.81,0.02160653,1426.28615312,1704155878090,false,true
4000019144,66013.57,0.03925301,2591.23132335,1704155878164,true,true
4000019145,66016.27,0.15987540,10554.37757276,1704155878192,false,true
4000019146,66016.80,0.08585234,5667.69675931,1704155878260,true,true
4000019147,66015.75,0.09484813,6261.47043805,1704155878263,true,true
4000019148,66014.21,0.08885967,5866.00091591,1704155878294,false,true
4000019149,66015.50,0.07417773,4896.87993481,1704155878558,false,true
4000019150,66016.54,0.06798926,4488.41570236,1704155878810,false,true
4000019151,66013.15,0.09228101,6091.76015528,1704155879183,false,true
4000019152,66012.50,0.05953518,3930.06606975,1704155879380,false,true
4000019153,66014.20,0.04036482,2664.65130044,1704155879545,false,true
4000019154,66013.26,0.05319624,3511.65722214,1704155879556,false,true
4000019155,66014.78,0.08358026,5517.53247624,1704155879708,true,true
4000019156,66014.99,0.01097404,724.45114086,1704155880403,true,true
4000019157,66016.18,0.14380027,9493.14450837,1704155880602,true,true
4000019158,66017.07,0.05968509,3940.23476449,1704155880944,true,true
4000019159,66015.33,0.04591894,3031.35397735,1704155881164,true,true
4000019160,66013.69,0.05012257,3308.77579798,1704155881167,false,true
4000019161,66013.31,0.04575010,3020.11553383,1704155881544,true,true
4000019162,66011.91,0.02188257,1444.51024141,1704155881868,false,true
4000019163,66008.68,0.01271505,839.30366663,1704155881950,false,true
4000019164,66010.37,0.07624278,5032.81411763,1704155882213,false,true
4000019165,66008.60,0.03870654,2554.96451624,1704155882502,true,true
4000019166,66009.15,0.04959995,3274.05053954,1704155882522,true,true
4000019167,66009.78,0.05224882,3448.93311346,1704155882555,true,true
4000019168,66011.24,0.04038184,2665.65533188,1704155882927,true,true
4000019169,66013.00,0.06042282,3988.69161666,1704155882959,true,true
4000019170,66011.05,0.05271513,3479.78108219,1704155883033,true,true
4000019171,66010.22,0.02278153,1503.81380724,1704155883203,true,true
4000019172,66011.43,0.06338102,4183.87176506,1704155883322,true,true
4000019173,66011.90,0.08193914,5408.95831577,1704155883412,false,true
4000019174,66010.14,0.04718190,3114.48382447,1704155883491,true,true
4000019175,66010.27,0.07313587,4827.71852538,1704155883753,false,true
4000019176,66010.50,0.10471774,6912.47037627,1704155884006,false,true
4000019177,66011.41,0.04535061,2993.65771046,1704155884183,true,true
4000019178,66012.02,0.06980581,4608.02252584,1704155884301,true,true
4000019179,66012.64,0.04395121,2901.33540329,1704155884369,true,true
4000019180,66013.19,0.01555513,1026.84375216,1704155884525,true,true
4000019181,66013.47,0.06552752,4325.69897569,1704155884559,true,true
4000019182,66012.46,0.08066396,5324.82643294,1704155884634,true,true
4000019183,66013.10,0.08411256,5552.53083454,1704155884712,true,true
4000019184,66014.02,0.09771662,6450.66690701,1704155884895,false,true
4000019185,66012.56,0.04751749,3136.75115967,1704155885025,true,true
4000019186,66011.67,0.02483065,1639.11267369,1704155885034,false,true
4000019187,66011.51,0.01391063,918.26169135,1704155885126,false,true
4000019188,66012.42,0.05167268,3411.03865469,1704155885229,true,true
4000019189,66014.05,0.02984673,1970.30352656,1704155885401,false,true
4000019190,66014.33,0.07077194,4671.96220190,1704155885622,false,true
4000019191,66014.69,0.02952462,1949.05863667,1704155885773,true,true
4000019192,66015.36,0.01917612,1265.91846520,1704155885801,false,true
4000019193,66015.62,0.03572785,2358.59616902,1704155885821,false,true
4000019194,66016.14,0.11044590,7291.21199683,1704155886057,true,true
4000019195,66018.31,0.06378720,4211.12314363,1704155886151,true,true
4000019196,66019.93,0.01091476,720.59169117,1704155886162,true,true
4000019197,66018.51,0.08376990,5530.36398085,1704155886374,false,true
4000019198,66019.56,0.04697886,3101.52366650,1704155886593,true,true
4000019199,66019.84,0.05726020,3780.30924237,1704155886619,true,true
4000019200,66020.10,0.02100241,1386.58120844,1704155886982,false,true
4000019201,66021.17,0.09164421,6050.45796793,1704155887133,true,true
4000019202,66022.94,0.08200362,5414.12008304,1704155887175,false,true
4000019203,66025.28,0.13282225,8769.62624648,1704155887226,true,true
4000019204,66024.98,0.03105587,2050.46319563,1704155887291,true,true
4000019205,66023.69,0.01983153,1309.35078895,1704155887466,true,true
4000019206,66022.44,0.09274389,6123.17791289,1704155887496,true,true
4000019207,66023.40,0.15046779,9934.39508629,1704155887531,false,true
4000019208,66022.32,0.02973875,1963.42126890,1704155887609,false,true
4000019209,66020.82,0.05412704,3573.51156497,1704155887630,true,true
4000019210,66021.06,0.06971890,4602.91568003,1704155887743,true,true
4000019211,66020.21,0.06976124,4605.65171466,1704155887750,false,true
4000019212,66017.91,0.08186442,5404.51791176,1704155888157,false,true
4000019213,66017.72,0.05114546,3376.50665755,1704155888237,true,true
4000019214,66016.53,0.06520089,4304.33651071,1704155888339,true,true
4000019215,66017.30,0.13340586,8807.09468138,1704155888375,true,true
4000019216,66019.36,0.09860611,6509.91227429,1704155888380,false,true
4000019217,66020.16,0.02862383,1889.74983641,1704155888446,false,true
4000019218,66016.90,0.03415330,2254.69499077,1704155888460,true,true
4000019219,66016.19,0.05896484,3892.63408076,1704155888629,true,true
4000019220,66011.49,0.05953636,3930.08383278,1704155888676,true,true
4000019221,66012.94,0.06708288,4428.33813247,1704155888760,true,true
4000019222,66016.45,0.04109267,2712.79219442,1704155888775,false,true
4000019223,66016.26,0.03910099,2581.30112210,1704155888862,false,true
4000019224,66014.69,0.05357098,3536.47163770,1704155888924,false,true
4000019225,66015.91,0.03143823,2075.42336224,1704155889168,true,true
4000019226,66013.26,0.06918168,4566.90822908,1704155889228,true,true
4000019227,66011.95,0.02038958,1345.95593548,1704155889233,true,true
4000019228,66011.85,0.01532363,1011.54116502,1704155889393,true,true
4000019229,66011.07,0.07748428,5114.82023098,1704155889428,false,true
4000019230,66012.72,0.03564105,2352.76265416,1704155889499,false,true
4000019231,66012.39,0.08423473,5560.53584830,1704155889858,true,true
4000019232,66012.98,0.02411092,1591.63367974,1704155889880,true,true
4000019233,66014.14,0.04148091,2738.32660007,1704155889922,false,true
4000019234,66013.36,0.07139258,4712.86408487,1704155890170,true,true
4000019235,66013.95,0.02615362,1726.50376300,1704155890358,false,true
4000019236,66013.26,0.06812375,4497.07082092,1704155890654,true,true
4000019237,66015.49,0.18261841,12055.64381917,1704155890766,false,true
4000019238,66014.51,0.08086772,5338.44291062,1704155890784,false,true
4000019239,66011.48,0.01856363,1225.41269047,1704155890814,false,true
4000019240,66012.78,0.05057375,3338.51383252,1704155891238,false,true
4000019241,66013.06,0.09176510,6057.69505221,1704155891657,true,true
4000019242,66011.62,0.03555253,2346.88010040,1704155891851,true,true
4000019243,66011.39,0.05046748,3331.42850460,1704155892128,true,true
4000019244,66011.25,0.01249423,824.75974009,1704155892198,true,true
4000019245,66010.31,0.04434352,2927.12950169,1704155892337,true,true
4000019246,66010.11,0.03127139,2064.22789375,1704155892407,true,true
4000019247,66007.72,0.05473104,3612.67116363,1704155892643,false,true
4000019248,66007.63,0.01601128,1056.86664607,1704155893293,true,true
4000019249,66007.52,0.05744794,3791.99604851,1704155893450,true,true
4000019250,66005.27,0.23151178,15280.99754708,1704155893653,true,true
4000019251,66005.52,0.02694266,1778.36428348,1704155893845,true,true
4000019252,66003.87,0.05738282,3787.48819151,1704155893944,true,true
4000019253,66002.99,0.04162934,2747.66091173,1704155894015,true,true
4000019254,66001.54,0.05939205,3919.96676376,1704155894038,false,true
4000019255,66001.32,0.04545380,3000.01079902,1704155894280,false,true
4000019256,66002.13,0.06646618,4386.90945296,1704155894286,false,true
4000019257,66004.60,0.03620589,2389.75528709,1704155894333,true,true
4000019258,66006.77,0.08043786,5309.44332431,1704155894644,false,true
4000019259,66007.49,0.03282685,2166.81797311,1704155894647,true,true
4000019260,66009.09,0.05713776,3771.61154224,1704155894692,true,true
4000019261,66009.53,0.06685670,4413.17934435,1704155894698,false,true
4000019262,66007.97,0.07988234,5272.87110225,1704155894832,true,true
4000019263,66010.05,0.05563703,3672.60313215,1704155894851,false,true
4000019264,66010.20,0.06099128,4026.04659106,1704155894956,false,true
4000019265,66011.00,0.09361621,6179.69963831,1704155895064,false,true
4000019266,66010.36,0.08044048,5309.90504337,1704155895282,false,true
4000019267,66010.41,0.05126248,3383.85732242,1704155895377,true,true
4000019268,66011.85,0.03817013,2519.68089604,1704155895491,false,true
4000019269,66010.75,0.01135306,749.42400539,1704155895695,true,true
4000019270,66010.88,0.04916583,3245.47970423,1704155895943,false,true
4000019271,66010.58,0.09591360,6331.31236589,1704155895987,true,true
4000019272,66010.63,0.04183393,2761.48407468,1704155896045,false,true
4000019273,66009.99,0.18005144,11885.19375389,1704155896324,true,true
4000019274,66007.03,0.04753663,3137.75176251,1704155896349,false,true
4000019275,66006.97,0.01828552,1206.97177007,1704155896374,true,true
4000019276,66005.70,0.05576741,3680.96693424,1704155896668,true,true
4000019277,66004.98,0.03421138,2258.12145267,1704155896772,false,true
4000019278,66009.79,0.08011069,5288.08982366,1704155896845,false,true
4000019279,66010.05,0.06524065,4306.53856853,1704155896896,false,true
4000019280,66009.67,0.06669084,4402.24034042,1704155897018,false,true
4000019281,66008.19,0.04621048,3050.27014383,1704155897147,false,true
4000019282,66008.81,0.03824712,2524.64687713,1704155897381,true,true
4000019283,66008.29,0.02387920,1576.22515857,1704155897531,true,true
4000019284,66005.80,0.04099018,2705.58962304,1704155897899,true,true
4000019285,66006.55,0.02774557,1831.38935348,1704155898008,false,true
4000019286,66003.39,0.05369282,3543.90813866,1704155898347,false,true
4000019287,66001.42,0.02912291,1922.15341453,1704155898474,false,true
4000019288,66000.40,0.04498092,2968.75871237,1704155898559,true,true
4000019289,65999.98,0.02286901,1509.35420262,1704155898662,true,true
4000019290,66000.25,0.03448996,2276.34598249,1704155898704,false,true
4000019291,66002.29,0.06425505,4240.98044406,1704155898962,true,true
4000019292,66005.16,0.04772401,3150.03091589,1704155899101,true,true
4000019293,66004.53,0.03459485,2283.41681467,1704155899214,false,true
4000019294,66004.40,0.05560432,3670.12977901,1704155899304,false,true
4000019295,66004.62,0.09327767,6156.75716284,1704155899313,false,true
4000019296,66006.13,0.01748481,1154.10464189,1704155899458,false,true
4000019297,66008.11,0.11001543,7261.91060514,1704155899503,false,true
4000019298,66007.87,0.04005989,2644.26801133,1704155899640,false,true
4000019299,66008.53,0.03188974,2104.99485948,1704155899702,true,true
4000019300,66006.14,0.07114254,4695.84445520,1704155899735,false,true
4000019301,66005.55,0.04675549,3086.12183297,1704155899783,false,true
4000019302,66004.90,0.01614439,1065.60884751,1704155900149,true,true
4000019303,66006.15,0.02867046,1892.42668333,1704155900325,true,true
4000019304,66007.28,0.04559444,3009.56496752,1704155900519,false,true
4000019305,66007.69,0.05539925,3656.77652023,1704155900769,true,true
4000019306,66007.37,0.04385271,2894.60205447,1704155900798,true,true
4000019307,66007.92,0.04539328,2996.31599478,1704155900872,true,true
4000019308,66009.88,0.06078920,4012.68779730,1704155901067,false,true
4000019309,66009.11,0.07215504,4762.88997241,1704155901164,false,true
4000019310,66009.61,0.04306368,2842.61672196,1704155901221,true,true
4000019311,66010.85,0.04632666,3058.06220426,1704155901265,false,true
4000019312,66013.65,0.04873679,3217.29339718,1704155901314,true,true
4000019313,66012.94,0.04170098,2752.80429068,1704155901327,false,true
4000019314,66009.14,0.04226543,2789.90468603,1704155901441,true,true
4000019315,66012.45,0.02688370,1774.65890206,1704155901641,true,true
4000019316,66009.73,0.09244571,6102.31635676,1704155901907,false,true
4000019317,66011.46,0.05297436,3496.91484617,1704155902204,true,true
4000019318,66013.24,0.11747751,7755.07106223,1704155902226,true,true
4000019319,66012.03,0.04783519,3157.69799734,1704155902252,true,true
4000019320,66012.51,0.16690064,11017.53016701,1704155902374,true,true
4000019321,66011.73,0.03323624,2193.98170110,1704155902503,true,true
4000019322,66014.84,0.10574254,6980.57685929,1704155902782,false,true
4000019323,66016.57,0.05783988,3818.39048681,1704155903041,true,true
4000019324,66016.58,0.04105563,2710.35228235,1704155903041,true,true
4000019325,66015.41,0.05417190,3576.18018898,1704155903262,true,true
4000019326,66014.91,0.04517358,2982.12981808,1704155903266,true,true
4000019327,66014.55,0.03910678,2581.61648365,1704155903504,true,true
4000019328,66013.62,0.02010429,1327.15696043,1704155903596,false,true
4000019329,66013.93,0.04368262,2883.66141890,1704155903763,false,true
4000019330,66013.36,0.16596729,10956.05846299,1704155903896,true,true
4000019331,66011.98,0.02247122,1483.36972522,1704155904029,true,true
4000019332,66014.05,0.03741917,2470.19095934,1704155904199,false,true
4000019333,66012.24,0.02605667,1720.05915364,1704155904203,true,true
4000019334,66012.00,0.06854669,4524.90410028,1704155904442,false,true
4000019335,66013.18,0.03987594,2632.33760489,1704155904463,false,true
4000019336,66011.48,0.03073894,2029.12292303,1704155904611,true,true
4000019337,66012.67,0.03744547,2471.87545410,1704155904750,false,true
4000019338,66010.98,0.06571562,4337.95247751,1704155905044,false,true
4000019339,66008.63,0.02653104,1751.27760288,1704155905061,false,true
4000019340,66006.39,0.12945414,8544.80045195,1704155905077,true,true
4000019341,66007.63,0.08769058,5788.24735913,1704155905270,false,true
4000019342,66007.24,0.03027343,1998.26555963,1704155905271,true,true
4000019343,66009.20,0.06100106,4026.63116975,1704155905328,false,true
4000019344,66010.37,0.04222153,2787.05881727,1704155905358,false,true
4000019345,66010.24,0.06743599,4451.46588454,1704155905390,false,true
4000019346,66009.74,0.05954760,3930.72159362,1704155905549,true,true
4000019347,66009.61,0.05784497,3818.32391016,1704155905958,false,true
4000019348,66010.28,0.06549387,4323.26869698,1704155906051,true,true
4000019349,66008.38,0.06173069,4074.74284318,1704155906120,false,true
4000019350,66010.10,0.16455742,10862.45174994,1704155906121,true,true
4000019351,66009.70,0.03324771,2194.67136279,1704155906169,true,true
4000019352,66006.14,0.10868858,7174.11362788,1704155906496,false,true
4000019353,66005.54,0.06424943,4240.81832184,1704155906500,true,true
4000019354,66005.87,0.03723733,2457.88236313,1704155906508,true,true
4000019355,66004.62,0.03438738,2269.72594970,1704155906602,true,true
4000019356,66005.28,0.07010982,4627.61829985,1704155906979,false,true
4000019357,66005.37,0.04717031,3113.49376456,1704155907022,false,true
4000019358,66005.44,0.04157693,2744.30355850,1704155907027,true,true
4000019359,66004.31,0.05853670,3863.67449318,1704155907273,false,true
4000019360,66003.00,0.04027922,2658.54935766,1704155907299,false,true
4000019361,66000.57,0.09475289,6253.74474915,1704155907326,false,true
4000019362,66004.13,0.02928375,1932.84844189,1704155907665,true,true
4000019363,66003.15,0.08990296,5933.87855432,1704155907735,true,true
4000019364,66001.48,0.04871655,3215.36440049,1704155908165,false,true
4000019365,65999.91,0.05366013,3541.56375059,1704155908206,true,true
4000019366,66000.45,0.08167186,5390.37951234,1704155908290,true,true
4000019367,65998.92,0.04664907,3078.78823900,1704155908307,true,true
4000019368,66001.51,0.07575873,5000.19057568,1704155908366,false,true
4000019369,66002.00,0.06390712,4217.99773424,1704155908458,false,true
4000019370,66005.63,0.04843757,3197.15232352,1704155908487,false,true
4000019371,66009.63,0.12718348,8395.33445691,1704155908687,true,true
4000019372,66011.14,0.04743870,3131.48266712,1704155908818,true,true
4000019373,66013.28,0.03601369,2377.38180180,1704155909106,true,true
4000019374,66014.38,0.08533138,5633.09814524,1704155909388,true,true
4000019375,66014.67,0.01712878,1130.75075920,1704155909411,true,true
4000019376,66014.39,0.03245876,2142.74524156,1704155909437,false,true
4000019377,66017.00,0.04582068,3024.94383156,1704155909697,true,true
4000019378,66015.02,0.02519953,1663.54747694,1704155909705,false,true
4000019379,66013.44,0.02499887,1650.26140481,1704155909732,true,true
4000019380,66015.83,0.10780814,7117.04384286,1704155909791,false,true
4000019381,66015.43,0.08863051,5850.98122877,1704155909861,false,true
4000019382,66016.99,0.08232079,5434.57077022,1704155909874,false,true
4000019383,66017.94,0.04188943,2765.45387637,1704155910138,true,true
4000019384,66016.46,0.09421273,6219.59092154,1704155910153,true,true
4000019385,66017.26,0.04267734,2817.44105089,1704155910200,true,true
4000019386,66015.84,0.03671825,2423.98611708,1704155910226,false,true
4000019387,66016.80,0.05902244,3896.47261699,1704155910254,true,true
4000019388,66019.71,0.11812233,7798.40197112,1704155910301,false,true
4000019389,66021.19,0.03296256,2176.22743665,1704155910386,true,true
4000019390,66020.80,0.04044182,2670.00130986,1704155910444,false,true
4000019391,66019.77,0.05273964,3481.85890268,1704155910472,false,true
4000019392,66019.61,0.23762256,15687.74873840,1704155910517,false,true
4000019393,66019.73,0.03489892,2304.01727569,1704155910599,false,true
4000019394,66017.48,0.02454271,1620.24786657,1704155910639,false,true
4000019395,66016.11,0.05431697,3585.79506639,1704155910860,true,true
4000019396,66014.96,0.06912502,4563.28543030,1704155911087,false,true
4000019397,66014.61,0.05009289,3306.86259712,1704155911330,true,true
4000019398,66014.89,0.02726718,1800.03988831,1704155911367,false,true
4000019399,66015.16,0.10473377,6914.01658395,1704155911406,true,true
4000019400,66016.40,0.04242597,2800.80980591,1704155911515,false,true
4000019401,66016.50,0.01998838,1319.56288827,1704155911736,true,true
4000019402,66015.84,0.04236760,2796.93270278,1704155911801,false,true
4000019403,66016.53,0.04950697,3268.27837021,1704155911826,false,true
4000019404,66018.79,0.01945798,1284.59229544,1704155912096,true,true
4000019405,66020.21,0.08017578,5293.22183251,1704155912509,false,true
4000019406,66022.07,0.05375556,3549.05334521,1704155912649,false,true
4000019407,66023.19,0.03206558,2117.07188080,1704155912661,false,true
4000019408,66023.76,0.06152329,4061.99893337,1704155912857,true,true
4000019409,66022.68,0.05640975,3724.32287313,1704155913092,true,true
4000019410,66022.74,0.06600365,4357.74182300,1704155913109,false,true
4000019411,66022.76,0.03386433,2235.81653215,1704155913178,true,true
4000019412,66024.18,0.08429808,5565.71160757,1704155913206,false,true
4000019413,66024.20,0.04233345,2795.03216949,1704155913276,false,true
4000019414,66022.00,0.01337501,883.04491022,1704155913296,true,true
4000019415,66022.33,0.14277123,9426.08926157,1704155913497,false,true
4000019416,66021.40,0.06985842,4612.15069019,1704155913597,true,true
4000019417,66022.69,0.04116221,2717.63983054,1704155913733,true,true
4000019418,66023.25,0.04487376,2962.71147492,1704155913962,false,true
4000019419,66021.41,0.03868209,2553.84612355,1704155914125,false,true
4000019420,66019.39,0.03372767,2226.68019952,1704155914247,true,true
4000019421,66020.09,0.04457362,2942.75440403,1704155914250,false,true
4000019422,66020.08,0.04545698,3001.07345616,1704155914394,true,true
4000019423,66020.86,0.23755618,15683.66330191,1704155914421,true,true
4000019424,66022.18,0.04857937,3207.31591043,1704155914479,false,true
4000019425,66021.02,0.03731357,2463.47995124,1704155914483,false,true
4000019426,66022.19,0.03994086,2636.98304768,1704155914503,true,true
4000019427,66019.30,0.07382440,4873.83521092,1704155914632,false,true
4000019428,66018.42,0.22665367,14963.31718060,1704155914908,true,true
4000019429,66017.75,0.05473089,3613.21021330,1704155914927,false,true
4000019430,66015.18,0.02214368,1461.81902106,1704155915200,true,true
4000019431,66012.57,0.04888714,3227.16575135,1704155915475,true,true
4000019432,66011.35,0.20523274,13547.69023160,1704155916093,false,true
4000019433,66009.58,0.12444820,8214.77341376,1704155916204,true,true
4000019434,66010.49,0.03618126,2388.34270142,1704155916435,false,true
4000019435,66009.52,0.07315996,4829.25384282,1704155916507,false,true
4000019436,66008.79,0.03432594,2265.81376501,1704155916596,true,true
4000019437,66008.83,0.04564691,3013.09912222,1704155916624,false,true
4000019438,66008.02,0.03607881,2381.49081206,1704155916732,true,true
4000019439,66010.68,0.04536838,2994.79761430,1704155916954,false,true
4000019440,66013.34,0.03048200,2012.21862988,1704155916976,false,true
4000019441,66015.91,0.03965274,2617.71171509,1704155917518,false,true
4000019442,66016.80,0.04141315,2733.96364092,1704155917518,true,true
4000019443,66016.19,0.24455848,16144.81908179,1704155917754,false,true
4000019444,66016.44,0.03445454,2274.56607264,1704155917996,true,true
4000019445,66016.93,0.05044738,3330.38115414,1704155918074,true,true
4000019446,66016.42,0.11340915,7486.86607824,1704155918240,false,true
4000019447,66015.24,0.08260221,5453.00471768,1704155918298,true,true
4000019448,66014.40,0.05496279,3628.33560418,1704155918342,true,true
4000019449,66013.16,0.07461877,4925.82080301,1704155918385,false,true
4000019450,66013.81,0.04187413,2764.27086174,1704155918431,false,true
4000019451,66010.15,0.01845243,1218.04767216,1704155918456,false,true
4000019452,66009.94,0.04457123,2942.14421803,1704155918545,false,true
4000019453,66009.11,0.05398854,3563.73547560,1704155918661,false,true
4000019454,66012.26,0.03377034,2229.25646437,1704155918752,true,true
4000019455,66010.64,0.03785505,2498.83607773,1704155918823,true,true
4000019456,66010.13,0.06514425,4300.18041125,1704155919425,true,true
4000019457,66010.50,0.04896409,3232.14406295,1704155919525,false,true
4000019458,66008.50,0.07477016,4935.46610636,1704155919561,false,true
4000019459,66011.01,0.02113394,1395.07272468,1704155919683,false,true
4000019460,66011.33,0.08568354,5656.08443451,1704155919762,true,true
4000019461,66009.35,0.05039795,3326.73592083,1704155919849,false,true
4000019462,66010.18,0.03088027,2038.41218115,1704155920226,true,true
4000019463,66010.63,0.01035758,683.71038108,1704155920265,true,true
4000019464,66010.10,0.08514238,5620.25701804,1704155920333,true,true
4000019465,66012.79,0.02489624,1643.47026291,1704155920448,true,true
4000019466,66012.45,0.02472610,1632.23043994,1704155920890,false,true
4000019467,66013.97,0.03641163,2403.67625047,1704155920917,true,true
4000019468,66011.98,0.11522792,7606.42315048,1704155920960,true,true
4000019469,66013.50,0.01120492,739.67598642,1704155921097,false,true
4000019470,66014.72,0.03916565,2585.50941837,1704155921278,false,true
4000019471,66014.97,0.05847072,3859.94282668,1704155921343,false,true
4000019472,66015.56,0.07125291,4703.80075528,1704155921473,true,true
4000019473,66015.18,0.06826529,4506.54540710,1704155921478,true,true
4000019474,66015.74,0.05406841,3569.36609677,1704155921542,false,true
4000019475,66016.21,0.02844116,1877.57759120,1704155921788,true,true
4000019476,66014.64,0.02519832,1663.45802340,1704155921853,false,true
4000019477,66012.55,0.01990696,1314.10919235,1704155921925,true,true
4000019478,66012.41,0.02289631,1511.44060321,1704155921999,false,true
4000019479,66011.25,0.03107024,2050.98538020,1704155922058,true,true
4000019480,66008.92,0.03401679,2245.41156977,1704155922231,true,true
4000019481,66009.19,0.04786701,3159.66255782,1704155922415,false,true
4000019482,66009.98,0.03702003,2443.69143990,1704155922483,false,true
4000019483,66009.71,0.06104550,4029.59575181,1704155922531,false,true
4000019484,66008.19,0.03884628,2564.17263103,1704155922794,true,true
4000019485,66009.13,0.03972702,2622.34602769,1704155922800,true,true
4000019486,66009.41,0.03991722,2634.91214104,1704155923129,true,true
4000019487,66010.52,0.06003560,3962.98117451,1704155923198,true,true
4000019488,66010.91,0.02675640,1766.21431232,1704155923239,true,true
4000019489,66012.09,0.02395644,1581.41467336,1704155923449,false,true
4000019490,66013.43,0.12292223,8114.51802555,1704155923454,true,true
4000019491,66012.84,0.07012039,4628.84608581,1704155923477,true,true
4000019492,66013.79,0.03236373,2136.45247584,1704155923615,true,true
4000019493,66014.35,0.04247231,2803.78193765,1704155923761,true,true
4000019494,66014.04,0.02550004,1683.36066056,1704155923838,true,true
4000019495,66014.46,0.02456324,1621.52902445,1704155923945,false,true
4000019496,66015.50,0.03055053,2016.80851321,1704155924045,false,true
4000019497,66015.45,0.03656315,2413.73280067,1704155924063,false,true
4000019498,66012.77,0.06465932,4268.34081952,1704155924142,false,true
4000019499,66011.58,0.03796911,2506.40094229,1704155924318,false,true
4000019500,66008.37,0.09012459,5948.97728282,1704155924345,false,true
4000019501,66007.53,0.03399423,2243.87515655,1704155924455,false,true
4000019502,66009.80,0.02878449,1900.05842800,1704155924468,true,true
4000019503,66010.96,0.03363863,2220.51825938,1704155924480,true,true
4000019504,66012.44,0.06832417,4510.24517267,1704155924493,true,true
4000019505,66011.20,0.01723016,1137.38353779,1704155924495,false,true
4000019506,66008.55,0.07454807,4920.81000600,1704155924518,false,true
4000019507,66007.43,0.05098969,3365.69839340,1704155924537,true,true
4000019508,66007.37,0.04030516,2660.43760903,1704155924671,false,true
4000019509,66007.70,0.10002997,6602.74825077,1704155924717,true,true
4000019510,66006.33,0.03048364,2012.11320144,1704155924795,true,true
4000019511,66005.17,0.02568050,1695.04576818,1704155924848,false,true
4000019512,66005.21,0.02528563,1668.98331813,1704155925006,false,true
4000019513,66003.49,0.04621427,3050.30310780,1704155925084,true,true
4000019514,66005.07,0.09647525,6367.85562952,1704155925148,true,true
4000019515,66006.35,0.12248387,8084.71319257,1704155925610,false,true
4000019516,66006.71,0.04180340,2759.30490081,1704155925715,false,true
4000019517,66007.89,0.03099969,2046.22412755,1704155925857,false,true
4000019518,66008.44,0.07024840,4636.98729650,1704155925894,true,true
4000019519,66010.09,0.03660866,2416.54094138,1704155925969,true,true
4000019520,66008.51,0.05643418,3725.13613487,1704155926062,true,true
4000019521,66007.60,0.06495330,4287.41144508,1704155926158,false,true
4000019522,66007.65,0.02326609,1535.73992559,1704155926271,false,true
4000019523,66005.72,0.06657507,4394.33542940,1704155926452,true,true
4000019524,66008.88,0.08925293,5891.48594602,1704155926534,false,true
4000019525,66008.45,0.03432044,2265.43904772,1704155926760,false,true
4000019526,66009.23,0.01695064,1118.89869441,1704155926876,false,true
4000019527,66012.00,0.05029283,3319.93029396,1704155927003,true,true
4000019528,66011.95,0.03597172,2374.56338205,1704155927016,true,true
4000019529,66011.62,0.06529414,4310.17195791,1704155927131,false,true
4000019530,66012.58,0.03722486,2457.30904874,1704155927152,false,true
4000019531,66010.43,0.03841879,2536.04084798,1704155927161,true,true
4000019532,66010.54,0.02466079,1627.87206473,1704155927275,true,true
4000019533,66011.93,0.02213060,1460.88361806,1704155927495,true,true
4000019534,66012.52,0.05979023,3946.90375368,1704155927544,true,true
4000019535,66011.71,0.02849953,1881.30270950,1704155927953,true,true
4000019536,66011.65,0.03047926,2011.98624338,1704155927959,true,true
4000019537,66011.33,0.02739970,1808.69063860,1704155927967,true,true
4000019538,66011.99,0.04454178,2940.29153594,1704155928059,false,true
4000019539,66009.25,0.01924290,1270.20939683,1704155928174,true,true
4000019540,66010.92,0.04281775,2826.43906983,1704155928268,false,true
4000019541,66008.94,0.04704096,3105.12390618,1704155928461,true,true
4000019542,66009.50,0.09669929,6383.07178325,1704155928588,false,true
4000019543,66009.14,0.03396136,2241.76016683,1704155928896,true,true
4000019544,66010.79,0.10023643,6616.68593108,1704155929097,false,true
4000019545,66010.87,0.09790912,6463.06619213,1704155929222,false,true
4000019546,66012.88,0.03464482,2287.00434528,1704155929295,true,true
4000019547,66013.27,0.08453824,5580.64566244,1704155929304,false,true
4000019548,66014.39,0.17374556,11469.70715861,1704155929354,false,true
4000019549,66014.24,0.06307068,4163.56300648,1704155929386,false,true
4000019550,66014.67,0.04824119,3184.62623826,1704155929655,true,true
4000019551,66012.27,0.06659547,4396.11814642,1704155929670,true,true
4000019552,66010.88,0.05647872,3728.21000847,1704155929716,false,true
4000019553,66011.69,0.02252523,1486.92849994,1704155930034,false,true
4000019554,66009.95,0.04715282,3112.55529056,1704155930236,true,true
4000019555,66009.95,0.03043036,2008.70654208,1704155930269,false,true
4000019556,66010.23,0.03724069,2458.26651226,1704155930306,true,true
4000019557,66009.64,0.03818491,2520.57216253,1704155930409,true,true
4000019558,66011.59,0.02235481,1475.67655225,1704155930598,false,true
4000019559,66012.21,0.04130242,2726.46402255,1704155931463,true,true
4000019560,66014.67,0.02950241,1947.59186035,1704155931469,true,true
4000019561,66014.84,0.07769570,5129.06920419,1704155931500,true,true
4000019562,66016.54,0.07381146,4872.77720155,1704155931616,false,true
4000019563,66014.86,0.02029558,1339.80987232,1704155931699,false,true
4000019564,66018.53,0.03906487,2579.00529204,1704155931765,true,true
4000019565,66017.85,0.06470285,4271.54304587,1704155931785,true,true
4000019566,66018.60,0.09303920,6142.31772912,1704155931859,false,true
4000019567,66017.54,0.04436479,2928.85429842,1704155932071,false,true
4000019568,66016.03,0.06737720,4447.97525652,1704155932099,false,true
4000019569,66014.54,0.05235428,3456.14371123,1704155932361,true,true
4000019570,66015.02,0.03522015,2325.05890665,1704155932519,false,true
4000019571,66014.90,0.01763824,1164.38664978,1704155932656,false,true
4000019572,66013.71,0.02260428,1492.19238468,1704155932729,true,true
4000019573,66012.78,0.03287077,2169.89090844,1704155932867,true,true
4000019574,66013.97,0.07103812,4689.50832254,1704155932958,false,true
4000019575,66011.75,0.05747039,3793.72101708,1704155933126,false,true
4000019576,66012.30,0.01482975,978.94590593,1704155933288,true,true
4000019577,66009.14,0.08937565,5899.60979344,1704155933305,false,true
4000019578,66008.34,0.03199517,2111.94805972,1704155933343,false,true
4000019579,66010.16,0.13754770,9079.54568463,1704155933501,true,true
4000019580,66009.59,0.06305926,4162.51589830,1704155933650,true,true
4000019581,66011.34,0.13113486,8656.38782931,1704155933736,true,true
4000019582,66008.94,0.15220004,10046.56330836,1704155933744,false,true
4000019583,66009.69,0.07356397,4855.93485487,1704155933773,false,true
4000019584,66009.92,0.05436993,3588.95472971,1704155934000,true,true
4000019585,66009.92,0.16324914,10776.06267147,1704155934095,false,true
4000019586,66010.02,0.07678517,5068.59060740,1704155934285,false,true
4000019587,66009.39,0.03106319,2050.46222335,1704155934472,true,true
4000019588,66009.35,0.04760714,3142.51636676,1704155934605,false,true
4000019589,66009.30,0.11324012,7474.90105312,1704155934657,false,true
4000019590,66010.46,0.03598692,2375.51314318,1704155934710,true,true
4000019591,66009.88,0.05232863,3454.20658686,1704155934845,true,true
4000019592,66010.75,0.09284106,6128.50800140,1704155935360,false,true
4000019593,66008.03,0.02841320,1875.49935800,1704155935522,true,true
4000019594,66007.84,0.14264839,9415.91210338,1704155935608,true,true
4000019595,66009.38,0.04884948,3224.52388812,1704155935722,false,true
4000019596,66008.22,0.04505264,2973.84457270,1704155935824,false,true
4000019597,66008.27,0.04485028,2960.48939182,1704155935933,true,true
4000019598,66008.95,0.03847891,2539.95244624,1704155936353,true,true
4000019599,66010.81,0.05723276,3777.98084614,1704155936387,true,true
4000019600,66009.39,0.08877666,5860.09317284,1704155936387,true,true
4000019601,66012.52,0.12045916,7951.81270868,1704155936511,true,true
4000019602,66013.23,0.09815531,6479.54905475,1704155936535,false,true
4000019603,66012.09,0.09178113,6058.66421386,1704155936705,false,true
4000019604,66014.53,0.05911643,3902.54334173,1704155937057,true,true
4000019605,66015.44,0.06032971,3982.69235072,1704155937157,true,true
4000019606,66015.45,0.10331603,6820.45421266,1704155937322,false,true
4000019607,66014.50,0.11692820,7718.95665890,1704155937873,true,true
4000019608,66013.09,0.03946524,2605.22243999,1704155938028,true,true
4000019609,66012.98,0.03521120,2324.39624138,1704155938231,false,true
4000019610,66010.11,0.02679712,1768.88083888,1704155938294,true,true
4000019611,66010.25,0.05109156,3372.56664849,1704155938356,false,true
4000019612,66008.88,0.04722807,3117.47200526,1704155938401,false,true
4000019613,66009.37,0.02162265,1427.29750423,1704155938468,false,true
4000019614,66011.19,0.16012384,10569.96522577,1704155938710,true,true
4000019615,66011.11,0.02965191,1957.35549272,1704155938724,false,true
4000019616,66012.13,0.06852755,4523.64953918,1704155938838,true,true
4000019617,66012.48,0.04357834,2876.71429768,1704155938891,true,true
4000019618,66013.76,0.04173947,2755.37935511,1704155939218,false,true
4000019619,66014.45,0.06060319,4000.68625610,1704155939218,false,true
4000019620,66017.01,0.12578010,8303.62611950,1704155939287,true,true
4000019621,66017.60,0.00753034,497.13497398,1704155939305,false,true
4000019622,66015.66,0.02829205,1867.71835350,1704155939389,false,true
4000019623,66013.73,0.05178804,3418.72168979,1704155939407,true,true
4000019624,66013.18,0.10198249,6732.18846922,1704155939429,true,true
4000019625,66013.06,0.03231477,2133.19685090,1704155939527,false,true
4000019626,66013.54,0.01587480,1047.95174479,1704155939669,false,true
4000019627,66012.88,0.04245024,2802.26259909,1704155939739,false,true
4000019628,66009.93,0.16956369,11192.88730744,1704155939799,false,true
4000019629,66009.28,0.06139855,4052.87407854,1704155939814,true,true
4000019630,66011.10,0.11949798,7888.19310758,1704155940254,true,true
4000019631,66012.66,0.12475476,8235.39355526,1704155940399,false,true
4000019632,66011.82,0.04760083,3142.21742181,1704155940521,true,true
4000019633,66012.60,0.12684928,8373.65078093,1704155940599,true,true
4000019634,66010.25,0.06647220,4387.84654005,1704155940616,false,true
4000019635,66009.96,0.08009734,5287.22220951,1704155940641,true,true
4000019636,66013.35,0.03013148,1989.07993526,1704155940731,true,true
4000019637,66013.44,0.08708430,5748.73421299,1704155940945,true,true
4000019638,66015.03,0.07208312,4758.56932929,1704155941025,true,true
4000019639,66016.14,0.05127915,3385.25154548,1704155941194,true,true
4000019640,66015.00,0.08715075,5753.25676125,1704155941218,true,true
4000019641,66014.63,0.09183977,6062.76843584,1704155941532,false,true
4000019642,66014.90,0.06159791,4066.37986886,1704155941568,true,true
4000019643,66017.79,0.06425142,4241.73675276,1704155941822,false,true
4000019644,66017.20,0.03456779,2282.06870599,1704155941853,true,true
4000019645,66016.80,0.04122591,2721.60265529,1704155941984,true,true
4000019646,66018.59,0.03041466,2007.93296853,1704155942132,true,true
4000019647,66020.58,0.06244456,4122.62606904,1704155942216,false,true
4000019648,66019.24,0.04901423,3235.88221379,1704155942239,false,true
4000019649,66018.05,0.02498110,1649.20350886,1704155942325,false,true
4000019650,66017.15,0.13525850,8929.38068327,1704155942329,false,true
4000019651,66019.53,0.04028701,2659.72946531,1704155942552,true,true
4000019652,66018.80,0.06157982,4065.42582062,1704155942847,false,true
4000019653,66015.70,0.02291331,1512.63819897,1704155942968,true,true
4000019654,66012.38,0.04455555,2941.21789771,1704155943026,true,true
4000019655,66011.83,0.02811815,1856.13053771,1704155943087,false,true
4000019656,66011.84,0.08619433,5689.84632087,1704155943216,false,true
4000019657,66012.33,0.01489020,982.93679617,1704155943249,true,true
4000019658,66013.84,0.06518215,4302.92402096,1704155943319,true,true
4000019659,66013.30,0.10796420,7127.07312386,1704155943793,true,true
4000019660,66013.86,0.12367941,8164.55525662,1704155943892,false,true
4000019661,66011.57,0.05870379,3875.12934285,1704155944124,true,true
4000019662,66009.57,0.05697094,3760.62725190,1704155944255,true,true
4000019663,66010.93,0.05929498,3914.11677413,1704155944314,true,true
4000019664,66013.61,0.07342351,4846.95095397,1704155944415,true,true
4000019665,66011.93,0.12341786,8147.05113507,1704155944476,false,true
4000019666,66012.67,0.03797172,2506.61462169,1704155944499,false,true
4000019667,66013.29,0.10234056,6755.83706604,1704155944747,false,true
4000019668,66016.86,0.07695553,5080.36245024,1704155944852,true,true
4000019669,66015.27,0.12632894,8339.63908291,1704155944891,true,true
4000019670,66016.37,0.03501806,2311.76520564,1704155944897,true,true
4000019671,66015.46,0.11738914,7749.49807610,1704155945039,true,true
4000019672,66016.77,0.05445399,3594.87653341,1704155945120,false,true
4000019673,66015.19,0.04010521,2647.55305814,1704155945184,false,true
4000019674,66016.36,0.09749413,6436.20758397,1704155945224,false,true
4000019675,66015.30,0.06594789,4353.56974272,1704155945355,true,true
4000019676,66016.91,0.04556430,3008.01429231,1704155945419,true,true
4000019677,66016.60,0.03872926,2556.77406572,1704155946112,true,true
4000019678,66017.06,0.07662711,5058.69651850,1704155946176,true,true
4000019679,66016.91,0.01822646,1203.25456944,1704155946187,true,true
4000019680,66018.37,0.02668709,1761.83818184,1704155946264,false,true
4000019681,66016.42,0.04281810,2826.69767320,1704155946455,false,true
4000019682,66016.60,0.08993932,5937.48811271,1704155946719,true,true
4000019683,66017.33,0.13106349,8652.46167028,1704155946808,true,true
4000019684,66019.58,0.02696385,1780.14205218,1704155946906,true,true
4000019685,66020.85,0.08268425,5458.88446661,1704155947365,false,true
4000019686,66022.33,0.08009029,5287.74755618,1704155947434,true,true
4000019687,66022.26,0.17449106,11520.29413100,1704155947436,true,true
4000019688,66021.61,0.01952581,1289.12541275,1704155947529,true,true
4000019689,66022.33,0.09187459,6065.77449959,1704155947732,true,true
4000019690,66021.83,0.03721821,2457.21433352,1704155947826,true,true
4000019691,66021.91,0.05624965,3713.70932983,1704155947982,true,true
4000019692,66022.50,0.04741648,3130.55455080,1704155948006,true,true
4000019693,66023.34,0.10592448,6993.48795736,1704155948034,true,true
4000019694,66023.58,0.00618989,408.67869761,1704155948147,true,true
4000019695,66022.80,0.01295625,855.40790250,1704155948421,false,true
4000019696,66021.35,0.11157707,7366.46879044,1704155948443,true,true
4000019697,66019.72,0.05074206,3349.97659342,1704155948501,false,true
4000019698,66020.87,0.01438522,949.72473954,1704155948815,true,true
4000019699,66022.38,0.07478565,4937.52660285,1704155948939,true,true
4000019700,66021.71,0.04141226,2734.10822016,1704155949019,true,true
4000019701,66020.65,0.06653173,4392.46806022,1704155949070,true,true
4000019702,66021.46,0.03999699,2640.65967541,1704155949201,true,true
4000019703,66020.50,0.08311503,5487.29583812,1704155949210,false,true
4000019704,66022.20,0.08781328,5797.62593482,1704155949246,true,true
4000019705,66021.49,0.07095946,4684.84927880,1704155949312,true,true
4000019706,66022.11,0.15061402,9943.85539598,1704155949324,false,true
4000019707,66021.33,0.02156347,1423.64896882,1704155949337,true,true
4000019708,66019.91,0.04651825,3071.13067836,1704155949389,false,true
4000019709,66018.45,0.05621455,3711.19745845,1704155949736,false,true
4000019710,66017.12,0.03355214,2215.01565264,1704155950058,false,true
4000019711,66021.23,0.09221348,6088.04737218,1704155950095,false,true
4000019712,66022.95,0.02842417,1876.64755470,1704155950267,false,true
4000019713,66023.24,0.06274536,4142.65196217,1704155950313,false,true
4000019714,66023.73,0.11210603,7401.65825609,1704155950388,false,true
4000019715,66024.40,0.04009510,2647.25492044,1704155950506,false,true
4000019716,66025.13,0.05718942,3775.93889012,1704155950805,true,true
4000019717,66024.26,0.28611676,18890.64735260,1704155950988,false,true
4000019718,66026.27,0.08632444,5699.68078304,1704155951023,false,true
4000019719,66026.98,0.06925908,4572.96788998,1704155951051,true,true
4000019720,66025.98,0.03526090,2328.13547818,1704155951087,false,true
4000019721,66023.82,0.11444085,7555.82208105,1704155951114,true,true
4000019722,66023.20,0.02039562,1346.58409838,1704155951207,true,true
4000019723,66022.67,0.22065097,14567.96617749,1704155951334,true,true
4000019724,66021.88,0.10672497,7046.18316234,1704155951632,false,true
4000019725,66021.82,0.02298591,1517.57161256,1704155951879,false,true
4000019726,66025.95,0.10271007,6781.52994632,1704155951879,true,true
4000019727,66024.84,0.04975049,3284.76814217,1704155952083,true,true
4000019728,66023.85,0.03863974,2551.14439780,1704155952143,false,true
4000019729,66024.40,0.07198249,4752.60071276,1704155952180,false,true
4000019730,66023.49,0.04512106,2979.04985370,1704155952291,true,true
4000019731,66024.64,0.14106510,9313.77244406,1704155952577,false,true
4000019732,66025.68,0.04834478,3191.99697395,1704155952713,false,true
4000019733,66023.84,0.02028368,1339.20644293,1704155952723,false,true
4000019734,66024.62,0.14577766,9624.91460599,1704155952894,true,true
4000019735,66023.49,0.08158469,5386.50596437,1704155952991,false,true
4000019736,66024.27,0.04372413,2886.85376464,1704155953159,false,true
4000019737,66026.63,0.09182781,6063.08083458,1704155953352,false,true
4000019738,66029.50,0.04551706,3005.46871327,1704155953521,true,true
4000019739,66029.79,0.04926336,3252.84931549,1704155953621,false,true
4000019740,66030.66,0.02388830,1577.36021528,1704155953814,false,true
4000019741,66032.89,0.08779947,5797.65274457,1704155953860,false,true
4000019742,66034.65,0.01423609,940.07522052,1704155954035,false,true
4000019743,66036.57,0.00988315,652.64932680,1704155954046,false,true
4000019744,66036.56,0.08178432,5400.75515474,1704155954164,false,true
4000019745,66033.88,0.04720502,3117.13062608,1704155954401,false,true
4000019746,66034.34,0.06057259,3999.87100274,1704155954507,false,true
4000019747,66035.83,0.06582497,4346.80652868,1704155954827,true,true
4000019748,66036.38,0.05228716,3452.85476688,1704155954852,false,true
4000019749,66036.99,0.06149617,4061.02196333,1704155954972,true,true
4000019750,66039.52,0.05502693,3633.95204427,1704155955144,false,true
4000019751,66037.44,0.17908791,11826.50711135,1704155955794,false,true
4000019752,66037.49,0.03112191,2055.21282041,1704155955948,true,true
4000019753,66038.18,0.04397812,2904.23500462,1704155955989,false,true
4000019754,66039.68,0.06956754,4594.21807999,1704155956107,true,true
4000019755,66039.76,0.02655172,1753.46921639,1704155956112,false,true
4000019756,66038.21,0.05017328,3313.35360103,1704155956857,true,true
4000019757,66038.28,0.03747946,2475.07907373,1704155957045,false,true
4000019758,66036.56,0.09685691,6396.09714863,1704155957074,false,true
4000019759,66036.87,0.05370138,3546.27104988,1704155957200,true,true
4000019760,66034.30,0.02414671,1594.51109215,1704155957346,true,true
4000019761,66033.06,0.03295607,2176.19014767,1704155957450,true,true
4000019762,66033.64,0.07068914,4667.86122267,1704155957494,false,true
4000019763,66034.48,0.12097347,7988.42018525,1704155957494,true,true
4000019764,66034.40,0.07898541,5215.75415810,1704155957711,false,true
4000019765,66034.83,0.03537811,2336.18747957,1704155957783,false,true
4000019766,66035.65,0.02436232,1608.78163671,1704155957940,true,true
4000019767,66036.31,0.04337530,2864.34475714,1704155958007,true,true
4000019768,66035.24,0.13267302,8761.09471722,1704155958130,true,true
4000019769,66035.72,0.04749909,3136.63660749,1704155958223,false,true
4000019770,66035.06,0.08089043,5341.60439848,1704155958294,true,true
4000019771,66034.07,0.03999906,2641.30072797,1704155958308,false,true
4000019772,66032.00,0.05803914,3832.44049248,1704155958495,true,true
4000019773,66033.22,0.01598209,1055.34886503,1704155958546,false,true
4000019774,66034.39,0.07831743,5171.64371642,1704155958582,false,true
4000019775,66034.02,0.02630086,1736.75151526,1704155958666,false,true
4000019776,66033.16,0.04352037,2873.78755547,1704155958685,true,true
4000019777,66034.38,0.07695940,5081.96626417,1704155958776,false,true
4000019778,66033.39,0.02575115,1700.43573090,1704155958921,true,true
4000019779,66033.51,0.05495545,3628.90125713,1704155959050,true,true
4000019780,66036.34,0.06950119,4589.60421324,1704155959139,true,true
4000019781,66037.30,0.01237559,817.25054951,1704155959245,false,true
4000019782,66038.97,0.20615148,13614.03140318,1704155959355,false,true
4000019783,66036.93,0.04651206,3071.51365038,1704155959482,true,true
4000019784,66034.32,0.04621262,3051.61893712,1704155959530,true,true
4000019785,66032.28,0.03945602,2605.37096033,1704155959628,true,true
4000019786,66030.36,0.04569084,3016.98261390,1704155959910,false,true
4000019787,66031.28,0.08426529,5564.14495827,1704155960274,true,true
4000019788,66032.08,0.02192802,1447.95277088,1704155960426,true,true
4000019789,66031.67,0.07620366,5031.85492991,1704155960602,false,true
4000019790,66034.31,0.07417256,4897.93382053,1704155960683,false,true
4000019791,66035.19,0.06034109,3984.63534296,1704155961047,true,true
4000019792,66033.14,0.01764000,1164.82458960,1704155961139,false,true
4000019793,66034.43,0.06529217,4311.53122941,1704155961168,false,true
4000019794,66037.52,0.05950527,3929.58045773,1704155961324,false,true
4000019795,66039.62,0.06649471,4391.28538041,1704155961417,false,true
4000019796,66039.27,0.05604087,3700.89814496,1704155961478,true,true
4000019797,66039.46,0.02798647,1848.21136611,1704155961610,true,true
4000019798,66039.87,0.02971768,1962.55172390,1704155961647,true,true
4000019799,66040.22,0.03436858,2269.70858429,1704155961871,true,true
4000019800,66040.11,0.05644224,3727.45173825,1704155962149,false,true
4000019801,66040.23,0.13636266,9005.42142981,1704155962206,false,true
4000019802,66041.43,0.07519987,4966.30695061,1704155962223,true,true
4000019803,66043.13,0.13154694,8687.77165952,1704155962332,true,true
4000019804,66041.95,0.03795690,2506.74769195,1704155962388,false,true
4000019805,66041.87,0.12570676,8301.90950204,1704155962442,true,true
4000019806,66041.66,0.03682185,2431.77609827,1704155962612,true,true
4000019807,66039.00,0.02901236,1915.94724204,1704155962689,false,true
4000019808,66038.07,0.03525009,2327.84791093,1704155962745,false,true
4000019809,66033.30,0.04687078,3095.03227697,1704155962937,true,true
4000019810,66030.74,0.06127428,4045.98605137,1704155963152,true,true
4000019811,66030.97,0.11772142,7773.25955238,1704155963292,true,true
4000019812,66031.77,0.04557271,3009.24670500,1704155963371,true,true
4000019813,66033.54,0.03859259,2548.40533547,1704155963669,false,true
4000019814,66034.39,0.05780481,3817.10536742,1704155963899,false,true
4000019815,66035.11,0.05307544,3504.84251870,1704155964072,true,true
4000019816,66035.67,0.01134214,748.98581413,1704155964258,false,true
4000019817,66037.24,0.02793202,1844.55350842,1704155964690,false,true
4000019818,66040.02,0.04323521,2855.25413310,1704155964695,false,true
4000019819,66040.67,0.02354959,1555.23070183,1704155964828,false,true
4000019820,66037.36,0.07001849,4623.83623079,1704155964951,false,true
4000019821,66040.85,0.19456891,12849.49619997,1704155964973,false,true
4000019822,66036.61,0.09551828,6307.70340423,1704155965006,false,true
4000019823,66039.40,0.02481951,1639.06554869,1704155965055,false,true
4000019824,66038.53,0.04356327,2876.85431279,1704155965418,false,true
4000019825,66037.66,0.07014709,4632.34967941,1704155965879,false,true
4000019826,66037.27,0.06819402,4503.34691113,1704155965906,true,true
4000019827,66037.93,0.08273941,5463.93936582,1704155966072,true,true
4000019828,66038.61,0.04780189,3156.77037097,1704155966179,true,true
4000019829,66038.44,0.07195767,4751.97227283,1704155966263,false,true
4000019830,66039.64,0.13926121,9196.76017436,1704155966806,false,true
4000019831,66039.28,0.04331881,2860.74302286,1704155966937,false,true
4000019832,66040.06,0.05457462,3604.11117928,1704155967071,true,true
4000019833,66041.81,0.11839173,7818.80413823,1704155967189,true,true
4000019834,66038.84,0.07770082,5131.27201985,1704155967403,false,true
4000019835,66037.59,0.11850181,7825.57394304,1704155967520,false,true
4000019836,66035.85,0.02101216,1387.55584594,1704155967605,false,true
4000019837,66036.41,0.11289693,7455.30795722,1704155967629,false,true
4000019838,66036.42,0.05070677,3348.49356056,1704155967726,false,true
4000019839,66036.08,0.06232264,4115.54284085,1704155967736,true,true
4000019840,66037.80,0.05699657,3763.92809035,1704155967865,true,true
4000019841,66039.80,0.11873260,7841.07715748,1704155967982,false,true
4000019842,66039.83,0.04444497,2935.13826316,1704155968055,true,true
4000019843,66038.11,0.04513459,2980.60301922,1704155968104,false,true
4000019844,66037.42,0.09944926,6567.37255131,1704155968157,true,true
4000019845,66037.61,0.06530513,4312.59470594,1704155968226,true,true
4000019846,66039.62,0.12357339,8160.73971771,1704155968355,false,true
4000019847,66041.41,0.02853520,1884.50484263,1704155968916,false,true
4000019848,66044.53,0.11041249,7292.14100818,1704155968925,true,true
4000019849,66044.35,0.15895323,10497.96275575,1704155968940,true,true
4000019850,66046.29,0.07029516,4642.73452296,1704155969243,false,true
4000019851,66046.34,0.03394845,2242.17087117,1704155969251,true,true
4000019852,66044.93,0.03417245,2256.91706818,1704155969259,true,true
4000019853,66045.56,0.07308015,4826.61943163,1704155969647,true,true
4000019854,66046.26,0.11290960,7457.25679810,1704155969731,true,true
4000019855,66047.50,0.09251022,6110.06875545,1704155970633,false,true
4000019856,66045.04,0.02931878,1936.35999785,1704155970659,false,true
4000019857,66045.27,0.04816787,3181.25997947,1704155970689,true,true
4000019858,66045.94,0.03432609,2267.09888057,1704155970783,true,true
4000019859,66044.81,0.04780623,3157.35337717,1704155970906,false,true
4000019860,66043.85,0.06729627,4444.50476144,1704155971039,true,true
4000019861,66043.02,0.06247437,4125.99606740,1704155971153,false,true
4000019862,66042.53,0.09478835,6260.06244853,1704155971255,false,true
4000019863,66043.10,0.05334999,3523.39872457,1704155971287,false,true
4000019864,66042.51,0.03797757,2508.13404650,1704155971352,false,true
4000019865,66042.09,0.01764260,1165.15417703,1704155971721,false,true
4000019866,66042.46,0.04964413,3278.62046976,1704155971737,false,true
4000019867,66041.06,0.07139761,4715.17384587,1704155971962,false,true
4000019868,66042.22,0.04304300,2842.65527546,1704155972018,false,true
4000019869,66041.79,0.06602789,4360.60004552,1704155972028,false,true
4000019870,66041.85,0.08086930,5340.75818021,1704155972109,false,true
4000019871,66043.73,0.02788370,1841.54355420,1704155972395,false,true
4000019872,66042.97,0.04233414,2795.87233800,1704155972400,false,true
4000019873,66042.01,0.04846229,3200.54704080,1704155972494,true,true
4000019874,66044.21,0.04580656,3025.25806802,1704155972596,true,true
4000019875,66044.17,0.06239240,4120.65427231,1704155972661,true,true
4000019876,66043.29,0.05958213,3934.99989041,1704155972893,true,true
4000019877,66043.97,0.03273834,2162.16994481,1704155972984,true,true
4000019878,66044.27,0.05237330,3458.95636599,1704155973002,false,true
4000019879,66044.00,0.02205905,1456.86789820,1704155973054,true,true
4000019880,66044.91,0.04544528,3001.42942752,1704155973068,true,true
4000019881,66043.40,0.11070487,7311.32601136,1704155973095,true,true
4000019882,66041.16,0.08566864,5657.65636122,1704155973251,false,true
4000019883,66044.62,0.03404575,2248.53862136,1704155973262,true,true
4000019884,66046.30,0.01675529,1106.62490993,1704155973306,true,true
4000019885,66045.89,0.14764062,9751.05614805,1704155973571,false,true
4000019886,66045.88,0.03926250,2593.12636350,1704155973605,false,true
4000019887,66045.70,0.04755226,3140.62229828,1704155973609,true,true
4000019888,66046.05,0.06585694,4349.59075209,1704155973657,false,true
4000019889,66045.75,0.10749418,7099.53373874,1704155973874,true,true
4000019890,66045.09,0.03057654,2019.43033619,1704155973920,false,true
4000019891,66046.34,0.02440341,1611.75591402,1704155973984,true,true
4000019892,66047.17,0.17690548,11684.10631149,1704155974032,false,true
4000019893,66047.98,0.05234519,3457.29406222,1704155974420,true,true
4000019894,66046.31,0.06177196,4079.81001947,1704155974506,true,true
4000019895,66044.99,0.02206813,1457.48942517,1704155974522,true,true
4000019896,66043.67,0.07531212,4973.88880028,1704155974565,true,true
4000019897,66042.68,0.04803551,3172.39381557,1704155974801,false,true
4000019898,66041.08,0.05110948,3375.32525744,1704155974821,true,true
4000019899,66040.44,0.09233961,6098.14847383,1704155975012,true,true
4000019900,66040.80,0.13937474,9204.41932939,1704155975093,false,true
4000019901,66041.99,0.02356494,1556.27553183,1704155975353,false,true
4000019902,66042.18,0.06045478,3992.56546262,1704155975361,true,true
4000019903,66042.51,0.13720813,9061.56929761,1704155975380,true,true
4000019904,66044.40,0.02568278,1696.20379543,1704155975550,false,true
4000019905,66045.88,0.02383424,1574.15335493,1704155975577,false,true
4000019906,66046.45,0.01535273,1013.99331431,1704155975667,false,true
4000019907,66047.55,0.05040088,3328.85464184,1704155975701,true,true
4000019908,66044.83,0.02414038,1594.34729324,1704155975772,true,true
4000019909,66043.08,0.03374299,2228.49098801,1704155975872,true,true
4000019910,66043.07,0.04472379,2953.69639364,1704155976036,true,true
4000019911,66042.17,0.09546586,6304.77255532,1704155976053,true,true
4000019912,66043.93,0.03294511,2175.82453868,1704155976053,true,true
4000019913,66043.11,0.04905308,3239.61795828,1704155976408,false,true
4000019914,66043.12,0.07637757,5044.21302082,1704155976514,true,true
4000019915,66043.61,0.05574472,3681.58254724,1704155976515,false,true
4000019916,66045.54,0.03760003,2483.31428537,1704155977187,false,true
4000019917,66045.07,0.07529957,4973.16537162,1704155977330,false,true
4000019918,66046.31,0.05146075,3398.79264733,1704155977435,false,true
4000019919,66047.05,0.02346933,1550.08001198,1704155977560,true,true
4000019920,66045.40,0.02686875,1774.55734125,1704155977622,true,true
4000019921,66045.31,0.08746377,5776.57180342,1704155977644,true,true
4000019922,66046.94,0.06769586,4471.10440367,1704155977645,true,true
4000019923,66046.65,0.03009035,1987.36681483,1704155977688,true,true
4000019924,66046.50,0.09455528,6245.04530052,1704155977770,false,true
4000019925,66045.58,0.04852243,3204.69203236,1704155977973,false,true
4000019926,66045.32,0.05443764,3595.35135384,1704155977987,true,true
4000019927,66045.74,0.04646551,3068.84899243,1704155978073,true,true
4000019928,66046.95,0.01680508,1109.92427851,1704155978826,false,true
4000019929,66046.45,0.02784917,1839.33881395,1704155978977,true,true
4000019930,66043.81,0.03742368,2471.60241142,1704155979015,false,true
4000019931,66045.14,0.01476634,975.24499259,1704155979055,false,true
4000019932,66044.98,0.01524293,1006.71900699,1704155979093,false,true
4000019933,66047.09,0.03349431,2212.20170706,1704155979182,true,true
4000019934,66048.94,0.02442139,1613.00692283,1704155979368,true,true
4000019935,66048.59,0.08564434,5656.68789848,1704155979431,true,true
4000019936,66047.99,0.04926288,3253.71420561,1704155979454,false,true
4000019937,66047.61,0.11568139,7640.47933098,1704155979485,false,true
4000019938,66048.25,0.04190170,2767.53395702,1704155979559,true,true
4000019939,66048.76,0.09180236,6063.43204307,1704155979615,true,true
4000019940,66048.64,0.04013786,2651.05106551,1704155979620,true,true
4000019941,66049.64,0.05832269,3852.19267833,1704155979775,false,true
4000019942,66046.94,0.03530449,2331.75353276,1704155979797,false,true
4000019943,66047.83,0.10878985,7185.33351853,1704155979818,false,true
4000019944,66044.81,0.02853931,1884.87330648,1704155980159,true,true
4000019945,66042.15,0.04577677,3023.19631086,1704155980440,true,true
4000019946,66040.57,0.18668607,12328.85447386,1704155980596,false,true
4000019947,66041.59,0.03049879,2014.18858468,1704155980616,false,true
4000019948,66043.47,0.03781907,2497.70261497,1704155980771,true,true
4000019949,66042.25,0.03484067,2300.95623831,1704155980887,true,true
4000019950,66042.34,0.05278352,3485.94717424,1704155980969,true,true
4000019951,66041.50,0.02833492,1871.28061918,1704155980981,true,true
4000019952,66039.71,0.04347067,2870.79044031,1704155981003,true,true
4000019953,66041.59,0.04147838,2739.29816582,1704155981066,false,true
4000019954,66042.93,0.04456386,2943.12788651,1704155981116,false,true
4000019955,66042.52,0.07730724,5105.56494384,1704155981181,true,true
4000019956,66044.36,0.03598152,2376.37646023,1704155981213,true,true
4000019957,66042.75,0.02942036,1943.00148039,1704155981225,false,true
4000019958,66045.42,0.03237169,2138.00186216,1704155981237,true,true
4000019959,66047.27,0.05490436,3626.28308910,1704155981248,false,true
4000019960,66048.53,0.02402117,1586.56296738,1704155981253,true,true
4000019961,66048.37,0.04601911,3039.48720435,1704155981338,false,true
4000019962,66047.75,0.03338723,2205.15142023,1704155981341,false,true
4000019963,66050.33,0.01285990,849.40063877,1704155981365,true,true
4000019964,66052.67,0.09150448,6044.11522096,1704155981372,false,true
4000019965,66052.42,0.08209957,5422.87527946,1704155981505,false,true
4000019966,66054.02,0.04228905,2793.36175448,1704155981540,true,true
4000019967,66055.53,0.06564018,4335.89687920,1704155981572,false,true
4000019968,66055.52,0.02605062,1720.78725042,1704155981941,false,true
4000019969,66054.80,0.02063286,1362.89944073,1704155982141,true,true
4000019970,66056.51,0.02973009,1963.86598739,1704155982320,true,true
4000019971,66059.56,0.05321288,3515.21943913,1704155982433,true,true
4000019972,66058.17,0.03162077,2088.81020019,1704155983179,false,true
4000019973,66060.19,0.15983698,10558.86126783,1704155983192,true,true
4000019974,66061.10,0.02980250,1968.78593275,1704155983274,true,true
4000019975,66063.42,0.04620909,3052.73052049,1704155983347,true,true
4000019976,66062.08,0.05065055,3346.08068614,1704155983573,true,true
4000019977,66062.00,0.03887484,2568.14968008,1704155983768,false,true
4000019978,66060.45,0.08139989,5377.31336335,1704155983874,true,true
4000019979,66060.43,0.09616658,6352.80562643,1704155983939,true,true
4000019980,66062.37,0.10284650,6794.28353620,1704155983939,true,true
4000019981,66061.89,0.02709405,1789.88415075,1704155984292,true,true
4000019982,66061.96,0.13788372,9108.86879529,1704155984298,true,true
4000019983,66062.18,0.01564946,1033.83744342,1704155984381,true,true
4000019984,66062.03,0.03039561,2007.99569969,1704155984679,false,true
4000019985,66061.20,0.04039694,2668.67033273,1704155984841,true,true
4000019986,66059.84,0.18869171,12464.94417193,1704155984906,false,true
4000019987,66058.43,0.05182468,3423.45699605,1704155985111,false,true
4000019988,66060.28,0.13503197,8920.24974715,1704155985170,true,true
4000019989,66060.73,0.02976103,1966.03536735,1704155985242,true,true
4000019990,66060.02,0.05048522,3335.05464290,1704155985250,true,true
4000019991,66059.61,0.22155462,14635.81179090,1704155985271,false,true
4000019992,66061.98,0.05012726,3311.50604757,1704155985395,true,true
4000019993,66061.03,0.06747326,4457.35305306,1704155985424,true,true
4000019994,66060.40,0.02268026,1498.26704770,1704155985516,false,true
4000019995,66059.64,0.04877620,3222.13821257,1704155985607,false,true
4000019996,66057.88,0.03851614,2544.29455418,1704155985754,true,true
4000019997,66060.19,0.04128708,2727.43234935,1704155985804,true,true
4000019998,66060.61,0.01700287,1123.21996395,1704155985829,false,true
4000019999,66059.77,0.57871271,38229.62851868,1704155985837,false,true
4000020000,66057.23,0.05658133,3737.60592952,1704155985887,false,true
